slako_comment=
Au xc=PW92 charge=0.0 conf:frauenheim r0=5.040
Thu Jul 31 16:28:57 2008 


Au_Au_table=
1.000000e+00 -2.664683e-01 -2.056242e-01 -1.501492e+00 -2.249525e-01 -4.078400e-01 -6.444323e-02 -2.115595e-01 -9.031202e-02 -8.920508e-02 -3.020224e-01 2.174856e-01 2.410630e-01 6.663454e-01 -8.222485e-03 7.543317e-02 6.639232e-01 8.596204e-01 1.208127e-01 2.673956e-01 8.082352e-01
1.285714e+00 2.957872e-01 5.015473e-01 -1.131719e+00 -1.771929e-02 -3.786904e-01 4.821350e-02 -1.682635e-01 -2.815830e-01 -1.468482e-01 -2.949247e-01 2.985754e-02 -5.726903e-03 5.432990e-01 -9.859833e-02 3.910080e-02 5.295681e-01 8.012056e-01 1.769290e-01 3.111632e-01 7.431829e-01
1.571429e+00 6.893780e-02 8.744061e-01 -7.944104e-01 3.184157e-01 -2.590458e-01 1.138877e-01 -1.208350e-01 -4.652432e-01 -1.547872e-01 -2.551206e-01 -3.280616e-02 -1.864094e-01 4.257148e-01 -1.968899e-01 -1.496494e-02 4.027452e-01 7.399430e-01 2.156872e-01 3.386583e-01 6.772949e-01
1.857143e+00 -2.307353e-01 9.001220e-01 -5.323249e-01 4.455250e-01 -1.126174e-01 6.634865e-02 -8.745289e-02 -4.556824e-01 -9.753574e-02 -1.889621e-01 -1.520207e-02 -2.853258e-01 3.228365e-01 -2.586848e-01 -7.443444e-02 2.944542e-01 6.794397e-01 2.153551e-01 3.507521e-01 6.129854e-01
2.142857e+00 -3.822889e-01 7.692759e-01 -3.492886e-01 4.019184e-01 2.365388e-03 -8.774311e-03 -7.204671e-02 -3.369162e-01 -4.338871e-02 -1.422694e-01 3.149771e-02 -3.191334e-01 2.389346e-01 -2.688134e-01 -1.263721e-01 1.990414e-01 6.214798e-01 1.787936e-01 3.567881e-01 5.562014e-01
2.428571e+00 -4.099658e-01 6.033287e-01 -2.274227e-01 2.921528e-01 7.313651e-02 -5.893311e-02 -6.786945e-02 -2.014194e-01 -1.984346e-02 -1.238635e-01 7.734671e-02 -3.102524e-01 1.734408e-01 -2.355193e-01 -1.634181e-01 1.073812e-01 5.663174e-01 1.215171e-01 3.643554e-01 5.097122e-01
2.714286e+00 -3.752956e-01 4.539665e-01 -1.480908e-01 1.789487e-01 1.081898e-01 -7.586884e-02 -6.807790e-02 -9.064894e-02 -2.247647e-02 -1.233921e-01 1.106806e-01 -2.786627e-01 1.240727e-01 -1.753615e-01 -1.839935e-01 1.465047e-02 5.131289e-01 5.904336e-02 3.757505e-01 4.723422e-01
3.000000e+00 -3.189100e-01 3.344089e-01 -9.666720e-02 8.607366e-02 1.193370e-01 -6.907562e-02 -6.861556e-02 -1.309804e-02 -3.879322e-02 -1.292122e-01 1.293378e-01 -2.374757e-01 8.760012e-02 -1.043769e-01 -1.894844e-01 -7.812073e-02 4.610675e-01 2.183437e-03 3.886907e-01 4.403745e-01
3.285714e+00 -2.606776e-01 2.435710e-01 -6.333451e-02 1.802078e-02 1.165312e-01 -4.974829e-02 -6.787415e-02 3.552867e-02 -5.883850e-02 -1.344238e-01 1.351475e-01 -1.949472e-01 6.120852e-02 -3.485768e-02 -1.834750e-01 -1.672915e-01 4.102716e-01 -4.320104e-02 4.000142e-01 4.108432e-01
3.571429e+00 -2.086457e-01 1.762432e-01 -4.161089e-02 -2.815225e-02 1.062789e-01 -2.600241e-02 -6.547954e-02 6.268450e-02 -7.683085e-02 -1.358891e-01 1.314840e-01 -1.554227e-01 4.232161e-02 2.542181e-02 -1.693043e-01 -2.472730e-01 3.607714e-01 -7.526133e-02 4.058707e-01 3.808727e-01
3.857143e+00 -1.647803e-01 1.269200e-01 -2.739520e-02 -5.691244e-02 9.278991e-02 -2.615031e-03 -6.167426e-02 7.496035e-02 -9.021340e-02 -1.330093e-01 1.213939e-01 -1.209699e-01 2.898214e-02 7.229753e-02 -1.503381e-01 -3.134232e-01 3.131510e-01 -9.447340e-02 4.039315e-01 3.492300e-01
4.142857e+00 -1.288281e-01 9.102272e-02 -1.805855e-02 -7.256057e-02 7.855615e-02 1.799684e-02 -5.687080e-02 7.747479e-02 -9.834736e-02 -1.263377e-01 1.075046e-01 -9.223060e-02 1.966748e-02 1.044809e-01 -1.292846e-01 -3.624470e-01 2.681517e-01 -1.026720e-01 3.931602e-01 3.156702e-01
4.428571e+00 -9.999001e-02 6.502263e-02 -1.190346e-02 -7.893952e-02 6.494497e-02 3.490612e-02 -5.147349e-02 7.409311e-02 -1.016203e-01 -1.168788e-01 9.215046e-02 -6.904833e-02 1.322201e-02 1.229814e-01 -1.081025e-01 -3.928848e-01 2.263522e-01 -1.024663e-01 3.737948e-01 2.806919e-01
4.714286e+00 -7.702052e-02 4.625095e-02 -7.840631e-03 -7.885600e-02 5.267722e-02 4.788402e-02 -4.582697e-02 6.735009e-02 -1.008101e-01 -1.056551e-01 7.671690e-02 -5.083759e-02 8.810205e-03 1.296881e-01 -8.819100e-02 -4.050246e-01 1.883493e-01 -9.627657e-02 3.470761e-01 2.452577e-01
5.000000e+00 -5.893530e-02 3.276394e-02 -5.157513e-03 -7.469303e-02 4.206031e-02 5.715738e-02 -4.018731e-02 5.909803e-02 -9.685460e-02 -9.362687e-02 6.232091e-02 -3.688240e-02 5.820935e-03 1.273959e-01 -7.039668e-02 -4.010002e-01 1.545095e-01 -8.648787e-02 3.150831e-01 2.106104e-01
5.285714e+00 -4.476378e-02 2.308034e-02 -3.383263e-03 -6.799677e-02 3.308096e-02 6.301957e-02 -3.475228e-02 5.039835e-02 -9.060749e-02 -8.143386e-02 4.947228e-02 -2.634960e-02 3.809970e-03 1.185852e-01 -5.501698e-02 -3.829266e-01 1.248872e-01 -7.480925e-02 2.795020e-01 1.775192e-01
5.571429e+00 -3.374962e-02 1.618426e-02 -2.213761e-03 -6.010090e-02 2.570430e-02 6.595255e-02 -2.965298e-02 4.203154e-02 -8.288298e-02 -6.969953e-02 3.846411e-02 -1.858820e-02 2.473927e-03 1.058917e-01 -4.222852e-02 -3.548060e-01 9.956739e-02 -6.274214e-02 2.428221e-01 1.470924e-01
5.857143e+00 -2.526037e-02 1.127767e-02 -1.442316e-03 -5.183015e-02 1.971379e-02 6.632795e-02 -2.496431e-02 3.437898e-02 -7.429721e-02 -5.872328e-02 2.934942e-02 -1.293404e-02 1.591196e-03 9.130475e-02 -3.182013e-02 -3.195820e-01 7.820674e-02 -5.120498e-02 2.065550e-01 1.197248e-01
6.142857e+00 -1.875483e-02 7.812417e-03 -9.361051e-04 -4.375927e-02 1.495160e-02 6.463221e-02 -2.075185e-02 2.763870e-02 -6.540453e-02 -4.877210e-02 2.199082e-02 -8.890200e-03 1.015181e-03 7.638144e-02 -2.359079e-02 -2.807117e-01 6.061031e-02 -4.078286e-02 1.722976e-01 9.582794e-02
6.428571e+00 -1.381658e-02 5.377724e-03 -6.045601e-04 -3.627498e-02 1.121236e-02 6.128140e-02 -1.702355e-02 2.188352e-02 -5.660191e-02 -3.995118e-02 1.620900e-02 -6.039014e-03 6.420574e-04 6.224619e-02 -1.721678e-02 -2.409467e-01 4.632462e-02 -3.178928e-02 1.410608e-01 7.546202e-02
6.714286e+00 -1.009435e-02 3.675986e-03 -3.884396e-04 -2.955934e-02 8.315581e-03 5.669778e-02 -1.378598e-02 1.707610e-02 -4.819357e-02 -3.228690e-02 1.176040e-02 -4.053795e-03 4.026663e-04 4.952848e-02 -1.237682e-02 -2.023697e-01 3.493438e-02 -2.428468e-02 1.134114e-01 5.848037e-02
7.000000e+00 -7.309247e-03 2.494131e-03 -2.480601e-04 -2.369441e-02 6.097410e-03 5.126421e-02 -1.101706e-02 1.313748e-02 -4.038527e-02 -2.574152e-02 8.401790e-03 -2.689924e-03 2.502654e-04 3.854797e-02 -8.767368e-03 -1.664718e-01 2.598519e-02 -1.820283e-02 8.957398e-02 4.460459e-02
7.285714e+00 -5.245353e-03 1.680073e-03 -1.575379e-04 -1.870722e-02 4.424805e-03 4.538478e-02 -8.690780e-03 9.974550e-03 -3.333020e-02 -2.026097e-02 5.916249e-03 -1.765852e-03 1.543409e-04 2.940599e-02 -6.128039e-03 -1.343625e-01 1.908789e-02 -1.340854e-02 6.958641e-02 3.351892e-02
7.571429e+00 -3.730383e-03 1.122912e-03 -9.938840e-05 -1.455670e-02 3.175933e-03 3.936878e-02 -6.764257e-03 7.476847e-03 -2.709344e-02 -1.574180e-02 4.109661e-03 -1.146864e-03 9.436499e-05 2.201987e-02 -4.226354e-03 -1.064906e-01 1.383975e-02 -9.717404e-03 5.319583e-02 2.482286e-02
7.857143e+00 -2.627043e-03 7.440294e-04 -6.225380e-05 -1.115931e-02 2.253273e-03 3.346917e-02 -5.193124e-03 5.530825e-03 -2.168845e-02 -1.206724e-02 2.815799e-03 -7.365007e-04 5.718209e-05 1.619372e-02 -2.875685e-03 -8.288327e-02 9.901608e-03 -6.929620e-03 4.001021e-02 1.811070e-02
8.142857e+00 -1.832666e-03 4.891891e-04 -3.874051e-05 -8.439752e-03 1.582482e-03 2.793253e-02 -3.936184e-03 4.042072e-03 -1.711160e-02 -9.135998e-03 1.905070e-03 -4.684210e-04 3.438269e-05 1.171697e-02 -1.933617e-03 -6.347009e-02 7.001006e-03 -4.870283e-03 2.965458e-02 1.303681e-02
8.428571e+00 -1.265883e-03 3.189586e-04 -2.393760e-05 -6.295677e-03 1.099542e-03 2.288794e-02 -2.943898e-03 2.917684e-03 -1.330411e-02 -6.828597e-03 1.272803e-03 -2.949520e-04 2.050828e-05 8.344721e-03 -1.284729e-03 -4.782577e-02 4.890277e-03 -3.374237e-03 2.165812e-02 9.257505e-03
8.714286e+00 -8.654433e-04 2.060557e-04 -1.467452e-05 -4.631190e-03 7.552299e-04 1.841386e-02 -2.172094e-03 2.079597e-03 -1.019109e-02 -5.036806e-03 8.399007e-04 -1.837625e-04 1.212411e-05 5.852134e-03 -8.430837e-04 -3.546222e-02 3.372740e-03 -2.304986e-03 1.558559e-02 6.483759e-03
9.000000e+00 -5.858107e-04 1.319115e-04 -8.919796e-06 -3.362056e-03 5.128408e-04 1.455673e-02 -1.580516e-03 1.464503e-03 -7.693752e-03 -3.667554e-03 5.478436e-04 -1.133459e-04 7.102427e-06 4.045820e-03 -5.467191e-04 -2.590068e-02 2.296981e-03 -1.554023e-03 1.106004e-02 4.482160e-03
9.285714e+00 -3.924981e-04 8.373531e-05 -5.384190e-06 -2.409212e-03 3.447453e-04 1.131814e-02 -1.135915e-03 1.019151e-03 -5.727684e-03 -2.637609e-03 3.532440e-04 -6.926751e-05 4.130397e-06 2.758631e-03 -3.507698e-04 -1.864670e-02 1.547250e-03 -1.034424e-03 7.744305e-03 3.059945e-03
9.571429e+00 -2.602265e-04 5.265468e-05 -3.222347e-06 -1.703623e-03 2.291280e-04 8.652784e-03 -8.054062e-04 7.006040e-04 -4.203162e-03 -1.872418e-03 2.251640e-04 -4.190944e-05 2.380842e-06 1.855455e-03 -2.224847e-04 -1.322952e-02 1.029591e-03 -6.798345e-04 5.349055e-03 2.062296e-03
9.857143e+00 -1.707113e-04 3.279731e-05 -1.912295e-06 -1.188930e-03 1.505868e-04 6.507090e-03 -5.635900e-04 4.757947e-04 -3.040931e-03 -1.312187e-03 1.419075e-04 -2.510660e-05 1.360590e-06 1.231525e-03 -1.395436e-04 -9.253193e-03 6.770283e-04 -4.412604e-04 3.645533e-03 1.372450e-03
1.014286e+01 -1.108100e-04 2.024315e-05 -1.125888e-06 -8.190418e-04 9.793114e-05 4.816491e-03 -3.894496e-04 3.192493e-04 -2.169664e-03 -9.080114e-04 8.843592e-05 -1.490062e-05 7.715058e-07 8.069251e-04 -8.660758e-05 -6.383114e-03 4.402740e-04 -2.829410e-04 2.452416e-03 9.021767e-04
1.042857e+01 -7.119227e-05 1.237097e-05 -6.564718e-07 -5.572788e-04 6.295281e-05 3.509962e-03 -2.654797e-04 2.117431e-04 -1.526776e-03 -6.204688e-04 5.454240e-05 -8.756802e-06 4.332519e-07 5.223375e-04 -5.315258e-05 -4.345088e-03 2.828447e-04 -1.793559e-04 1.629165e-03 5.859986e-04
1.071429e+01 -4.522211e-05 7.482381e-06 -3.793941e-07 -3.740603e-04 4.000442e-05 2.517102e-03 -1.786199e-04 1.386632e-04 -1.059143e-03 -4.183822e-04 3.324969e-05 -5.093116e-06 2.411955e-07 3.337274e-04 -3.225419e-05 -2.916101e-03 1.795636e-04 -1.122802e-04 1.067820e-03 3.757749e-04
1.100000e+01 -2.844052e-05 4.485710e-06 -2.173908e-07 -2.482577e-04 2.517121e-05 1.780168e-03 -1.187328e-04 8.984557e-05 -7.255262e-04 -2.789038e-04 2.007351e-05 -2.937661e-06 1.331956e-07 2.108683e-04 -1.938532e-05 -1.934013e-03 1.128229e-04 -6.955800e-05 6.920531e-04 2.384016e-04
1.128571e+01 -1.767107e-05 2.659461e-06 -1.232922e-07 -1.625522e-04 1.564435e-05 1.239189e-03 -7.783613e-05 5.747348e-05 -4.898394e-04 -1.834205e-04 1.197833e-05 -1.676029e-06 7.281913e-08 1.315161e-04 -1.151321e-05 -1.264827e-03 7.000081e-05 -4.255745e-05 4.425569e-04 1.493169e-04
1.157143e+01 -1.086314e-05 1.562108e-06 -6.938631e-08 -1.051690e-04 9.624411e-06 8.504815e-04 -5.043865e-05 3.635057e-05 -3.264276e-04 -1.191859e-04 7.074150e-06 -9.475539e-07 3.951001e-08 8.107828e-05 -6.770290e-06 -8.171075e-04 4.298407e-05 -2.575226e-05 2.797160e-04 9.247989e-05
1.185714e+01 -6.604161e-06 9.076635e-07 -3.861790e-08 -6.718917e-05 5.850110e-06 5.750689e-04 -3.223172e-05 2.271466e-05 -2.145113e-04 -7.644788e-05 4.132745e-06 -5.301636e-07 2.121363e-08 4.938495e-05 -3.935807e-06 -5.210466e-04 2.607033e-05 -1.540372e-05 1.745933e-04 5.659138e-05
1.214286e+01 -3.970801e-06 5.220569e-07 -2.128603e-08 -4.239669e-05 3.516596e-06 3.833018e-04 -2.033819e-05 1.402681e-05 -1.390863e-04 -4.842449e-05 2.388545e-06 -2.937552e-07 1.128436e-08 2.972754e-05 -2.263761e-06 -3.280857e-04 1.563420e-05 -9.109727e-06 1.076616e-04 3.422734e-05
1.242857e+01 -2.361007e-06 2.970339e-07 -1.162101e-08 -2.642079e-05 2.088983e-06 2.518352e-04 -1.266744e-05 8.559160e-06 -8.898204e-05 -3.028838e-05 1.365817e-06 -1.610511e-07 5.946928e-09 1.768498e-05 -1.287514e-06 -2.039736e-04 9.264331e-06 -5.326559e-06 6.558152e-05 2.045827e-05
1.271429e+01 -1.387224e-06 1.671718e-07 -6.276665e-09 -1.625429e-05 1.226711e-06 1.630615e-04 -7.787595e-06 5.158240e-06 -5.613724e-05 -1.869835e-05 7.721079e-07 -8.739337e-08 3.102470e-09 1.039165e-05 -7.241184e-07 -1.251703e-04 5.426092e-06 -3.077541e-06 3.944710e-05 1.207967e-05
1.300000e+01 -8.058486e-07 9.308423e-08 -3.357464e-09 -9.876159e-06 7.121215e-07 1.041045e-04 -4.727337e-06 3.071656e-06 -3.494755e-05 -1.139885e-05 4.317743e-07 -4.693913e-08 1.603561e-09 6.034719e-06 -4.028333e-07 -7.585396e-05 3.141568e-06 -1.757993e-06 2.344129e-05 7.049267e-06
1.328571e+01 -4.630322e-07 5.130224e-08 -1.776921e-09 -5.929712e-06 4.087724e-07 6.557173e-05 -2.833359e-06 1.808240e-06 -2.147848e-05 -6.865096e-06 2.389516e-07 -2.496844e-08 8.205090e-10 3.465298e-06 -2.217499e-07 -4.541805e-05 1.798270e-06 -9.933353e-07 1.376864e-05 4.067591e-06
1.357143e+01 -2.628530e-07 2.794796e-08 -9.303508e-10 -3.514175e-06 2.317738e-07 4.070640e-05 -1.675620e-06 1.051136e-06 -1.301814e-05 -4.080250e-06 1.307214e-07 -1.313342e-08 4.155253e-10 1.965331e-06 -1.206356e-07 -2.683965e-05 1.016717e-06 -5.545462e-07 7.984697e-06 2.318156e-06
1.385714e+01 -1.472890e-07 1.503543e-08 -4.812020e-10 -2.054833e-06 1.297363e-07 2.489398e-05 -9.770282e-07 6.030280e-07 -7.774318e-06 -2.391588e-06 7.064135e-08 -6.826666e-09 2.080102e-10 1.100063e-06 -6.480290e-08 -1.564814e-05 5.674684e-07 -3.056735e-07 4.569542e-06 1.304186e-06
1.414286e+01 -8.157419e-08 7.988450e-09 -2.452651e-10 -1.186216e-06 7.163691e-08 1.500728e-05 -5.610878e-07 3.416739e-07 -4.579414e-06 -1.383435e-06 3.775109e-08 -3.507127e-09 1.026972e-10 6.084338e-07 -3.437135e-08 -9.005834e-06 3.123900e-07 -1.665332e-07 2.582341e-06 7.247732e-07
1.442857e+01 -4.465787e-08 4.200038e-09 -1.241613e-10 -6.764046e-07 3.913831e-08 8.926799e-06 -3.187373e-07 1.912945e-07 -2.663012e-06 -7.904830e-07 1.995277e-08 -1.783262e-09 5.034729e-11 3.325884e-07 -1.804043e-08 -5.119834e-06 1.701810e-07 -8.969739e-08 1.442023e-06 3.981273e-07
1.471429e+01 -2.411599e-08 2.178233e-09 -6.183972e-11 -3.800986e-07 2.106789e-08 5.226390e-06 -1.781107e-07 1.055843e-07 -1.525089e-06 -4.450215e-07 1.040752e-08 -8.950410e-10 2.431258e-11 1.793054e-07 -9.338375e-09 -2.868182e-06 9.132854e-08 -4.765993e-08 7.937747e-07 2.156445e-07
1.500000e+01 -1.284817e-08 1.114582e-09 -3.040785e-11 -2.106606e-07 1.118467e-08 3.013951e-06 -9.807766e-08 5.748930e-08 -8.603920e-07 -2.469878e-07 5.359684e-09 -4.434617e-10 1.159303e-11 9.536131e-08 -4.768935e-09 -1.584689e-06 4.833832e-08 -2.499174e-08 4.310215e-07 1.152536e-07
