# merge_repulsion_parfile: repulsion added.


repulsion=
0.5 471.069
0.622449 221.362
0.744898 113.58
0.867347 61.2127
0.989796 34.648
1.11224 20.3814
1.23469 12.4462
1.35714 7.86256
1.47959 5.13144
1.60204 3.45499
1.72449 2.39863
1.84694 1.717
1.96939 1.26788
2.09184 0.96641
2.21429 0.760651
2.33673 0.618066
2.45918 0.517823
2.58163 0.446326
2.70408 0.394573
2.82653 0.356446
2.94898 0.328014
3.07143 0.305053
3.19388 0.283707
3.31633 0.263067
3.43878 0.243224
3.56122 0.224154
3.68367 0.205864
3.80612 0.188352
3.92857 0.171618
4.05102 0.155663
4.17347 0.140486
4.29592 0.126087
4.41837 0.112466
4.54082 0.0996241
4.66327 0.0875602
4.78571 0.0762747
4.90816 0.0657675
5.03061 0.0560386
5.15306 0.0470879
5.27551 0.0389157
5.39796 0.0315217
5.52041 0.024906
5.64286 0.0190687
5.76531 0.0140096
5.88776 0.00972892
6.0102 0.00622651
6.13265 0.00350241
6.2551 0.00155663
6.37755 0.000389157
6.5 -0.0

 
 
 
 
# This is file for Au-Au Slater-Koster tables.
# Generated by make_parfile.  
Au_Au_table= 
1.00000	-0.246311	-0.184371	-1.48186	-0.231168	-0.414717	0.206391E-01	-0.118437	-0.823482E-01	-0.664347E-01	-0.224693	0.217521	0.240569	0.666977	-0.793860E-02	0.758183E-01	0.663540	0.859861	0.121251	0.267660	0.808375	
1.22449	0.280075	0.385042	-1.19140	-0.982526E-01	-0.399623	0.981330E-01	-0.871602E-01	-0.220165	-0.108036	-0.223077	0.594575E-01	0.419712E-01	0.570269	-0.768171E-01	0.490268E-01	0.557959	0.814254	0.165798	0.303183	0.757157	
1.44898	0.206106	0.778460	-0.913253	0.188289	-0.325379	0.172928	-0.517386E-01	-0.403997	-0.134484	-0.209117	-0.186274E-01	-0.120109	0.475274	-0.157403	0.993268E-02	0.454460	0.766433	0.203809	0.329330	0.705654	
1.67347	-0.533815E-01	0.918105	-0.674470	0.382526	-0.212730	0.165655	-0.212697E-01	-0.475001	-0.105632	-0.164922	-0.319688E-01	-0.231566	0.387363	-0.224888	-0.362938E-01	0.361577	0.718222	0.220888	0.344432	0.653760	
1.89796	-0.267126	0.887037	-0.486758	0.436666	-0.101699	0.105066	-0.250586E-02	-0.435091	-0.532852E-01	-0.117105	-0.857254E-02	-0.294504	0.310007	-0.263517	-0.825991E-01	0.279928	0.671120	0.212432	0.351804	0.604225	
2.12245	-0.380776	0.775943	-0.346929	0.395282	-0.138408E-01	0.355806E-01	0.510366E-02	-0.338729	-0.878366E-02	-0.843111E-01	0.286335E-01	-0.318912	0.244493	-0.269870	-0.123202	0.205371	0.625764	0.182555	0.356396	0.559884	
2.34694	-0.415062	0.642773	-0.245859	0.311233	0.462354E-01	-0.184684E-01	0.525057E-02	-0.230872	0.160444E-01	-0.695226E-01	0.659320E-01	-0.316331	0.190556	-0.248617	-0.154706	0.133331	0.582103	0.139147	0.361862	0.521980	
2.57143	-0.400582	0.515891	-0.173919	0.218888	0.822071E-01	-0.509079E-01	0.160799E-02	-0.135097	0.223553E-01	-0.679336E-01	0.965036E-01	-0.296740	0.147068	-0.207711	-0.175906	0.610134E-01	0.539772	0.901347E-01	0.369680	0.490112	
2.79592	-0.362177	0.406317	-0.123062	0.135513	0.100090	-0.647530E-01	-0.326627E-02	-0.597273E-01	0.160651E-01	-0.733332E-01	0.118057	-0.267751	0.112556	-0.155470	-0.187138	-0.121508E-01	0.498394	0.418034E-01	0.379481	0.462852	
3.02041	-0.315079	0.316298	-0.871797E-01	0.675197E-01	0.105555	-0.655957E-01	-0.792491E-02	-0.509299E-02	0.316260E-02	-0.808882E-01	0.130656	-0.234708	0.855065E-01	-0.990923E-01	-0.189643	-0.849820E-01	0.457730	-0.160983E-02	0.389814	0.438426	
3.24490	-0.267806	0.244384	-0.618510E-01	0.156071E-01	0.103099	-0.588922E-01	-0.117039E-01	0.318231E-01	-0.117384E-01	-0.875497E-01	0.135490	-0.201134	0.645196E-01	-0.441263E-01	-0.185088	-0.155236	0.417727	-0.377160E-01	0.398816	0.415183	
3.46939	-0.224148	0.187824	-0.439405E-01	-0.218636E-01	0.959790E-01	-0.484763E-01	-0.144268E-01	0.548029E-01	-0.259049E-01	-0.919301E-01	0.134107	-0.169192	0.483768E-01	0.554336E-02	-0.175231	-0.220335	0.378508	-0.655518E-01	0.404757	0.391874	
3.69388	-0.185578	0.143775	-0.312504E-01	-0.472671E-01	0.864409E-01	-0.369140E-01	-0.161405E-01	0.673599E-01	-0.378210E-01	-0.935585E-01	0.128095	-0.140100	0.360550E-01	0.475259E-01	-0.161735	-0.277832	0.340321	-0.851625E-01	0.406291	0.367711	
3.91837	-0.152359	0.109684	-0.222414E-01	-0.630376E-01	0.759710E-01	-0.256742E-01	-0.170007E-01	0.724410E-01	-0.469052E-01	-0.925722E-01	0.118900	-0.114425	0.267153E-01	0.806652E-01	-0.146053	-0.325757	0.303482	-0.972445E-01	0.402598	0.342355	
4.14286	-0.124260	0.834216E-01	-0.158354E-01	-0.714621E-01	0.655163E-01	-0.156027E-01	-0.171889E-01	0.724153E-01	-0.530732E-01	-0.893666E-01	0.107761	-0.923108E-01	0.196825E-01	0.104771	-0.129385	-0.362781	0.268331	-0.102868	0.393391	0.315828	
4.36735	-0.100739	0.632615E-01	-0.112744E-01	-0.744114E-01	0.556417E-01	-0.695736E-02	-0.168760E-01	0.690509E-01	-0.566042E-01	-0.844715E-01	0.956772E-01	-0.736382E-01	0.144200E-01	0.120344	-0.112669	-0.388303	0.235185	-0.103259	0.378866	0.288425	
4.59184	-0.812180E-01	0.478350E-01	-0.802449E-02	-0.734483E-01	0.466567E-01	0.227861E-03	-0.162060E-01	0.636709E-01	-0.578948E-01	-0.784030E-01	0.834199E-01	-0.581346E-01	0.105062E-01	0.128346	-0.965968E-01	-0.402401	0.204314	-0.996606E-01	0.359596	0.260604	
4.81633	-0.651364E-01	0.360642E-01	-0.570760E-02	-0.698455E-01	0.386977E-01	0.606872E-02	-0.152974E-01	0.572417E-01	-0.574043E-01	-0.716379E-01	0.715550E-01	-0.454490E-01	0.761274E-02	0.130002	-0.816399E-01	-0.405743	0.175919	-0.932301E-01	0.336419	0.232898	
5.04082	-0.519795E-01	0.271095E-01	-0.405583E-02	-0.645994E-01	0.317928E-01	0.106982E-01	-0.142376E-01	0.504409E-01	-0.555421E-01	-0.645536E-01	0.604707E-01	-0.352049E-01	0.548615E-02	0.126636	-0.680885E-01	-0.399459	0.150124	-0.849840E-01	0.310321	0.205845	
5.26531	-0.412763E-01	0.203168E-01	-0.287857E-02	-0.584482E-01	0.258998E-01	0.142990E-01	-0.130933E-01	0.437186E-01	-0.526977E-01	-0.574600E-01	0.504054E-01	-0.270308E-01	0.393224E-02	0.119553	-0.560849E-01	-0.385002	0.126977	-0.757673E-01	0.282343	0.179933	
5.48980	-0.326185E-01	0.151792E-01	-0.204002E-02	-0.519405E-01	0.209383E-01	0.170206E-01	-0.119137E-01	0.373644E-01	-0.491925E-01	-0.505840E-01	0.414807E-01	-0.205802E-01	0.280331E-02	0.109947	-0.456596E-01	-0.364003	0.106453	-0.662484E-01	0.253491	0.155571	
5.71429	-0.256543E-01	0.113046E-01	-0.144326E-02	-0.454685E-01	0.168083E-01	0.189902E-01	-0.107356E-01	0.315487E-01	-0.452937E-01	-0.440879E-01	0.337275E-01	-0.155420E-01	0.198780E-02	0.988567E-01	-0.367617E-01	-0.338139	0.884681E-01	-0.569260E-01	0.224676	0.133063	
5.93878	-0.200832E-01	0.839158E-02	-0.101906E-02	-0.392941E-01	0.134047E-01	0.203000E-01	-0.958491E-02	0.263548E-01	-0.412021E-01	-0.380716E-01	0.271134E-01	-0.116453E-01	0.140202E-02	0.871341E-01	-0.292866E-01	-0.309032	0.728867E-01	-0.481495E-01	0.196673	0.112613	
6.16327	-0.156485E-01	0.620824E-02	-0.717974E-03	-0.335740E-01	0.106240E-01	0.210351E-01	-0.848106E-02	0.218038E-01	-0.370768E-01	-0.325932E-01	0.215622E-01	-0.865933E-02	0.983620E-03	0.754433E-01	-0.230968E-01	-0.278164	0.595368E-01	-0.401403E-01	0.170102	0.943220E-01	
6.38776	-0.121365E-01	0.457692E-02	-0.504625E-03	-0.283975E-01	0.836996E-02	0.212636E-01	-0.743822E-02	0.178799E-01	-0.330352E-01	-0.276759E-01	0.169717E-01	-0.639137E-02	0.686438E-03	0.642686E-01	-0.180394E-01	-0.246821	0.482217E-01	-0.330165E-01	0.145419	0.782037E-01	
6.61224	-0.936866E-02	0.336207E-02	-0.353744E-03	-0.237970E-01	0.655590E-02	0.210491E-01	-0.646619E-02	0.145417E-01	-0.291610E-01	-0.233168E-01	0.132272E-01	-0.468341E-02	0.476525E-03	0.539371E-01	-0.139583E-01	-0.216066	0.387315E-01	-0.268179E-01	0.122926	0.641993E-01	
6.83673	-0.719815E-02	0.246044E-02	-0.247274E-03	-0.197715E-01	0.510577E-02	0.204516E-01	-0.557155E-02	0.117352E-01	-0.255116E-01	-0.194953E-01	0.102115E-01	-0.340770E-02	0.329071E-03	0.446430E-01	-0.107036E-01	-0.186726	0.308530E-01	-0.215271E-01	0.102785	0.521936E-01	
7.06122	-0.550415E-02	0.179364E-02	-0.172325E-03	-0.162942E-01	0.395394E-02	0.195347E-01	-0.475805E-02	0.940019E-02	-0.221253E-01	-0.161791E-01	0.781171E-02	-0.246239E-02	0.226058E-03	0.364740E-01	-0.813651E-02	-0.159400	0.243773E-01	-0.170878E-01	0.850385E-01	0.420324E-01	
7.28571	-0.418846E-02	0.130228E-02	-0.119706E-03	-0.133249E-01	0.304466E-02	0.183626E-01	-0.402706E-02	0.747592E-02	-0.190247E-01	-0.133286E-01	0.592329E-02	-0.176729E-02	0.154485E-03	0.294377E-01	-0.613293E-02	-0.134481	0.191062E-01	-0.134201E-01	0.696362E-01	0.335364E-01	
7.51020	-0.317157E-02	0.941593E-03	-0.828713E-04	-0.108149E-01	0.233117E-02	0.170003E-01	-0.337783E-02	0.590403E-02	-0.162199E-01	-0.109004E-01	0.445314E-02	-0.125998E-02	0.105025E-03	0.234856E-01	-0.458485E-02	-0.112181	0.148561E-01	-0.104330E-01	0.564560E-01	0.265157E-01	
7.73469	-0.238951E-02	0.677869E-03	-0.571654E-04	-0.871355E-02	0.177465E-02	0.155107E-01	-0.280784E-02	0.463067E-02	-0.137113E-01	-0.884979E-02	0.332017E-02	-0.892433E-03	0.710301E-04	0.185318E-01	-0.340016E-02	-0.925623E-01	0.114609E-01	-0.803192E-02	0.453263E-01	0.207788E-01	
7.95918	-0.179106E-02	0.485836E-03	-0.392858E-04	-0.696976E-02	0.134314E-02	0.139535E-01	-0.231312E-02	0.360730E-02	-0.114923E-01	-0.713276E-02	0.245552E-02	-0.628033E-03	0.477908E-04	0.144700E-01	-0.250194E-02	-0.755719E-01	0.877315E-02	-0.612556E-02	0.360463E-01	0.161416E-01	
8.18367	-0.133547E-02	0.346603E-03	-0.268936E-04	-0.553493E-02	0.101057E-02	0.123826E-01	-0.188856E-02	0.279115E-02	-0.955052E-02	-0.570703E-02	0.180180E-02	-0.439161E-03	0.319891E-04	0.111851E-01	-0.182697E-02	-0.610714E-01	0.666429E-02	-0.462946E-02	0.284012E-01	0.124323E-01	
8.40816	-0.990443E-03	0.246097E-03	-0.183366E-04	-0.436403E-02	0.755775E-03	0.108440E-01	-0.152827E-02	0.214513E-02	-0.786911E-02	-0.453294E-02	0.131198E-02	-0.305162E-03	0.213018E-04	0.856250E-02	-0.132413E-02	-0.488639E-01	0.502400E-02	-0.346812E-02	0.221752E-01	0.949519E-02	
8.63265	-0.730558E-03	0.173880E-03	-0.124512E-04	-0.341621E-02	0.561768E-03	0.937518E-02	-0.122593E-02	0.163757E-02	-0.642839E-02	-0.357408E-02	0.948151E-03	-0.210733E-03	0.141122E-04	0.649378E-02	-0.952659E-03	-0.387192E-01	0.375907E-02	-0.257603E-02	0.171607E-01	0.719226E-02	
8.85714	-0.535870E-03	0.122233E-03	-0.841981E-05	-0.265503E-02	0.414953E-03	0.800451E-02	-0.974929E-03	0.124170E-02	-0.520660E-02	-0.279739E-02	0.680173E-03	-0.144627E-03	0.930128E-05	0.488042E-02	-0.680455E-03	-0.303914E-01	0.279177E-02	-0.189756E-02	0.131648E-01	0.540371E-02	
9.08163	-0.390836E-03	0.854781E-04	-0.567040E-05	-0.204851E-02	0.304550E-03	0.675167E-02	-0.768798E-03	0.935165E-03	-0.418111E-02	-0.217344E-02	0.484408E-03	-0.986514E-04	0.609918E-05	0.363577E-02	-0.482575E-03	-0.236349E-01	0.205819E-02	-0.138649E-02	0.100132E-01	0.402756E-02	
9.30612	-0.283405E-03	0.594524E-04	-0.380375E-05	-0.156893E-02	0.222060E-03	0.562808E-02	-0.601294E-03	0.699513E-03	-0.332913E-02	-0.167631E-02	0.342534E-03	-0.668815E-04	0.397927E-05	0.268545E-02	-0.339839E-03	-0.182146E-01	0.150638E-02	-0.100506E-02	0.755233E-02	0.297829E-02	
9.53061	-0.204270E-03	0.411197E-04	-0.254245E-05	-0.119248E-02	0.160831E-03	0.463797E-02	-0.466584E-03	0.519608E-03	-0.262842E-02	-0.128345E-02	0.240507E-03	-0.450677E-04	0.258330E-05	0.196694E-02	-0.237660E-03	-0.139132E-01	0.109462E-02	-0.722903E-03	0.564932E-02	0.218531E-02	
9.75510	-0.146291E-03	0.282772E-04	-0.169445E-05	-0.898923E-03	0.115703E-03	0.377962E-02	-0.359353E-03	0.383171E-03	-0.205794E-02	-0.975571E-03	0.167692E-03	-0.301851E-04	0.166897E-05	0.142883E-02	-0.165064E-03	-0.105352E-01	0.789802E-03	-0.515978E-03	0.419160E-02	0.159123E-02	
9.97959	-0.104061E-03	0.193343E-04	-0.112704E-05	-0.671756E-03	0.826966E-04	0.304681E-02	-0.274809E-03	0.280435E-03	-0.159808E-02	-0.736266E-03	0.116108E-03	-0.200955E-04	0.107331E-05	0.102948E-02	-0.113868E-03	-0.790924E-02	0.565913E-03	-0.365489E-03	0.308521E-02	0.114992E-02	
10.2041	-0.734982E-04	0.131456E-04	-0.749272E-06	-0.497486E-03	0.587459E-04	0.243044E-02	-0.208805E-03	0.203660E-03	-0.123101E-02	-0.551776E-03	0.798318E-04	-0.132988E-04	0.687335E-06	0.735739E-03	-0.780321E-04	-0.588795E-02	0.402735E-03	-0.256944E-03	0.225304E-02	0.824837E-03	
10.4286	-0.514992E-04	0.889190E-05	-0.498975E-06	-0.364668E-03	0.415157E-04	0.191933E-02	-0.157761E-03	0.146663E-03	-0.940908E-03	-0.410720E-03	0.545035E-04	-0.874954E-05	0.438549E-06	0.521548E-03	-0.531324E-04	-0.434700E-02	0.284709E-03	-0.179276E-03	0.163262E-02	0.587333E-03	
10.6531	-0.357771E-04	0.599071E-05	-0.333813E-06	-0.264422E-03	0.292424E-04	0.150097E-02	-0.118640E-03	0.104694E-03	-0.713778E-03	-0.303732E-03	0.369469E-04	-0.572438E-05	0.279010E-06	0.366709E-03	-0.359607E-04	-0.318326E-02	0.199984E-03	-0.124146E-03	0.117409E-02	0.415216E-03	
10.8776	-0.246369E-04	0.402725E-05	-0.225052E-06	-0.189677E-03	0.205816E-04	0.116285E-02	-0.889075E-04	0.740865E-04	-0.537650E-03	-0.223248E-03	0.248666E-04	-0.372590E-05	0.177195E-06	0.255753E-03	-0.242066E-04	-0.231243E-02	0.139615E-03	-0.853269E-04	0.838068E-03	0.291479E-03	
11.1020	-0.168078E-04	0.270923E-05	-0.153438E-06	-0.134549E-03	0.145290E-04	0.892976E-03	-0.664888E-04	0.519695E-04	-0.402456E-03	-0.163232E-03	0.166165E-04	-0.241437E-05	0.112494E-06	0.176947E-03	-0.162203E-04	-0.166664E-02	0.969126E-04	-0.582148E-04	0.593904E-03	0.203226E-03	
11.3265	-0.113614E-04	0.183204E-05	-0.106121E-06	-0.944489E-04	0.103403E-04	0.680129E-03	-0.497121E-04	0.361637E-04	-0.299746E-03	-0.118883E-03	0.110266E-04	-0.155927E-05	0.715168E-07	0.121494E-03	-0.108331E-04	-0.119201E-02	0.669229E-04	-0.394375E-04	0.417966E-03	0.140777E-03	
11.5510	-0.764045E-05	0.125256E-05	-0.745965E-07	-0.660460E-04	0.746382E-05	0.514340E-03	-0.372449E-04	0.250720E-04	-0.222506E-03	-0.863994E-04	0.727157E-05	-0.100519E-05	0.456169E-07	0.828649E-04	-0.722308E-05	-0.846236E-03	0.460066E-04	-0.265479E-04	0.292225E-03	0.969272E-04	
11.7755	-0.517538E-05	0.869553E-06	-0.532786E-07	-0.468578E-04	0.547917E-05	0.387331E-03	-0.280209E-04	0.175041E-04	-0.164804E-03	-0.627049E-04	0.477209E-05	-0.647996E-06	0.292507E-07	0.562393E-04	-0.481681E-05	-0.596563E-03	0.315143E-04	-0.177809E-04	0.203075E-03	0.663656E-04	
12.0000	-0.351293E-05	0.614403E-06	-0.385901E-07	-0.333816E-04	0.409073E-05	0.290716E-03	-0.212045E-04	0.122533E-04	-0.122070E-03	-0.455628E-04	0.312064E-05	-0.418580E-06	0.188896E-07	0.380342E-04	-0.321871E-05	-0.417813E-03	0.215343E-04	-0.118630E-04	0.140362E-03	0.452211E-04	

 
 
 
 

