slako_comment=
C xc=PW92 charge=0.0 conf:quadratic r0=2.701
Fri Aug  1 10:58:14 2008 


C_C_table=
1.000000e-03 0. 0. 0. 0. 0. -1.622947e+00 -1.622003e+00 0. 2.333184e-03 -2.603489e+00 0. 0. 0. 0. 0. 1.000485e+00 9.999014e-01 0. 2.479653e-04 1.000096e+00
1.334222e+00 0. 0. 0. 0. 0. 2.632307e-01 -5.919734e-01 0. -4.362893e-01 -6.581784e-01 0. 0. 0. 0. 0. -3.482152e-03 5.712468e-01 0. 4.432410e-01 6.679589e-01
2.667444e+00 0. 0. 0. 0. 0. 2.822309e-01 -1.273235e-01 0. -3.039406e-01 -2.934129e-01 0. 0. 0. 0. 0. -3.356972e-01 1.530350e-01 0. 3.268472e-01 2.781138e-01
4.000667e+00 0. 0. 0. 0. 0. 1.036894e-01 -2.318344e-02 0. -9.029225e-02 -7.140560e-02 0. 0. 0. 0. 0. -1.268594e-01 2.433383e-02 0. 9.054649e-02 6.131233e-02
5.333889e+00 0. 0. 0. 0. 0. 2.437526e-02 -3.171855e-03 0. -1.724029e-02 -1.144147e-02 0. 0. 0. 0. 0. -2.223509e-02 2.472405e-03 0. 1.344038e-02 7.861025e-03
6.667111e+00 0. 0. 0. 0. 0. 3.522362e-03 -2.956949e-04 0. -2.100739e-03 -1.203369e-03 0. 0. 0. 0. 0. -2.244823e-03 1.659498e-04 0. 1.200095e-03 6.261879e-04
8.000333e+00 0. 0. 0. 0. 0. 3.083178e-04 -1.799881e-05 0. -1.605591e-04 -8.152374e-05 0. 0. 0. 0. 0. -1.401373e-04 7.420529e-06 0. 6.762732e-05 3.203755e-05
9.333556e+00 0. 0. 0. 0. 0. 1.635564e-05 -6.994701e-07 0. -7.606958e-06 -3.499369e-06 0. 0. 0. 0. 0. -5.514949e-06 2.189227e-07 0. 2.433729e-06 1.059431e-06
1.066678e+01 0. 0. 0. 0. 0. 5.170225e-07 -1.665570e-08 0. -2.176019e-07 -9.230641e-08 0. 0. 0. 0. 0. -1.344857e-07 4.092887e-09 0. 5.476489e-08 2.210413e-08
1.200000e+01 0. 0. 0. 0. 0. 9.116393e-09 -2.214205e-10 0. -3.508473e-09 -1.389432e-09 0. 0. 0. 0. 0. -1.889545e-09 4.394841e-11 0. 7.154127e-10 2.696742e-10



