slako_comment=
C xc=PW92 charge=0.0 conf:quadratic r0=5.040
H xc=PW92 charge=0.0 conf:quadratic r0=5.040
Fri Aug  1 14:22:49 2008 


C_H_table=
1.000000e+00 0. 0. 0. 0. 0. 0. 0. 0. 0. 8.000872e-01 0. 0. 0. 0. 0. 0. 0. 0. 0. -8.123418e-01
1.736842e+00 0. 0. 0. 0. 0. 0. 0. 0. 0. 5.699162e-01 0. 0. 0. 0. 0. 0. 0. 0. 0. -6.117487e-01
2.473684e+00 0. 0. 0. 0. 0. 0. 0. 0. 0. 3.424653e-01 0. 0. 0. 0. 0. 0. 0. 0. 0. -3.967718e-01
3.210526e+00 0. 0. 0. 0. 0. 0. 0. 0. 0. 1.871355e-01 0. 0. 0. 0. 0. 0. 0. 0. 0. -2.282408e-01
3.947368e+00 0. 0. 0. 0. 0. 0. 0. 0. 0. 9.522704e-02 0. 0. 0. 0. 0. 0. 0. 0. 0. -1.184866e-01
4.684211e+00 0. 0. 0. 0. 0. 0. 0. 0. 0. 4.563060e-02 0. 0. 0. 0. 0. 0. 0. 0. 0. -5.627068e-02
5.421053e+00 0. 0. 0. 0. 0. 0. 0. 0. 0. 2.063164e-02 0. 0. 0. 0. 0. 0. 0. 0. 0. -2.458274e-02
6.157895e+00 0. 0. 0. 0. 0. 0. 0. 0. 0. 8.804362e-03 0. 0. 0. 0. 0. 0. 0. 0. 0. -9.927710e-03
6.894737e+00 0. 0. 0. 0. 0. 0. 0. 0. 0. 3.548243e-03 0. 0. 0. 0. 0. 0. 0. 0. 0. -3.729338e-03
7.631579e+00 0. 0. 0. 0. 0. 0. 0. 0. 0. 1.345771e-03 0. 0. 0. 0. 0. 0. 0. 0. 0. -1.302921e-03
8.368421e+00 0. 0. 0. 0. 0. 0. 0. 0. 0. 4.810484e-04 0. 0. 0. 0. 0. 0. 0. 0. 0. -4.258805e-04
9.105263e+00 0. 0. 0. 0. 0. 0. 0. 0. 0. 1.612629e-04 0. 0. 0. 0. 0. 0. 0. 0. 0. -1.299553e-04
9.842105e+00 0. 0. 0. 0. 0. 0. 0. 0. 0. 5.066047e-05 0. 0. 0. 0. 0. 0. 0. 0. 0. -3.709128e-05
1.057895e+01 0. 0. 0. 0. 0. 0. 0. 0. 0. 1.488084e-05 0. 0. 0. 0. 0. 0. 0. 0. 0. -9.917985e-06
1.131579e+01 0. 0. 0. 0. 0. 0. 0. 0. 0. 4.075830e-06 0. 0. 0. 0. 0. 0. 0. 0. 0. -2.475001e-06
1.205263e+01 0. 0. 0. 0. 0. 0. 0. 0. 0. 1.043403e-06 0. 0. 0. 0. 0. 0. 0. 0. 0. -5.791446e-07
1.278947e+01 0. 0. 0. 0. 0. 0. 0. 0. 0. 2.456970e-07 0. 0. 0. 0. 0. 0. 0. 0. 0. -1.252124e-07
1.352632e+01 0. 0. 0. 0. 0. 0. 0. 0. 0. 5.376193e-08 0. 0. 0. 0. 0. 0. 0. 0. 0. -2.519975e-08
1.426316e+01 0. 0. 0. 0. 0. 0. 0. 0. 0. 1.062945e-08 0. 0. 0. 0. 0. 0. 0. 0. 0. -4.605657e-09
1.500000e+01 0. 0. 0. 0. 0. 0. 0. 0. 0. 0. 0. 0. 0. 0. 0. 0. 0. 0. 0. 0.



H_C_table=
1.000000e+00 0. 0. 0. 0. 0. 0. 0. 0. 5.687937e-01 8.012811e-01 0. 0. 0. 0. 0. 0. 0. 0. -4.663363e-01 -8.123418e-01
1.736842e+00 0. 0. 0. 0. 0. 0. 0. 0. 4.752847e-01 5.702548e-01 0. 0. 0. 0. 0. 0. 0. 0. -5.219785e-01 -6.117487e-01
2.473684e+00 0. 0. 0. 0. 0. 0. 0. 0. 3.200254e-01 3.424890e-01 0. 0. 0. 0. 0. 0. 0. 0. -4.265484e-01 -3.967718e-01
3.210526e+00 0. 0. 0. 0. 0. 0. 0. 0. 1.939428e-01 1.870970e-01 0. 0. 0. 0. 0. 0. 0. 0. -2.897782e-01 -2.282408e-01
3.947368e+00 0. 0. 0. 0. 0. 0. 0. 0. 1.093002e-01 9.518803e-02 0. 0. 0. 0. 0. 0. 0. 0. -1.718032e-01 -1.184866e-01
4.684211e+00 0. 0. 0. 0. 0. 0. 0. 0. 5.807473e-02 4.561519e-02 0. 0. 0. 0. 0. 0. 0. 0. -9.133816e-02 -5.627068e-02
5.421053e+00 0. 0. 0. 0. 0. 0. 0. 0. 2.916154e-02 2.062564e-02 0. 0. 0. 0. 0. 0. 0. 0. -4.409052e-02 -2.458274e-02
6.157895e+00 0. 0. 0. 0. 0. 0. 0. 0. 1.382095e-02 8.800934e-03 0. 0. 0. 0. 0. 0. 0. 0. -1.949939e-02 -9.927710e-03
6.894737e+00 0. 0. 0. 0. 0. 0. 0. 0. 6.174459e-03 3.547395e-03 0. 0. 0. 0. 0. 0. 0. 0. -7.971319e-03 -3.729338e-03
7.631579e+00 0. 0. 0. 0. 0. 0. 0. 0. 2.587369e-03 1.345321e-03 0. 0. 0. 0. 0. 0. 0. 0. -3.015699e-03 -1.302921e-03
8.368421e+00 0. 0. 0. 0. 0. 0. 0. 0. 1.017299e-03 4.809872e-04 0. 0. 0. 0. 0. 0. 0. 0. -1.063279e-03 -4.258805e-04
9.105263e+00 0. 0. 0. 0. 0. 0. 0. 0. 3.732937e-04 1.612688e-04 0. 0. 0. 0. 0. 0. 0. 0. -3.487830e-04 -1.299553e-04
9.842105e+00 0. 0. 0. 0. 0. 0. 0. 0. 1.276278e-04 5.066271e-05 0. 0. 0. 0. 0. 0. 0. 0. -1.066839e-04 -3.709128e-05
1.057895e+01 0. 0. 0. 0. 0. 0. 0. 0. 4.067963e-05 1.492262e-05 0. 0. 0. 0. 0. 0. 0. 0. -3.048969e-05 -9.917985e-06
1.131579e+01 0. 0. 0. 0. 0. 0. 0. 0. 1.203531e-05 4.099708e-06 0. 0. 0. 0. 0. 0. 0. 0. -8.111511e-06 -2.475001e-06
1.205263e+01 0. 0. 0. 0. 0. 0. 0. 0. 3.316404e-06 1.054334e-06 0. 0. 0. 0. 0. 0. 0. 0. -2.018756e-06 -5.791446e-07
1.278947e+01 0. 0. 0. 0. 0. 0. 0. 0. 8.383296e-07 2.501381e-07 0. 0. 0. 0. 0. 0. 0. 0. -4.633643e-07 -1.252124e-07
1.352632e+01 0. 0. 0. 0. 0. 0. 0. 0. 1.960452e-07 5.508686e-08 0. 0. 0. 0. 0. 0. 0. 0. -9.875526e-08 -2.519975e-08
1.426316e+01 0. 0. 0. 0. 0. 0. 0. 0. 4.136182e-08 1.099398e-08 0. 0. 0. 0. 0. 0. 0. 0. -1.908043e-08 -4.605657e-09
1.500000e+01 0. 0. 0. 0. 0. 0. 0. 0. 0. 0. 0. 0. 0. 0. 0. 0. 0. 0. 0. 0.



