slako_comment=
O xc=PW92 charge=0.0 conf:quadratic r0=2.553
H xc=PW92 charge=0.0 conf:quadratic r0=1.304
Fri Aug  1 11:00:43 2008 


O_H_table=
1.000000e-03 0. 0. 0. 0. 0. 0. 0. 0. 0. 9.442532e-01 0. 0. 0. 0. 0. 0. 0. 0. 0. -8.971643e-01
1.334222e+00 0. 0. 0. 0. 0. 0. 0. 0. 0. 7.420437e-01 0. 0. 0. 0. 0. 0. 0. 0. 0. -5.395586e-01
2.667444e+00 0. 0. 0. 0. 0. 0. 0. 0. 0. 1.604160e-01 0. 0. 0. 0. 0. 0. 0. 0. 0. -1.140975e-01
4.000667e+00 0. 0. 0. 0. 0. 0. 0. 0. 0. 2.020490e-02 0. 0. 0. 0. 0. 0. 0. 0. 0. -1.111735e-02
5.333889e+00 0. 0. 0. 0. 0. 0. 0. 0. 0. 1.500744e-03 0. 0. 0. 0. 0. 0. 0. 0. 0. -5.868647e-04
6.667111e+00 0. 0. 0. 0. 0. 0. 0. 0. 0. 6.280550e-05 0. 0. 0. 0. 0. 0. 0. 0. 0. -1.753719e-05
8.000333e+00 0. 0. 0. 0. 0. 0. 0. 0. 0. 1.435125e-06 0. 0. 0. 0. 0. 0. 0. 0. 0. -2.898476e-07
9.333556e+00 0. 0. 0. 0. 0. 0. 0. 0. 0. 1.655693e-08 0. 0. 0. 0. 0. 0. 0. 0. 0. -2.302371e-09
1.066678e+01 0. 0. 0. 0. 0. 0. 0. 0. 0. 7.033485e-11 0. 0. 0. 0. 0. 0. 0. 0. 0. -6.280453e-12
1.200000e+01 0. 0. 0. 0. 0. 0. 0. 0. 0. 7.443270e-14 0. 0. 0. 0. 0. 0. 0. 0. 0. -4.286930e-15



H_O_table=
1.000000e-03 0. 0. 0. 0. 0. 0. 0. 0. 2.217579e-03 9.427273e-01 0. 0. 0. 0. 0. 0. 0. 0. -9.119291e-04 -8.971643e-01
1.334222e+00 0. 0. 0. 0. 0. 0. 0. 0. 6.063872e-01 7.422546e-01 0. 0. 0. 0. 0. 0. 0. 0. -5.408789e-01 -5.395586e-01
2.667444e+00 0. 0. 0. 0. 0. 0. 0. 0. 1.823456e-01 1.604530e-01 0. 0. 0. 0. 0. 0. 0. 0. -1.784883e-01 -1.140975e-01
4.000667e+00 0. 0. 0. 0. 0. 0. 0. 0. 3.321385e-02 2.021308e-02 0. 0. 0. 0. 0. 0. 0. 0. -2.307898e-02 -1.111735e-02
5.333889e+00 0. 0. 0. 0. 0. 0. 0. 0. 3.361993e-03 1.501498e-03 0. 0. 0. 0. 0. 0. 0. 0. -1.538195e-03 -5.868647e-04
6.667111e+00 0. 0. 0. 0. 0. 0. 0. 0. 1.790438e-04 6.274555e-05 0. 0. 0. 0. 0. 0. 0. 0. -5.586531e-05 -1.753719e-05
8.000333e+00 0. 0. 0. 0. 0. 0. 0. 0. 4.746296e-06 1.385289e-06 0. 0. 0. 0. 0. 0. 0. 0. -1.082554e-06 -2.898476e-07
9.333556e+00 0. 0. 0. 0. 0. 0. 0. 0. 5.225145e-08 1.353704e-08 0. 0. 0. 0. 0. 0. 0. 0. -9.620981e-09 -2.302371e-09
1.066678e+01 0. 0. 0. 0. 0. 0. 0. 0. 1.704114e-10 4.144383e-11 0. 0. 0. 0. 0. 0. 0. 0. -2.793262e-11 -6.280453e-12
1.200000e+01 0. 0. 0. 0. 0. 0. 0. 0. 1.276853e-13 3.005401e-14 0. 0. 0. 0. 0. 0. 0. 0. -1.969288e-14 -4.286930e-15



