repulsion_comment=
test parameters 23.6 2008


slako_comment=
test parameters 23.6 2008


# O O repulsion (ok dimer, smooth derivative)
# 110
repulsion=
      0.000000000000     22.201021278520
      0.169515670404     15.767957649200
      0.339031340808     11.198966268615
      0.508547011213      7.953905526373
      0.678062681617      5.649147573536
      0.847578352021      4.012226220412
      1.017094022425      2.849626254972
      1.186609692830      2.023906267227
      1.356125363234      1.437450462627
      1.525641033638      1.020928620047
      1.625641035128      0.833986086988
      1.646594155985      0.799703540041
      1.667547276843      0.766072396721
      1.688500397700      0.733368738662
      1.709453518557      0.701590745814
      1.730406639415      0.670735867215
      1.751359760272      0.640800820985
      1.772312881129      0.611781594332
      1.793266001987      0.583673443549
      1.814219122844      0.556470894014
      1.835172243701      0.530167740191
      1.856125364558      0.504757045629
      1.877078485416      0.480231142962
      1.898031606273      0.456581633910
      1.918984727130      0.433799389278
      1.939937847988      0.411874548956
      1.960890968845      0.390796521923
      1.981844089702      0.370553986237
      2.002797210559      0.351134889047
      2.023750331417      0.332526446586
      2.044703452274      0.314715144170
      2.065656573131      0.297686736203
      2.086609693989      0.281426246173
      2.107562814846      0.265917966656
      2.128515935703      0.251145459309
      2.149469056560      0.237091554879
      2.170422177418      0.223738353195
      2.191375298275      0.211067223174
      2.212328419132      0.199058802816
      2.233281539990      0.187692999208
      2.254234660847      0.176948988522
      2.275187781704      0.166805216016
      2.296140902562      0.157239396032
      2.317094023419      0.148228511998
      2.338047144276      0.139748816429
      2.359000265133      0.131765551314
      2.379953385991      0.124239029154
      2.400906506848      0.117145401666
      2.421859627705      0.110461819421
      2.442812748563      0.104166296519
      2.463765869420      0.098237710585
      2.484718990277      0.092655802777
      2.505672111134      0.087401177778
      2.526625231992      0.082455303801
      2.547578352849      0.077800512587
      2.568531473706      0.073419999405
      2.589484594564      0.069297823053
      2.610437715421      0.065417386777
      2.631390836278      0.061754878005
      2.652343957135      0.058295053613
      2.673297077993      0.055024976774
      2.694250198850      0.051932347993
      2.715203319707      0.049005505104
      2.736156440565      0.046233423273
      2.757109561422      0.043605714992
      2.778062682279      0.041112630089
      2.799015803136      0.038745055717
      2.819968923994      0.036494516363
      2.840922044851      0.034353173842
      2.861875165708      0.032313827300
      2.882828286566      0.030369913213
      2.903781407423      0.028515505387
      2.924734528280      0.026745314960
      2.945687649138      0.025054690397
      2.966640769995      0.023439617495
      2.987593890852      0.021896719382
      3.008547011709      0.020423255901
      3.029500132567      0.019017033066
      3.050453253424      0.017676054527
      3.071406374281      0.016398376232
      3.092359495139      0.015182103209
      3.113312615996      0.014025389572
      3.134265736853      0.012926438514
      3.155218857710      0.011883502311
      3.176171978568      0.010894882323
      3.197125099425      0.009958928989
      3.218078220282      0.009074041833
      3.239031341140      0.008238669459
      3.259984461997      0.007451309555
      3.280937582854      0.006710508890
      3.301890703711      0.006014863315
      3.322843824569      0.005363017763
      3.343796945426      0.004753666251
      3.364750066283      0.004185551875
      3.385703187141      0.003657466817
      3.406656307998      0.003168290722
      3.427609428855      0.002717495019
      3.448562549713      0.002304235943
      3.469515670570      0.001927552191
      3.490468791427      0.001586559300
      3.511421912284      0.001280449653
      3.532375033142      0.001008492475
      3.553328153999      0.000770033834
      3.574281274856      0.000564496644
      3.595234395714      0.000391380661
      3.616187516571      0.000250262484
      3.637140637428      0.000140795556
      3.658093758285      0.000062710165
      3.679046879143      0.000015813440
      3.700000000000      0.000000000000


# O O  Slater-Koster tables
#         401
O_O_table=
    0.0000000001E+00   0 0 0 0 0   -0.3155938253E+01    -0.3156921301E+01     0     0.7408369552E-03    -0.4580856481E+01   0 0 0 0 0    0.1000000012E+01     0.9999999180E+00     0    -0.2212247391E-05     0.9999995317E+00
    0.3999999911E-01   0 0 0 0 0   -0.3128691970E+01    -0.3147486815E+01     0     0.2111395212E+00    -0.4455851566E+01   0 0 0 0 0    0.9970771803E+00     0.9990249346E+00     0     0.1321949079E-01     0.9982039073E+00
    0.7999999821E-01   0 0 0 0 0   -0.3047192536E+01    -0.3119810629E+01     0     0.3894706373E+00    -0.4154286763E+01   0 0 0 0 0    0.9883742027E+00     0.9961131171E+00     0     0.2685764266E-01     0.9930359257E+00
    0.1199999973E+00   0 0 0 0 0   -0.2919702525E+01    -0.3075511631E+01     0     0.5205485189E+00    -0.3778088437E+01   0 0 0 0 0    0.9740792614E+00     0.9913027255E+00     0     0.4125998372E-01     0.9850210009E+00
    0.1599999964E+00   0 0 0 0 0   -0.2755280342E+01    -0.3016678639E+01     0     0.6007048468E+00    -0.3389921304E+01   0 0 0 0 0    0.9544860120E+00     0.9846544315E+00     0     0.5667284956E-01     0.9747927810E+00
    0.1999999955E+00   0 0 0 0 0   -0.2563155646E+01    -0.2945573738E+01     0     0.6327878750E+00    -0.3024660776E+01   0 0 0 0 0    0.9299716405E+00     0.9762478296E+00     0     0.7323449182E-01     0.9629718320E+00
    0.2399999946E+00   0 0 0 0 0   -0.2351945566E+01    -0.2864445923E+01     0     0.6229159958E+00    -0.2699636990E+01   0 0 0 0 0    0.9009745793E+00     0.9661777217E+00     0     0.9098335948E-01     0.9501043228E+00
    0.2799999937E+00   0 0 0 0 0   -0.2129260456E+01    -0.2775421121E+01     0     0.5785262780E+00    -0.2421426609E+01   0 0 0 0 0    0.8679738108E+00     0.9545504989E+00     0     0.1098733850E+00     0.9366369238E+00
    0.3199999928E+00   0 0 0 0 0   -0.1901554458E+01    -0.2680441979E+01     0     0.5072272562E+00    -0.2190249519E+01   0 0 0 0 0    0.8314707270E+00     0.9414808047E+00     0     0.1297917031E+00     0.9229126623E+00
    0.3599999920E+00   0 0 0 0 0   -0.1674120711E+01    -0.2581239959E+01     0     0.4161550979E+00    -0.2002787878E+01   0 0 0 0 0    0.7919738924E+00     0.9270885656E+00     0     0.1505762011E+00     0.9091781840E+00
    0.3999999911E+00   0 0 0 0 0   -0.1451167582E+01    -0.2479328159E+01     0     0.3116472398E+00    -0.1853971658E+01   0 0 0 0 0    0.7499866926E+00     0.9114964269E+00     0     0.1720315108E+00     0.8955965257E+00
    0.4399999902E+00   0 0 0 0 0   -0.1235934902E+01    -0.2376007055E+01     0     0.1991147570E+00    -0.1738084403E+01   0 0 0 0 0    0.7059976582E+00     0.8948275861E+00     0     0.1939427988E+00     0.8822618500E+00
    0.4799999893E+00   0 0 0 0 0   -0.1030824189E+01    -0.2272377772E+01     0     0.8303445481E-01    -0.1649422139E+01   0 0 0 0 0    0.6604731531E+00     0.8772040057E+00     0     0.2160871685E+00     0.8692140790E+00
    0.5199999884E+00   0 0 0 0 0   -0.8375275558E+00    -0.2169359274E+01     0    -0.3299255953E-01    -0.1582662083E+01   0 0 0 0 0    0.6138520935E+00     0.8587449678E+00     0     0.2382427505E+00     0.8564523224E+00
    0.5599999875E+00   0 0 0 0 0   -0.6571474690E+00    -0.2067707089E+01     0    -0.1461503522E+00    -0.1533047117E+01   0 0 0 0 0    0.5665423698E+00     0.8395659337E+00     0     0.2601956945E+00     0.8439465850E+00
    0.5999999866E+00   0 0 0 0 0   -0.4903041651E+00    -0.1968032138E+01     0    -0.2543064573E+00    -0.1496456626E+01   0 0 0 0 0    0.5189186698E+00     0.8197776696E+00     0     0.2817453333E+00     0.8316475949E+00
    0.6399999857E+00   0 0 0 0 0   -0.3372300172E+00    -0.1870818794E+01     0    -0.3559104602E+00    -0.1469409571E+01   0 0 0 0 0    0.4713214373E+00     0.7994856010E+00     0     0.3027077980E+00     0.8194947967E+00
    0.6799999848E+00   0 0 0 0 0   -0.1978512831E+00    -0.1776441757E+01     0    -0.4498986909E+00    -0.1449028968E+01   0 0 0 0 0    0.4240567336E+00     0.7787893611E+00     0     0.3229183501E+00     0.8074226590E+00
    0.7199999839E+00   0 0 0 0 0   -0.7185810569E-01    -0.1685181505E+01     0    -0.5356076926E+00    -0.1432986118E+01   0 0 0 0 0    0.3773968014E+00     0.7577825021E+00     0     0.3422326718E+00     0.7953654960E+00
    0.7599999830E+00   0 0 0 0 0    0.4123620916E-01    -0.1597238269E+01     0    -0.6126974508E+00    -0.1419435994E+01   0 0 0 0 0    0.3315811613E+00     0.7365523431E+00     0     0.3605273273E+00     0.7832610155E+00
    0.7999999821E+00   0 0 0 0 0    0.1420455853E+00    -0.1512744530E+01     0    -0.6810844695E+00    -0.1406950802E+01   0 0 0 0 0    0.2868180983E+00     0.7151799274E+00     0     0.3776995796E+00     0.7710528041E+00
    0.8399999812E+00   0 0 0 0 0    0.2312701911E+00    -0.1431776101E+01     0    -0.7408843031E+00    -0.1394455938E+01   0 0 0 0 0    0.2432864186E+00     0.6937400706E+00     0     0.3936667213E+00     0.7586919432E+00
    0.8799999803E+00   0 0 0 0 0    0.3096630585E+00    -0.1354361868E+01     0    -0.7923628875E+00    -0.1381170724E+01   0 0 0 0 0    0.2011373804E+00     0.6723014795E+00     0     0.4083650490E+00     0.7461379293E+00
    0.9199999794E+00   0 0 0 0 0    0.3780033300E+00    -0.1280492301E+01     0    -0.8358958775E+00    -0.1366555155E+01   0 0 0 0 0    0.1604967197E+00     0.6509269260E+00     0     0.4217485930E+00     0.7333590530E+00
    0.9599999785E+00   0 0 0 0 0    0.4370752124E+00    -0.1210126824E+01     0    -0.8719351355E+00    -0.1350263093E+01   0 0 0 0 0    0.1214667094E+00     0.6296734629E+00     0     0.4337876904E+00     0.7203323638E+00
    0.9999999776E+00   0 0 0 0 0    0.4876517851E+00    -0.1143200161E+01     0    -0.9009815060E+00    -0.1332101887E+01   0 0 0 0 0    0.8412820356E-01     0.6085926707E+00     0     0.4444674730E+00     0.7070433322E+00
    0.1039999977E+01   0 0 0 0 0    0.5304828828E+00    -0.1079627757E+01     0    -0.9235630387E+00    -0.1311998076E+01   0 0 0 0 0    0.4854263039E-01     0.5877309239E+00     0     0.4537863258E+00     0.6934852975E+00
    0.1079999976E+01   0 0 0 0 0    0.5662863572E+00    -0.1019310384E+01     0    -0.9402178693E+00    -0.1289968679E+01   0 0 0 0 0    0.1475390824E-01     0.5671296723E+00     0     0.4617543595E+00     0.6796587736E+00
    0.1119999975E+01   0 0 0 0 0    0.5957420986E+00    -0.9621380149E+00     0    -0.9514810324E+00    -0.1266097478E+01   0 0 0 0 0   -0.1720973450E-01     0.5468257269E+00     0     0.4683919286E+00     0.6655706719E+00
    0.1159999974E+01   0 0 0 0 0    0.6194882835E+00    -0.9079930648E+00     0    -0.9578745534E+00    -0.1240515684E+01   0 0 0 0 0   -0.4733404685E-01     0.5268515493E+00     0     0.4737282193E+00     0.6512334845E+00
    0.1199999973E+01   0 0 0 0 0    0.6381193850E+00    -0.8567530797E+00     0    -0.9599002404E+00    -0.1213386390E+01   0 0 0 0 0   -0.7561715692E-01     0.5072355372E+00     0     0.4777999205E+00     0.6366644637E+00
    0.1239999972E+01   0 0 0 0 0    0.6521855579E+00    -0.8082929441E+00     0    -0.9580346708E+00    -0.1184892235E+01   0 0 0 0 0   -0.1020680903E+00     0.4880023048E+00     0     0.4806499914E+00     0.6218848214E+00
    0.1279999971E+01   0 0 0 0 0    0.6621930695E+00    -0.7624866778E+00     0    -0.9527259407E+00    -0.1155225791E+01   0 0 0 0 0   -0.1267054048E+00     0.4691729552E+00     0     0.4823265268E+00     0.6069189675E+00
    0.1319999970E+01   0 0 0 0 0    0.6686055073E+00    -0.7192088799E+00     0    -0.9443918052E+00    -0.1124582181E+01   0 0 0 0 0   -0.1495559386E+00     0.4507653428E+00     0     0.4828817248E+00     0.5917937990E+00
    0.1359999970E+01   0 0 0 0 0    0.6718455414E+00    -0.6783358740E+00     0    -0.9334189035E+00    -0.1093153558E+01   0 0 0 0 0   -0.1706536677E+00     0.4327943243E+00     0     0.4823709550E+00     0.5765380480E+00
    0.1399999969E+01   0 0 0 0 0    0.6722970646E+00    -0.6397466016E+00     0    -0.9201628089E+00    -0.1061125072E+01   0 0 0 0 0   -0.1900386670E+00     0.4152719984E+00     0     0.4808519232E+00     0.5611816921E+00
    0.1439999968E+01   0 0 0 0 0    0.6703075679E+00    -0.6033233024E+00     0    -0.9049486939E+00    -0.1028672056E+01   0 0 0 0 0   -0.2077561690E+00     0.3982079325E+00     0     0.4783839292E+00     0.5457554281E+00
    0.1479999967E+01   0 0 0 0 0    0.6661906406E+00    -0.5689520194E+00     0    -0.8880724395E+00    -0.9959581567E+00   0 0 0 0 0   -0.2238557129E+00     0.3816093774E+00     0     0.4750272118E+00     0.5302902096E+00
    0.1519999966E+01   0 0 0 0 0    0.6602285095E+00    -0.5365229567E+00     0    -0.8698020498E+00    -0.9631342184E+00   0 0 0 0 0   -0.2383903792E+00     0.3654814685E+00     0     0.4708423755E+00     0.5148168446E+00
    0.1559999965E+01   0 0 0 0 0    0.6526745533E+00    -0.5059307183E+00     0    -0.8503792644E+00    -0.9303377466E+00   0 0 0 0 0   -0.2514161004E+00     0.3498274157E+00     0     0.4658898922E+00     0.4993656513E+00
    0.1599999964E+01   0 0 0 0 0    0.6437557445E+00    -0.4770744484E+00     0    -0.8300212822E+00    -0.8976928061E+00   0 0 0 0 0   -0.2629910446E+00     0.3346486803E+00     0     0.4602296713E+00     0.4839661672E+00
    0.1639999963E+01   0 0 0 0 0    0.6336749869E+00    -0.4498578927E+00     0    -0.8089225322E+00    -0.8653102465E+00   0 0 0 0 0   -0.2731750631E+00     0.3199451409E+00     0     0.4539206937E+00     0.4686469078E+00
    0.1679999962E+01   0 0 0 0 0    0.6226133244E+00    -0.4241893979E+00     0    -0.7872564410E+00    -0.8332881597E+00   0 0 0 0 0   -0.2820291979E+00     0.3057152474E+00     0     0.4470207011E+00     0.4534351702E+00
    0.1719999962E+01   0 0 0 0 0    0.6107320103E+00    -0.3999818598E+00     0    -0.7651771618E+00    -0.8017124999E+00   0 0 0 0 0   -0.2896152432E+00     0.2919561647E+00     0     0.4395859375E+00     0.4383568774E+00
    0.1759999961E+01   0 0 0 0 0    0.5981744280E+00    -0.3771526349E+00     0    -0.7428212377E+00    -0.7706578088E+00   0 0 0 0 0   -0.2959953563E+00     0.2786639064E+00     0     0.4316709352E+00     0.4234364586E+00
    0.1799999960E+01   0 0 0 0 0    0.5850678631E+00    -0.3556234212E+00     0    -0.7203091835E+00    -0.7401880018E+00   0 0 0 0 0   -0.3012317119E+00     0.2658334582E+00     0     0.4233283431E+00     0.4086967612E+00
    0.1839999959E+01   0 0 0 0 0    0.5715251278E+00    -0.3353201186E+00     0    -0.6977469729E+00    -0.7103571828E+00   0 0 0 0 0   -0.3053861980E+00     0.2534588929E+00     0     0.4146087894E+00     0.3941589923E+00
    0.1879999958E+01   0 0 0 0 0    0.5576460441E+00    -0.3161726741E+00     0    -0.6752274270E+00    -0.6812104610E+00   0 0 0 0 0   -0.3085201477E+00     0.2415334764E+00     0     0.4055607775E+00     0.3798426825E+00
    0.1919999957E+01   0 0 0 0 0    0.5435187905E+00    -0.2981149162E+00     0    -0.6528315007E+00    -0.6527847536E+00   0 0 0 0 0   -0.3106941033E+00     0.2300497659E+00     0     0.3962306093E+00     0.3657656730E+00
    0.1959999956E+01   0 0 0 0 0    0.5292211219E+00    -0.2810843838E+00     0    -0.6306294681E+00    -0.6251095586E+00   0 0 0 0 0   -0.3119676121E+00     0.2189997004E+00     0     0.3866623337E+00     0.3519441194E+00
    0.1999999955E+01   0 0 0 0 0    0.5148214708E+00    -0.2650221527E+00     0    -0.6086820092E+00    -0.5982076914E+00   0 0 0 0 0   -0.3123990472E+00     0.2083746844E+00     0     0.3768977161E+00     0.3383925112E+00
    0.2039999954E+01   0 0 0 0 0    0.5003799385E+00    -0.2498726616E+00     0    -0.5870412027E+00    -0.5720959781E+00   0 0 0 0 0   -0.3120454543E+00     0.1981656645E+00     0     0.3669762266E+00     0.3251237041E+00
    0.2079999954E+01   0 0 0 0 0    0.4859491859E+00    -0.2355835403E+00     0    -0.5657514289E+00    -0.5467859023E+00   0 0 0 0 0   -0.3109624203E+00     0.1883632007E+00     0     0.3569350446E+00     0.3121489632E+00
    0.2119999953E+01   0 0 0 0 0    0.4715752321E+00    -0.2221054410E+00     0    -0.5448501894E+00    -0.5222842052E+00   0 0 0 0 0   -0.3092039617E+00     0.1789575315E+00     0     0.3468090774E+00     0.2994780143E+00
    0.2159999952E+01   0 0 0 0 0    0.4572981697E+00    -0.2093918755E+00     0    -0.5243688490E+00    -0.4985934382E+00   0 0 0 0 0   -0.3068224318E+00     0.1699386331E+00     0     0.3366309902E+00     0.2871191023E+00
    0.2199999951E+01   0 0 0 0 0    0.4431528053E+00    -0.1973990561E+00     0    -0.5043333052E+00    -0.4757124689E+00   0 0 0 0 0   -0.3038684443E+00     0.1612962746E+00     0     0.3264312466E+00     0.2750790549E+00
    0.2239999950E+01   0 0 0 0 0    0.4291692306E+00    -0.1860857444E+00     0    -0.4847645928E+00    -0.4536369434E+00   0 0 0 0 0   -0.3003908117E+00     0.1530200683E+00     0     0.3162381572E+00     0.2633633507E+00
    0.2279999949E+01   0 0 0 0 0    0.4153733343E+00    -0.1754131057E+00     0    -0.4656794273E+00    -0.4323597059E+00   0 0 0 0 0   -0.2964364981E+00     0.1450995150E+00     0     0.3060779360E+00     0.2519761896E+00
    0.2319999948E+01   0 0 0 0 0    0.4017872578E+00    -0.1653445697E+00     0    -0.4470906940E+00    -0.4118711790E+00   0 0 0 0 0   -0.2920505840E+00     0.1375240461E+00     0     0.2959747614E+00     0.2409205649E+00
    0.2359999947E+01   0 0 0 0 0    0.3884298031E+00    -0.1558456994E+00     0    -0.4290078875E+00    -0.3921597071E+00   0 0 0 0 0   -0.2872762418E+00     0.1302830617E+00     0     0.2859508432E+00     0.2301983375E+00
    0.2399999946E+01   0 0 0 0 0    0.3753167965E+00    -0.1468840654E+00     0    -0.4114375058E+00    -0.3732118652E+00   0 0 0 0 0   -0.2821547229E+00     0.1233659649E+00     0     0.2760264926E+00     0.2198103087E+00
    0.2439999945E+01   0 0 0 0 0    0.3624614135E+00    -0.1384291274E+00     0    -0.3943834039E+00    -0.3550127369E+00   0 0 0 0 0   -0.2767253529E+00     0.1167621933E+00     0     0.2662201950E+00     0.2097562941E+00
    0.2479999945E+01   0 0 0 0 0    0.3498744695E+00    -0.1304521225E+00     0    -0.3778471111E+00    -0.3375461628E+00   0 0 0 0 0   -0.2710255358E+00     0.1104612471E+00     0     0.2565486853E+00     0.2000351954E+00
    0.2519999944E+01   0 0 0 0 0    0.3375646792E+00    -0.1229259592E+00     0    -0.3618281156E+00    -0.3207949631E+00   0 0 0 0 0   -0.2650907652E+00     0.1044527145E+00     0     0.2470270246E+00     0.1906450720E+00
    0.2559999943E+01   0 0 0 0 0    0.3255388890E+00    -0.1158251180E+00     0    -0.3463241185E+00    -0.3047411354E+00   0 0 0 0 0   -0.2589546434E+00     0.9872629506E-01     0     0.2376686774E+00     0.1815832096E+00
    0.2599999942E+01   0 0 0 0 0    0.3138022848E+00    -0.1091255575E+00     0    -0.3313312622E+00    -0.2893660316E+00   0 0 0 0 0   -0.2526489052E+00     0.9327181920E-01     0     0.2284855892E+00     0.1728461878E+00
    0.2639999941E+01   0 0 0 0 0    0.3023585779E+00    -0.1028046263E+00     0    -0.3168443351E+00    -0.2746505143E+00   0 0 0 0 0   -0.2462034486E+00     0.8807926706E-01     0     0.2194882642E+00     0.1644299448E+00
    0.2679999940E+01   0 0 0 0 0    0.2912101723E+00    -0.9684097968E-01     0    -0.3028569540E+00    -0.2605750956E+00   0 0 0 0 0   -0.2396463687E+00     0.8313878417E-01     0     0.2106858428E+00     0.1563298400E+00
    0.2719999939E+01   0 0 0 0 0    0.2803583140E+00    -0.9121450194E-01     0    -0.2893617280E+00    -0.2471200595E+00   0 0 0 0 0   -0.2330039981E+00     0.7844069558E-01     0     0.2020861771E+00     0.1485407142E+00
    0.2759999938E+01   0 0 0 0 0    0.2698032254E+00    -0.8590623301E-01     0    -0.2763504055E+00    -0.2342655699E+00   0 0 0 0 0   -0.2263009484E+00     0.7397551813E-01     0     0.1936959064E+00     0.1410569461E+00
    0.2799999937E+01   0 0 0 0 0    0.2595442259E+00    -0.8089829965E-01     0    -0.2638140049E+00    -0.2219917655E+00   0 0 0 0 0   -0.2195601576E+00     0.6973397093E-01     0     0.1855205308E+00     0.1338725076E+00
    0.2839999937E+01   0 0 0 0 0    0.2495798402E+00    -0.7617385089E-01     0    -0.2517429320E+00    -0.2102788427E+00   0 0 0 0 0   -0.2128029383E+00     0.6570698443E-01     0     0.1775644833E+00     0.1269810147E+00
    0.2879999936E+01   0 0 0 0 0    0.2399078956E+00    -0.7171699734E-01     0    -0.2401270853E+00    -0.1991071279E+00   0 0 0 0 0   -0.2060490292E+00     0.6188570789E-01     0     0.1698311998E+00     0.1203757768E+00
    0.2919999935E+01   0 0 0 0 0    0.2305256099E+00    -0.6751275430E-01     0    -0.2289559491E+00    -0.1884571402E+00   0 0 0 0 0   -0.1993166485E+00     0.5826151566E-01     0     0.1623231874E+00     0.1140498427E+00
    0.2959999934E+01   0 0 0 0 0    0.2214296696E+00    -0.6354698832E-01     0    -0.2182186778E+00    -0.1783096457E+00   0 0 0 0 0   -0.1926225489E+00     0.5482601210E-01     0     0.1550420908E+00     0.1079960435E+00
    0.2999999933E+01   0 0 0 0 0    0.2126163010E+00    -0.5980636706E-01     0    -0.2079041702E+00    -0.1686457040E+00   0 0 0 0 0   -0.1859820733E+00     0.5157103541E-01     0     0.1479887560E+00     0.1022070334E+00
    0.3039999932E+01   0 0 0 0 0    0.2040813338E+00    -0.5627831223E-01     0    -0.1980011363E+00    -0.1594467077E+00   0 0 0 0 0   -0.1794092123E+00     0.4848866047E-01     0     0.1411632919E+00     0.9667532759E-01
    0.3079999931E+01   0 0 0 0 0    0.1958202586E+00    -0.5295095535E-01     0    -0.1884981563E+00    -0.1506944158E+00   0 0 0 0 0   -0.1729166615E+00     0.4557120062E-01     0     0.1345651299E+00     0.9139333702E-01
    0.3119999930E+01   0 0 0 0 0    0.1878282776E+00    -0.4981309630E-01     0    -0.1793837335E+00    -0.1423709816E+00   0 0 0 0 0   -0.1665158797E+00     0.4281120859E-01     0     0.1281930805E+00     0.8635340147E-01
    0.3159999929E+01   0 0 0 0 0    0.1801003518E+00    -0.4685416438E-01     0    -0.1706463409E+00    -0.1344589757E+00   0 0 0 0 0   -0.1602171466E+00     0.4020147670E-01     0     0.1220453881E+00     0.8154781948E-01
    0.3199999928E+01   0 0 0 0 0    0.1726312414E+00    -0.4406418168E-01     0    -0.1622744627E+00    -0.1269414044E+00   0 0 0 0 0   -0.1540296210E+00     0.3773503620E-01     0     0.1161197827E+00     0.7696887618E-01
    0.3239999928E+01   0 0 0 0 0    0.1654155438E+00    -0.4143372878E-01     0    -0.1542566304E+00    -0.1198017244E+00   0 0 0 0 0   -0.1479613981E+00     0.3540515604E-01     0     0.1104135298E+00     0.7260886874E-01
    0.3279999927E+01   0 0 0 0 0    0.1584477266E+00    -0.3895391243E-01     0    -0.1465814555E+00    -0.1130238537E+00   0 0 0 0 0   -0.1420195662E+00     0.3320534097E-01     0     0.1049234776E+00     0.6846012970E-01
    0.3319999926E+01   0 0 0 0 0    0.1517221571E+00    -0.3661633528E-01     0    -0.1392376574E+00    -0.1065921800E+00   0 0 0 0 0   -0.1362102630E+00     0.3112932916E-01     0     0.9964610153E-01     0.6451504809E-01
    0.3359999925E+01   0 0 0 0 0    0.1452331294E+00    -0.3441306735E-01     0    -0.1322140881E+00    -0.1004915652E+00   0 0 0 0 0   -0.1305387305E+00     0.2917108929E-01     0     0.9457754661E-01     0.6076608862E-01
    0.3399999924E+01   0 0 0 0 0    0.1389748876E+00    -0.3233661930E-01     0    -0.1254997537E+00    -0.9470734897E-01   0 0 0 0 0   -0.1250093693E+00     0.2732481718E-01     0     0.8971366766E-01     0.5720580892E-01
    0.3439999923E+01   0 0 0 0 0    0.1329416473E+00    -0.3037991723E-01     0    -0.1190838328E+00    -0.8922534867E-01   0 0 0 0 0   -0.1196257913E+00     0.2558493208E-01     0     0.8505006686E-01     0.5382687499E-01
    0.3479999922E+01   0 0 0 0 0    0.1271276142E+00    -0.2853627904E-01     0    -0.1129556925E+00    -0.8403185852E-01   0 0 0 0 0   -0.1143908709E+00     0.2394607261E-01     0     0.8058212922E-01     0.5062207489E-01
    0.3519999921E+01   0 0 0 0 0    0.1215270005E+00    -0.2679939220E-01     0    -0.1071049020E+00    -0.7911364642E-01   0 0 0 0 0   -0.1093067958E+00     0.2240309237E-01     0     0.7630505576E-01     0.4758433090E-01
    0.3559999920E+01   0 0 0 0 0    0.1161340399E+00    -0.2516329279E-01     0    -0.1015212439E+00    -0.7445794962E-01   0 0 0 0 0   -0.1043751146E+00     0.2095105530E-01     0     0.7221389459E-01     0.4470671005E-01
    0.3599999920E+01   0 0 0 0 0    0.1109430000E+00    -0.2362234586E-01     0    -0.9619472374E-01    -0.7005246902E-01   0 0 0 0 0   -0.9959678451E-01     0.1958523085E-01     0     0.6830356989E-01     0.4198243330E-01
    0.3639999919E+01   0 0 0 0 0    0.1059481942E+00    -0.2217122690E-01     0    -0.9111557764E-01    -0.6588536243E-01   0 0 0 0 0   -0.9497221628E-01     0.1830108893E-01     0     0.6456890887E-01     0.3940488333E-01
    0.3679999918E+01   0 0 0 0 0    0.1011439912E+00    -0.2080490441E-01     0    -0.8627427859E-01    -0.6194523684E-01   0 0 0 0 0   -0.9050131790E-01     0.1709429473E-01     0     0.6100466675E-01     0.3696761114E-01
    0.3719999917E+01   0 0 0 0 0    0.9652482372E-01    -0.1951862352E-01     0    -0.8166154115E-01    -0.5822113995E-01   0 0 0 0 0   -0.8618353644E-01     0.1596070337E-01     0     0.5760554987E-01     0.3466434139E-01
    0.3759999916E+01   0 0 0 0 0    0.9208519592E-01    -0.1830789056E-01     0    -0.7726832500E-01    -0.5470255098E-01   0 0 0 0 0   -0.8201789821E-01     0.1489635451E-01     0     0.5436623703E-01     0.3248897675E-01
    0.3799999915E+01   0 0 0 0 0    0.8781968986E-01    -0.1716845849E-01     0    -0.7308583729E-01    -0.5137937093E-01   0 0 0 0 0   -0.7800304708E-01     0.1389746685E-01     0     0.5128139900E-01     0.3043560119E-01
    0.3839999914E+01   0 0 0 0 0    0.8372297089E-01    -0.1609631324E-01     0    -0.6910553403E-01    -0.4824191244E-01   0 0 0 0 0   -0.7413728101E-01     0.1296043262E-01     0     0.4834571650E-01     0.2849848240E-01
    0.3879999913E+01   0 0 0 0 0    0.7978979239E-01    -0.1508766085E-01     0    -0.6531912050E-01    -0.4528088918E-01   0 0 0 0 0   -0.7041858687E-01     0.1208181198E-01     0     0.4555389645E-01     0.2667207330E-01
    0.3919999912E+01   0 0 0 0 0    0.7601499957E-01    -0.1413891523E-01     0    -0.6171855094E-01    -0.4248740506E-01   0 0 0 0 0   -0.6684467342E-01     0.1125832749E-01     0     0.4290068681E-01     0.2495101278E-01
    0.3959999911E+01   0 0 0 0 0    0.7239353274E-01    -0.1324668682E-01     0    -0.5829602749E-01    -0.3985294314E-01   0 0 0 0 0   -0.6341300257E-01     0.1048685857E-01     0     0.4038088994E-01     0.2333012581E-01
    0.3999999911E+01   0 0 0 0 0    0.6892042995E-01    -0.1240777174E-01     0    -0.5504399844E-01    -0.3736935447E-01   0 0 0 0 0   -0.6012081889E-01     0.9764435914E-02     0     0.3798937465E-01     0.2180442274E-01
    0.4039999910E+01   0 0 0 0 0    0.6559082907E-01    -0.1161914161E-01     0    -0.5195515601E-01    -0.3502884679E-01   0 0 0 0 0   -0.5696517741E-01     0.9088236085E-02     0     0.3572108684E-01     0.2036909823E-01
    0.4079999909E+01   0 0 0 0 0    0.6239996942E-01    -0.1087793402E-01     0    -0.4902243359E-01    -0.3282397319E-01   0 0 0 0 0   -0.5394296979E-01     0.8455576050E-02     0     0.3357105908E-01     0.1901952942E-01
    0.4119999908E+01   0 0 0 0 0    0.5934319302E-01    -0.1018144340E-01     0    -0.4623900250E-01    -0.3074762086E-01   0 0 0 0 0   -0.5105094880E-01     0.7863907846E-02     0     0.3153441893E-01     0.1775127383E-01
    0.4159999907E+01   0 0 0 0 0    0.5641594542E-01    -0.9527112581E-02     0    -0.4359826849E-01    -0.2879299975E-01   0 0 0 0 0   -0.4828575120E-01     0.7310813307E-02     0     0.2960639622E-01     0.1656006669E-01
    0.4199999906E+01   0 0 0 0 0    0.5361377622E-01    -0.8912524649E-02     0    -0.4109386777E-01    -0.2695363145E-01   0 0 0 0 0   -0.4564391917E-01     0.6793998886E-02     0     0.2778232933E-01     0.1544181798E-01
    0.4239999905E+01   0 0 0 0 0    0.5093233936E-01    -0.8335395406E-02     0    -0.3871966291E-01    -0.2522333811E-01   0 0 0 0 0   -0.4312192009E-01     0.6311290572E-02     0     0.2605767053E-01     0.1439260912E-01
    0.4279999904E+01   0 0 0 0 0    0.4836739305E-01    -0.7793566172E-02     0    -0.3646973836E-01    -0.2359623151E-01   0 0 0 0 0   -0.4071616500E-01     0.5860628920E-02     0     0.2442799041E-01     0.1340868937E-01
    0.4319999903E+01   0 0 0 0 0    0.4591479961E-01    -0.7284997011E-02     0    -0.3433839589E-01    -0.2206670235E-01   0 0 0 0 0   -0.3842302558E-01     0.5440064184E-02     0     0.2288898151E-01     0.1248647201E-01
    0.4359999903E+01   0 0 0 0 0    0.4357052500E-01    -0.6807760331E-02     0    -0.3232014975E-01    -0.2062940963E-01   0 0 0 0 0   -0.3623884981E-01     0.5047751577E-02     0     0.2143646121E-01     0.1162253024E-01
    0.4399999902E+01   0 0 0 0 0    0.4133063827E-01    -0.6360034840E-02     0    -0.3040972181E-01    -0.1927927035E-01   0 0 0 0 0   -0.3415997634E-01     0.4681946650E-02     0     0.2006637390E-01     0.1081359302E-01
    0.4439999901E+01   0 0 0 0 0    0.3919131081E-01    -0.5940099828E-02     0    -0.2860203651E-01    -0.1801144933E-01   0 0 0 0 0   -0.3218274766E-01     0.4341000791E-02     0     0.1877479251E-01     0.1005654069E-01
    0.4479999900E+01   0 0 0 0 0    0.3714881549E-01    -0.5546329772E-02     0    -0.2689221574E-01    -0.1682134930E-01   0 0 0 0 0   -0.3030352200E-01     0.4023356864E-02     0     0.1755791943E-01     0.9348400487E-02
    0.4519999899E+01   0 0 0 0 0    0.3519952569E-01    -0.5177189226E-02     0    -0.2527557372E-01    -0.1570460126E-01   0 0 0 0 0   -0.2851868421E-01     0.3727544970E-02     0     0.1641208692E-01     0.8686342005E-02
    0.4559999898E+01   0 0 0 0 0    0.3333991424E-01    -0.4831227995E-02     0    -0.2374761175E-01    -0.1465705505E-01   0 0 0 0 0   -0.2682465549E-01     0.3452178344E-02     0     0.1533375702E-01     0.8067672577E-02
    0.4599999897E+01   0 0 0 0 0    0.3156655222E-01    -0.4507076569E-02     0    -0.2230401306E-01    -0.1367477018E-01   0 0 0 0 0   -0.2521790220E-01     0.3195949386E-02     0     0.1431952095E-01     0.7489832627E-02
    0.4639999896E+01   0 0 0 0 0    0.2987610775E-01    -0.4203441801E-02     0    -0.2094063751E-01    -0.1275400696E-01   0 0 0 0 0   -0.2369494362E-01     0.2957625827E-02     0     0.1336609822E-01     0.6950391009E-02
    0.4679999895E+01   0 0 0 0 0    0.2826534469E-01    -0.3919102825E-02     0    -0.1965351649E-01    -0.1189121782E-01   0 0 0 0 0   -0.2225235886E-01     0.2736047023E-02     0     0.1247033527E-01     0.6447040346E-02
    0.4719999894E+01   0 0 0 0 0    0.2673112120E-01    -0.3652907181E-02     0    -0.1843884766E-01    -0.1108303899E-01   0 0 0 0 0   -0.2088679296E-01     0.2530120390E-02     0     0.1162920385E-01     0.5977592391E-02
    0.4759999894E+01   0 0 0 0 0    0.2527038839E-01    -0.3403767162E-02     0    -0.1729298974E-01    -0.1032628232E-01   0 0 0 0 0   -0.1959496212E-01     0.2338817968E-02     0     0.1083979905E-01     0.5539973426E-02
    0.4799999893E+01   0 0 0 0 0    0.2388018888E-01    -0.3170656338E-02     0    -0.1621245737E-01    -0.9617927361E-02   0 0 0 0 0   -0.1837365821E-01     0.2161173114E-02     0     0.1009933715E-01     0.5132219711E-02
    0.4839999892E+01   0 0 0 0 0    0.2255765536E-01    -0.2952606282E-02     0    -0.1519391597E-01    -0.8955113779E-02   0 0 0 0 0   -0.1721975266E-01     0.1996277327E-02     0     0.9405153209E-02     0.4752472989E-02
    0.4879999891E+01   0 0 0 0 0    0.2130000912E-01    -0.2748703457E-02     0    -0.1423417675E-01    -0.8335134004E-02   0 0 0 0 0   -0.1613019958E-01     0.1843277201E-02     0     0.8754698431E-02     0.4398976075E-02
    0.4919999890E+01   0 0 0 0 0    0.2010455864E-01    -0.2558086268E-02     0    -0.1333019181E-01    -0.7755426154E-02   0 0 0 0 0   -0.1510203842E-01     0.1701371499E-02     0     0.8145537430E-02     0.4070068521E-02
    0.4959999889E+01   0 0 0 0 0    0.1896869806E-01    -0.2379942275E-02     0    -0.1247904930E-01    -0.7213567221E-02   0 0 0 0 0   -0.1413239594E-01     0.1569808358E-02     0     0.7575345314E-02     0.3764182370E-02
    0.4999999888E+01   0 0 0 0 0    0.1788990562E-01    -0.2213505545E-02     0    -0.1167796866E-01    -0.6707266510E-02   0 0 0 0 0   -0.1321848779E-01     0.1447882603E-02     0     0.7041904672E-02     0.3479838016E-02
    0.5039999887E+01   0 0 0 0 0    0.1686574217E-01    -0.2058054144E-02     0    -0.1092429598E-01    -0.6234359323E-02   0 0 0 0 0   -0.1235761953E-01     0.1334933189E-02     0     0.6543102461E-02     0.3215640154E-02
    0.5079999886E+01   0 0 0 0 0    0.1589384960E-01    -0.1912907764E-02     0    -0.1021549941E-01    -0.5792800881E-02   0 0 0 0 0   -0.1154718729E-01     0.1230340751E-02     0     0.6076926834E-02     0.2970273857E-02
    0.5119999886E+01   0 0 0 0 0    0.1497194922E-01    -0.1777425467E-02     0    -0.9549164696E-02    -0.5380660491E-02   0 0 0 0 0   -0.1078467800E-01     0.1133525265E-02     0     0.5641463901E-02     0.2742500747E-02
    0.5159999885E+01   0 0 0 0 0    0.1409784015E-01    -0.1651003551E-02     0    -0.8922990808E-02    -0.4996115935E-02   0 0 0 0 0   -0.1006766924E-01     0.1043943826E-02     0     0.5234894470E-02     0.2531155295E-02
    0.5199999884E+01   0 0 0 0 0    0.1326939778E-01    -0.1533073524E-02     0    -0.8334785626E-02    -0.4637448085E-02   0 0 0 0 0   -0.9393828858E-02     0.9610885157E-03     0     0.4855490761E-02     0.2335141231E-02
    0.5239999883E+01   0 0 0 0 0    0.1248457206E-01    -0.1423100187E-02     0    -0.7782461777E-02    -0.4303035744E-02   0 0 0 0 0   -0.8760914199E-02     0.8844843885E-03     0     0.4501613116E-02     0.2153428078E-02
    0.5279999882E+01   0 0 0 0 0    0.1174138591E-01    -0.1320579810E-02     0    -0.7264032550E-02    -0.3991350689E-02   0 0 0 0 0   -0.8166771129E-02     0.8136875436E-03     0     0.4171706720E-02     0.1985047805E-02
    0.5319999881E+01   0 0 0 0 0    0.1103793355E-01    -0.1225038413E-02     0    -0.6777607909E-02    -0.3700952936E-02   0 0 0 0 0   -0.7609332818E-02     0.7482832983E-03     0     0.3864298343E-02     0.1829091603E-02
    0.5359999880E+01   0 0 0 0 0    0.1037237889E-01    -0.1136030120E-02     0    -0.6321390627E-02    -0.3430486195E-02   0 0 0 0 0   -0.7086618316E-02     0.6878844511E-03     0     0.3577993110E-02     0.1684706776E-02
    0.5399999879E+01   0 0 0 0 0    0.9742953856E-02    -0.1053135620E-02     0    -0.5893672512E-02    -0.3178673530E-02   0 0 0 0 0   -0.6596730954E-02     0.6321296339E-03     0     0.3311471314E-02     0.1551093761E-02
    0.5439999878E+01   0 0 0 0 0    0.9147956747E-02    -0.9759606856E-03     0    -0.5492830741E-02    -0.2944313202E-02   0 0 0 0 0   -0.6137856588E-02     0.5806817483E-03     0     0.3063485272E-02     0.1427503259E-02
    0.5479999878E+01   0 0 0 0 0    0.8585750587E-02    -0.9041347859E-03     0    -0.5117324306E-02    -0.2726274705E-02   0 0 0 0 0   -0.5708261710E-02     0.5332264850E-03     0     0.2832856246E-02     0.1313233490E-02
    0.5519999877E+01   0 0 0 0 0    0.8054761481E-02    -0.8373097620E-03     0    -0.4765690559E-02    -0.2523494971E-02   0 0 0 0 0   -0.5306291450E-02     0.4894709203E-03     0     0.2618471418E-02     0.1207627562E-02
    0.5559999876E+01   0 0 0 0 0    0.7553476974E-02    -0.7751585750E-03     0    -0.4436541861E-02    -0.2334974755E-02   0 0 0 0 0   -0.4930367479E-02     0.4491421890E-03     0     0.2419280935E-02     0.1110070952E-02
    0.5599999875E+01   0 0 0 0 0    0.7080444420E-02    -0.7173741188E-03     0    -0.4128562345E-02    -0.2159775183E-02   0 0 0 0 0   -0.4578985843E-02     0.4119862290E-03     0     0.2234295027E-02     0.1019989102E-02
    0.5639999874E+01   0 0 0 0 0    0.6634269349E-02    -0.6636680945E-03     0    -0.3840504769E-02    -0.1997014465E-02   0 0 0 0 0   -0.4250714727E-02     0.3777665947E-03     0     0.2062581198E-02     0.9368451256E-03
    0.5679999873E+01   0 0 0 0 0    0.6213613855E-02    -0.6137699446E-03     0    -0.3571187487E-02    -0.1845864752E-02   0 0 0 0 0   -0.3944192187E-02     0.3462633369E-03     0     0.1903261503E-02     0.8601376147E-03
    0.5719999872E+01   0 0 0 0 0    0.5817194987E-02    -0.5674258424E-03     0    -0.3319491502E-02    -0.1705549161E-02   0 0 0 0 0   -0.3658123837E-02     0.3172719451E-03     0     0.1755509896E-02     0.7893985572E-03
    0.5759999871E+01   0 0 0 0 0    0.5443783155E-02    -0.5243977351E-03     0    -0.3084357639E-02    -0.1575338924E-02   0 0 0 0 0   -0.3391280526E-02     0.2906023508E-03     0     0.1618549670E-02     0.7241913523E-03
    0.5799999870E+01   0 0 0 0 0    0.5092200544E-02    -0.4844624375E-03     0    -0.2864783804E-02    -0.1454550689E-02   0 0 0 0 0   -0.3142496000E-02     0.2660779874E-03     0     0.1491650979E-02     0.6641089237E-03
    0.5839999869E+01   0 0 0 0 0    0.4761319555E-02    -0.4474107734E-03     0    -0.2659822342E-02    -0.1342543948E-02   0 0 0 0 0   -0.2910664574E-02     0.2435349050E-03     0     0.1374128446E-02     0.6087719286E-03
    0.5879999869E+01   0 0 0 0 0    0.4450061245E-02    -0.4130467627E-03     0    -0.2468577491E-02    -0.1238718596E-02   0 0 0 0 0   -0.2694738807E-02     0.2228209371E-03     0     0.1265338856E-02     0.5578270571E-03
    0.5919999868E+01   0 0 0 0 0    0.4157393799E-02    -0.3811868524E-03     0    -0.2290202933E-02    -0.1142512608E-02   0 0 0 0 0   -0.2493727198E-02     0.2037949170E-03     0     0.1164678935E-02     0.5109454211E-03
    0.5959999867E+01   0 0 0 0 0    0.3882331013E-02    -0.3516591878E-03     0    -0.2123899428E-02    -0.1053399837E-02   0 0 0 0 0   -0.2306691913E-02     0.1863259406E-03     0     0.1071583222E-02     0.4678210267E-03
    0.5999999866E+01   0 0 0 0 0    0.3623930798E-02    -0.3243029241E-03     0    -0.1968912547E-02    -0.9708879229E-03   0 0 0 0 0   -0.2132746539E-02     0.1702926743E-03     0     0.9855220116E-03     0.4281693304E-03
    0.6039999865E+01   0 0 0 0 0    0.3381293705E-02    -0.2989675741E-03     0    -0.1824530483E-02    -0.8945163125E-03   0 0 0 0 0   -0.1971053876E-02     0.1555827044E-03     0     0.9059993987E-03     0.3917258720E-03
    0.6079999864E+01   0 0 0 0 0    0.3153561473E-02    -0.2755123920E-03     0    -0.1690081956E-02    -0.8238543770E-03   0 0 0 0 0   -0.1820823779E-02     0.1420919278E-03     0     0.8325513916E-03     0.3582449842E-03
    0.6119999863E+01   0 0 0 0 0    0.2939915599E-02    -0.2538057905E-03     0    -0.1564934199E-02    -0.7584996332E-03   0 0 0 0 0   -0.1681311041E-02     0.1297239793E-03     0     0.7647441156E-03     0.3274985739E-03
    0.6159999862E+01   0 0 0 0 0    0.2739575929E-02    -0.2337247899E-03     0    -0.1448491019E-02    -0.6980760568E-03   0 0 0 0 0   -0.1551813327E-02     0.1183896952E-03     0     0.7021720932E-03     0.2992749721E-03
    0.6199999861E+01   0 0 0 0 0    0.2551799281E-02    -0.2151544974E-03     0    -0.1340190947E-02    -0.6422324860E-03   0 0 0 0 0   -0.1431669163E-02     0.1080066113E-03     0     0.6444566041E-03     0.2733778511E-03
    0.6239999861E+01   0 0 0 0 0    0.2375878088E-02    -0.1979876150E-03     0    -0.1239505457E-02    -0.5906411120E-03   0 0 0 0 0   -0.1320255987E-02     0.9849849241E-04     0     0.5912441212E-03     0.2496252033E-03
    0.6279999860E+01   0 0 0 0 0    0.2211139067E-02    -0.1821239758E-03     0    -0.1145937268E-02    -0.5429960506E-03   0 0 0 0 0   -0.1216988244E-02     0.8979489191E-04     0     0.5422048210E-03     0.2278483811E-03
    0.6319999859E+01   0 0 0 0 0    0.2056941921E-02    -0.1674701047E-03     0    -0.1059018708E-02    -0.4990119929E-03   0 0 0 0 0   -0.1121315559E-02     0.8183074059E-04     0     0.4970311671E-03     0.2078911933E-03
    0.6359999858E+01   0 0 0 0 0    0.1912678064E-02    -0.1539388048E-03     0    -0.9783101586E-03    -0.4584229302E-03   0 0 0 0 0   -0.1032720956E-02     0.7454596166E-04     0     0.4554365631E-03     0.1896090563E-03
    0.6399999857E+01   0 0 0 0 0    0.1777769373E-02    -0.1414487670E-03     0    -0.9033985631E-03    -0.4209809499E-03   0 0 0 0 0   -0.9507191425E-03     0.6788511149E-04     0     0.4171540741E-03     0.1728681968E-03
    0.6439999856E+01   0 0 0 0 0    0.1651666977E-02    -0.1299242018E-03     0    -0.8338960014E-03    -0.3864550995E-03   0 0 0 0 0   -0.8748548636E-03     0.6179704403E-04     0     0.3819352139E-03     0.1575449038E-03
    0.6479999855E+01   0 0 0 0 0    0.1533850067E-02    -0.1192944918E-03     0    -0.7694383298E-03    -0.3546303150E-03   0 0 0 0 0   -0.8047013067E-03     0.5623459775E-04     0     0.3495487948E-03     0.1435248270E-03
    0.6519999854E+01   0 0 0 0 0    0.1423824740E-02    -0.1094938645E-03     0    -0.7096838828E-03    -0.3253064095E-03   0 0 0 0 0   -0.7398585751E-03     0.5115430358E-04     0     0.3197798393E-03     0.1307023191E-03
    0.6559999853E+01   0 0 0 0 0    0.1321122875E-02    -0.1004610841E-03     0    -0.6543122343E-03    -0.2982971218E-03   0 0 0 0 0   -0.6799522213E-03     0.4651611276E-04     0     0.2924285504E-03     0.1189798204E-03
    0.6599999852E+01   0 0 0 0 0    0.1225301031E-02    -0.9213916116E-04     0    -0.6030230171E-03    -0.2734292183E-03   0 0 0 0 0   -0.6246318406E-03     0.4228314325E-04     0     0.2673093376E-03     0.1082672822E-03
    0.6639999852E+01   0 0 0 0 0    0.1135939391E-02    -0.8447507905E-04     0    -0.5555347986E-03    -0.2505416487E-03   0 0 0 0 0   -0.5735697247E-03     0.3842144354E-04     0     0.2442498977E-03     0.9848162793E-04
    0.6679999851E+01   0 0 0 0 0    0.1052640720E-02    -0.7741953674E-04     0    -0.5115840099E-03    -0.2294847512E-03   0 0 0 0 0   -0.5264595749E-03     0.3489977298E-04     0     0.2230903471E-03     0.8954624949E-04
    0.6719999850E+01   0 0 0 0 0    0.9750293619E-03    -0.7092670684E-04     0    -0.4709239268E-03    -0.2101195044E-03   0 0 0 0 0   -0.4830152720E-03     0.3168939727E-04     0     0.2036824034E-03     0.8139053657E-04
    0.6759999849E+01   0 0 0 0 0    0.9027502721E-03    -0.6495400800E-04     0    -0.4333237009E-03    -0.1923168246E-03   0 0 0 0 0   -0.4429697036E-03     0.2876389841E-04     0     0.1858886147E-03     0.7394943745E-04
    0.6799999848E+01   0 0 0 0 0    0.8354680695E-03    -0.5946189098E-04     0    -0.3985674392E-03    -0.1759569049E-03   0 0 0 0 0   -0.4060736457E-03     0.2609899814E-04     0     0.1695816334E-03     0.6716304922E-04
    0.6839999847E+01   0 0 0 0 0    0.7728661274E-03    -0.5441363770E-04     0    -0.3664533288E-03    -0.1609285948E-03   0 0 0 0 0   -0.3720946987E-03     0.2367239383E-04     0     0.1546435343E-03     0.6097623571E-04
    0.6879999846E+01   0 0 0 0 0    0.7146456919E-03    -0.4977517246E-04     0    -0.3367928074E-03    -0.1471288176E-03   0 0 0 0 0   -0.3408162749E-03     0.2146360626E-04     0     0.1409651717E-03     0.5533827153E-04
    0.6919999845E+01   0 0 0 0 0    0.6605250305E-03    -0.4551488473E-04     0    -0.3094097749E-03    -0.1344620237E-03   0 0 0 0 0   -0.3120366370E-03     0.1945383827E-04     0     0.1284455773E-03     0.5020251058E-04
    0.6959999844E+01   0 0 0 0 0    0.6102386110E-03    -0.4160346289E-04     0    -0.2841398468E-03    -0.1228396778E-03   0 0 0 0 0   -0.2855679847E-03     0.1762584379E-04     0     0.1169913940E-03     0.4552607756E-04
    0.6999999844E+01   0 0 0 0 0    0.5635363092E-03    -0.3801373823E-04     0    -0.2608296465E-03    -0.1121797784E-03   0 0 0 0 0   -0.2612355898E-03     0.1596380630E-04     0     0.1065163450E-03     0.4126958105E-04
    0.7039999843E+01   0 0 0 0 0    0.5201826465E-03    -0.3472053870E-04     0    -0.2393361353E-03    -0.1024064071E-03   0 0 0 0 0   -0.2388769754E-03     0.1445322636E-04     0     0.9694073667E-04     0.3739684678E-04
    0.7079999842E+01   0 0 0 0 0    0.4799560554E-03    -0.3170055187E-04     0    -0.2195259773E-03    -0.9344930666E-04   0 0 0 0 0   -0.2183411400E-03     0.1308081739E-04     0     0.8819099186E-04     0.3387466989E-04
    0.7119999841E+01   0 0 0 0 0    0.4426481737E-03    -0.2893219652E-04     0    -0.2012749398E-03    -0.8524348631E-04   0 0 0 0 0   -0.1994878236E-03     0.1183440917E-04     0     0.8019921422E-04     0.3067258484E-04
    0.7159999840E+01   0 0 0 0 0    0.4080631658E-03    -0.2639550244E-04     0    -0.1844673259E-03    -0.7772885200E-04   0 0 0 0 0   -0.1821868133E-03     0.1070285866E-04     0     0.7290277993E-04     0.2776265193E-04
    0.7199999839E+01   0 0 0 0 0    0.3760170720E-03    -0.2407199788E-04     0    -0.1689954383E-03    -0.7084986080E-04   0 0 0 0 0   -0.1663172894E-03     0.9675967447E-05     0     0.6624395630E-04     0.2511925935E-04
    0.7239999838E+01   0 0 0 0 0    0.3463371835E-03    -0.2194460431E-04     0    -0.1547590728E-03    -0.6455519777E-04   0 0 0 0 0   -0.1517672069E-03     0.8744405512E-05     0     0.6016954548E-04     0.2271893964E-04
    0.7279999837E+01   0 0 0 0 0    0.3188614437E-03    -0.1999753793E-04     0    -0.1416650414E-03    -0.5879747403E-04   0 0 0 0 0   -0.1384327137E-03     0.7899640742E-05     0     0.5463055177E-04     0.2054019968E-04
    0.7319999836E+01   0 0 0 0 0    0.2934378753E-03    -0.1821621776E-04     0    -0.1296267205E-03    -0.5353294481E-04   0 0 0 0 0   -0.1262176019E-03     0.7133873892E-05     0     0.4958187133E-04     0.1856336330E-04
    0.7359999835E+01   0 0 0 0 0    0.2699240313E-03    -0.1658717955E-04     0    -0.1185636271E-03    -0.4872124622E-04   0 0 0 0 0   -0.1150327923E-03     0.6439978538E-05     0     0.4498200280E-04     0.1677042559E-04
    0.7399999835E+01   0 0 0 0 0    0.2481864712E-03    -0.1509799564E-04     0    -0.1084010180E-03    -0.4432514964E-04   0 0 0 0 0   -0.1047958489E-03     0.5811445681E-05     0     0.4079277769E-04     0.1514491821E-04
    0.7439999834E+01   0 0 0 0 0    0.2281002592E-03    -0.1373719993E-04     0    -0.9906951300E-04    -0.4031033272E-04   0 0 0 0 0   -0.9543052297E-04     0.5242332676E-05     0     0.3697910934E-04     0.1367178484E-04
    0.7479999833E+01   0 0 0 0 0    0.2095484870E-03    -0.1249421803E-04     0    -0.9050474049E-04    -0.3664516581E-04   0 0 0 0 0   -0.8686632507E-04     0.4727216159E-05     0     0.3350875926E-04     0.1233726612E-04
    0.7519999832E+01   0 0 0 0 0    0.1924218170E-03    -0.1135930203E-04     0    -0.8264700359E-04    -0.3330051308E-04   0 0 0 0 0   -0.7903812356E-04     0.4261148674E-05     0     0.3035211980E-04     0.1112879339E-04
    0.7559999831E+01   0 0 0 0 0    0.1766180477E-03    -0.1032346978E-04     0    -0.7544096673E-04    -0.3024954721E-04   0 0 0 0 0   -0.7188576801E-04     0.3839618751E-05     0     0.2748201222E-04     0.1003489069E-04
    0.7599999830E+01   0 0 0 0 0    0.1620417005E-03    -0.9378448263E-05     0    -0.6883536098E-04    -0.2746757700E-04   0 0 0 0 0   -0.6535373648E-04     0.3458514146E-05     0     0.2487349901E-04     0.9045084225E-05
    0.7639999829E+01   0 0 0 0 0    0.1486036247E-03    -0.8516620839E-05     0    -0.6278270742E-04    -0.2493188682E-04   0 0 0 0 0   -0.5939080535E-04     0.3114088037E-05     0     0.2250370970E-04     0.8149819046E-05
    0.7679999828E+01   0 0 0 0 0    0.1362206242E-03    -0.7730978218E-05     0    -0.5723905743E-04    -0.2262158750E-04   0 0 0 0 0   -0.5394974033E-04     0.2802927931E-05     0     0.2035167923E-04     0.7340382160E-05
    0.7719999827E+01   0 0 0 0 0    0.1248151008E-03    -0.7015072782E-05     0    -0.5216374910E-04    -0.2051747751E-04   0 0 0 0 0   -0.4898700766E-04     0.2521927089E-05     0     0.1839819806E-04     0.6608831765E-05
    0.7759999827E+01   0 0 0 0 0    0.1143147171E-03    -0.6362976138E-05     0    -0.4751917871E-04    -0.1860191408E-04   0 0 0 0 0   -0.4446250429E-04     0.2268258279E-05     0     0.1662567326E-04     0.5947932097E-05
    0.7799999826E+01   0 0 0 0 0    0.1046520760E-03    -0.5769239651E-05     0    -0.4327058645E-04    -0.1685869345E-04   0 0 0 0 0   -0.4033930590E-04     0.2039349661E-05     0     0.1501799982E-04     0.5351093481E-05
    0.7839999825E+01   0 0 0 0 0    0.9576441691E-04    -0.5228857788E-05     0    -0.3938585538E-04    -0.1527293965E-04   0 0 0 0 0   -0.3658343182E-04     0.1832862669E-05     0     0.1356044158E-04     0.4812317202E-05
    0.7879999824E+01   0 0 0 0 0    0.8759332909E-04    -0.4737234071E-05     0    -0.3583532288E-04    -0.1383100119E-04   0 0 0 0 0   -0.3316362591E-04     0.1646671703E-05     0     0.1223952103E-04     0.4326144844E-05
    0.7919999823E+01   0 0 0 0 0    0.8008447964E-04    -0.4290149479E-05     0    -0.3259160340E-04    -0.1252035512E-04   0 0 0 0 0   -0.3005115222E-04     0.1478845520E-05     0     0.1104291738E-04     0.3887611737E-05
    0.7959999822E+01   0 0 0 0 0    0.7318735749E-04    -0.3883733129E-05     0    -0.2962942152E-04    -0.1132951786E-04   0 0 0 0 0   -0.2721960479E-04     0.1327630165E-05     0     0.9959372485E-05     0.3492204232E-05
    0.7999999821E+01   0 0 0 0 0    0.6685503216E-04    -0.3514435079E-05     0    -0.2692545417E-04    -0.1024796220E-04   0 0 0 0 0   -0.2464473063E-04     0.1191433339E-05     0     0.8978603857E-05     0.3135820489E-05
    0.8039999820E+01   0 0 0 0 0    0.6104392762E-04    -0.3179001109E-05     0    -0.2445818616E-04    -0.9266040997E-05   0 0 0 0 0   -0.2230426494E-04     0.1068810079E-05     0     0.8091224487E-05     0.2814734531E-05
    0.8079999819E+01   0 0 0 0 0    0.5571360330E-04    -0.2874449341E-05     0    -0.2220783975E-04    -0.8374929307E-05   0 0 0 0 0   -0.2017777800E-04     0.9584496555E-06     0     0.7288668851E-05     0.2525563291E-05
    0.8119999819E+01   0 0 0 0 0    0.5082653534E-04    -0.2598048626E-05     0    -0.2015624252E-04    -0.7566557743E-05   0 0 0 0 0   -0.1824653281E-04     0.8591635794E-06     0     0.6563124544E-05     0.2265236367E-05
    0.8159999818E+01   0 0 0 0 0    0.4634792327E-04    -0.2347298578E-05     0    -0.1828665444E-04    -0.6833541103E-05   0 0 0 0 0   -0.1649335304E-04     0.7698746356E-06     0     0.5907469167E-05     0.2030968268E-05
    0.8199999817E+01   0 0 0 0 0    0.4224551191E-04    -0.2119911096E-05     0    -0.1658366396E-04    -0.6169123577E-05   0 0 0 0 0   -0.1490250053E-04     0.6896068595E-06     0     0.5315212210E-05     0.1820233016E-05
    0.8239999816E+01   0 0 0 0 0    0.3848942249E-04    -0.1913793258E-05     0    -0.1503309197E-04    -0.5567128286E-05   0 0 0 0 0   -0.1345956174E-04     0.6174763768E-06     0     0.4780441580E-05     0.1630740912E-05
    0.8279999815E+01   0 0 0 0 0    0.3505199309E-04    -0.1727031510E-05     0    -0.1362190121E-04    -0.5021910432E-05   0 0 0 0 0   -0.1215134251E-04     0.5526830373E-06     0     0.4297774431E-05     0.1460417300E-05
    0.8319999814E+01   0 0 0 0 0    0.3190762820E-04    -0.1557877058E-05     0    -0.1233811109E-04    -0.4528313911E-05   0 0 0 0 0   -0.1096577074E-04     0.4945027770E-06     0     0.3862311943E-05     0.1307383151E-05
    0.8359999813E+01   0 0 0 0 0    0.2903265709E-04    -0.1404732382E-05     0    -0.1117071799E-04    -0.4081631172E-05   0 0 0 0 0   -0.9891806112E-05     0.4422806481E-06     0     0.3469597773E-05     0.1169937333E-05
    0.8399999812E+01   0 0 0 0 0    0.2640520074E-04    -0.1266138781E-05     0    -0.1010962076E-04    -0.3677566136E-05   0 0 0 0 0   -0.8919356773E-05     0.3954244606E-06     0     0.3115579884E-05     0.1046540405E-05
    0.8439999811E+01   0 0 0 0 0    0.2400504688E-04    -0.1140764895E-05     0    -0.9145551395E-05    -0.3312199978E-05   0 0 0 0 0   -0.8039202188E-05     0.3533989856E-06     0     0.2796575492E-05     0.9357998382E-06
    0.8479999810E+01   0 0 0 0 0    0.2181353284E-04    -0.1027396119E-05     0    -0.8270010451E-05    -0.2981959579E-05   0 0 0 0 0   -0.7242921910E-05     0.3157206721E-06     0     0.2509238905E-05     0.8364565220E-06
    0.8519999810E+01   0 0 0 0 0    0.1981343567E-04    -0.9249248439E-06     0    -0.7475207073E-05    -0.2683588449E-05   0 0 0 0 0   -0.6522829780E-05     0.2819528341E-06     0     0.2250532006E-05     0.7473724570E-06
    0.8559999809E+01   0 0 0 0 0    0.1798886940E-04    -0.8323414787E-06     0    -0.6754003325E-05    -0.2414119969E-05   0 0 0 0 0   -0.5871913205E-05     0.2517012680E-06     0     0.2017697205E-05     0.6675195377E-06
    0.8599999808E+01   0 0 0 0 0    0.1632518881E-04    -0.7487261747E-06     0    -0.6099862557E-05    -0.2170852755E-05   0 0 0 0 0   -0.5283777140E-05     0.2246102641E-06     0     0.1808232638E-05     0.5959693295E-06
    0.8639999807E+01   0 0 0 0 0    0.1480889954E-04    -0.6732412168E-06     0    -0.5506801568E-05    -0.1951328016E-05   0 0 0 0 0   -0.4752592444E-05     0.2003589775E-06     0     0.1619869457E-05     0.5318837571E-06
    0.8679999806E+01   0 0 0 0 0    0.1342757404E-04    -0.6051240242E-06     0    -0.4969346307E-05    -0.1753308733E-05   0 0 0 0 0   -0.4273048292E-05     0.1786581278E-06     0     0.1450551035E-05     0.4745066273E-06
    0.8719999805E+01   0 0 0 0 0    0.1216977314E-04    -0.5436807157E-06     0    -0.4482490882E-05    -0.1574760538E-05   0 0 0 0 0   -0.3840308355E-05     0.1592470002E-06     0     0.1298413937E-05     0.4231559142E-06
    0.8759999804E+01   0 0 0 0 0    0.1102497289E-04    -0.4882801982E-06     0    -0.4041659653E-05    -0.1413834155E-05   0 0 0 0 0   -0.3449970459E-05     0.1418907192E-06     0     0.1161770517E-05     0.3772167430E-06
    0.8799999803E+01   0 0 0 0 0    0.9983496283E-05    -0.4383487366E-06     0    -0.3642672198E-05    -0.1268849286E-05   0 0 0 0 0   -0.3098029484E-05     0.1263777740E-06     0     0.1039093004E-05     0.3361350094E-06
    0.8839999802E+01   0 0 0 0 0    0.9036449656E-05    -0.3933649702E-06     0    -0.3281710949E-05    -0.1138279831E-05   0 0 0 0 0   -0.2780843244E-05     0.1125177710E-06     0     0.9289989701E-06     0.2994115831E-06
    0.8879999802E+01   0 0 0 0 0    0.8175663488E-05    -0.3528553399E-06     0    -0.2955291312E-05    -0.1020740336E-05   0 0 0 0 0   -0.2495101142E-05     0.1001393957E-06     0     0.8302380478E-06     0.2665970407E-06
    0.8919999801E+01   0 0 0 0 0    0.7393637260E-05    -0.3163898941E-06     0    -0.2660234103E-05    -0.9149735747E-06   0 0 0 0 0   -0.2237795377E-05     0.8908856267E-07     0     0.7416798129E-06     0.2372868854E-06
    0.8959999800E+01   0 0 0 0 0    0.6683488197E-05    -0.2835784454E-06     0    -0.2393640122E-05    -0.8198391755E-06   0 0 0 0 0   -0.2006194514E-05     0.7922673955E-07     0     0.6623027260E-06     0.2111172072E-06
    0.8999999799E+01   0 0 0 0 0    0.6038903607E-05    -0.2540670484E-06     0    -0.2152866720E-05    -0.7343032064E-06   0 0 0 0 0   -0.1797819239E-05     0.7042942759E-07     0     0.5911840489E-06     0.1877607477E-06
    0.9039999798E+01   0 0 0 0 0    0.5454096611E-05    -0.2275347750E-06     0    -0.1935506215E-05    -0.6574286466E-06   0 0 0 0 0   -0.1610420131E-05     0.6258478548E-07     0     0.5274906535E-06     0.1669233310E-06
    0.9079999797E+01   0 0 0 0 0    0.4923765048E-05    -0.2036907625E-06     0    -0.1739366013E-05    -0.5883666705E-06   0 0 0 0 0   -0.1441957280E-05     0.5559238345E-07     0     0.4704706478E-06     0.1483406303E-06
    0.9119999796E+01   0 0 0 0 0    0.4443053336E-05    -0.1822715130E-06     0    -0.1562450322E-05    -0.5263486798E-06   0 0 0 0 0   -0.1290581631E-05     0.4936207551E-07     0     0.4194457519E-06     0.1317752373E-06
    0.9159999795E+01   0 0 0 0 0    0.4007517118E-05    -0.1630384241E-06     0    -0.1402943322E-05    -0.4706790225E-06   0 0 0 0 0   -0.1154617897E-05     0.4381297943E-07     0     0.3738043576E-06     0.1170140109E-06
    0.9199999794E+01   0 0 0 0 0    0.3613090493E-05    -0.1457755324E-06     0    -0.1259193708E-05    -0.4207283427E-06   0 0 0 0 0   -0.1032548927E-05     0.3887255429E-07     0     0.3329952158E-06     0.1038656755E-06
    0.9239999793E+01   0 0 0 0 0    0.3256055670E-05    -0.1302874509E-06     0    -0.1129700475E-05    -0.3759275095E-06   0 0 0 0 0   -0.9230014098E-06     0.3447576676E-07     0     0.2965216962E-06     0.9215864998E-07
    0.9279999793E+01   0 0 0 0 0    0.2933014881E-05    -0.1163974871E-06     0    -0.1013099869E-05    -0.3357620775E-06   0 0 0 0 0   -0.8247328053E-06     0.3056433792E-07     0     0.2639365704E-06     0.8173908365E-07
    0.9319999792E+01   0 0 0 0 0    0.2640864403E-05    -0.1039459248E-06     0    -0.9081534156E-06    -0.2997672342E-06   0 0 0 0 0   -0.7366194095E-06     0.2708606304E-07     0     0.2348372734E-06     0.7246908183E-07
    0.9359999791E+01   0 0 0 0 0    0.2376770535E-05    -0.9278845634E-07     0    -0.8137369238E-06    -0.2675231937E-06   0 0 0 0 0   -0.6576454531E-06     0.2399419758E-07     0     0.2088616005E-06     0.6422510240E-07
    0.9399999790E+01   0 0 0 0 0    0.2138147411E-05    -0.8279475404E-07     0    -0.7288304183E-06    -0.2386510004E-06   0 0 0 0 0   -0.5868931542E-06     0.2124690323E-07     0     0.1856838029E-06     0.5689650808E-07
    0.9439999789E+01   0 0 0 0 0    0.1922636508E-05    -0.7384716768E-07     0    -0.6525089040E-06    -0.2128087058E-06   0 0 0 0 0   -0.5235336446E-06     0.1880674829E-07     0     0.1650110458E-06     0.5038425969E-07
    0.9479999788E+01   0 0 0 0 0    0.1728087740E-05    -0.6583953821E-07     0    -0.5839339095E-06    -0.1896878893E-06   0 0 0 0 0   -0.4668186979E-06     0.1664025724E-07     0     0.1465801972E-06     0.4459973731E-07
    0.9519999787E+01   0 0 0 0 0    0.1552542017E-05    -0.5867611778E-07     0    -0.5223457457E-06    -0.1690104914E-06   0 0 0 0 0   -0.4160731918E-06     0.1471750487E-07     0     0.1301549178E-06     0.3946367719E-07
    0.9559999786E+01   0 0 0 0 0    0.1394215174E-05    -0.5227058680E-07     0    -0.4670564211E-06    -0.1505259346E-06   0 0 0 0 0   -0.3706882434E-06     0.1301175075E-07     0     0.1155230253E-06     0.3490521348E-07
    0.9599999785E+01   0 0 0 0 0    0.1251483165E-05    -0.4654515996E-07     0    -0.4174431637E-06    -0.1340085054E-06   0 0 0 0 0   -0.3301149602E-06     0.1149911008E-07     0     0.1024941079E-06     0.3086101495E-07
    0.9639999785E+01   0 0 0 0 0    0.1122868428E-05    -0.4142977345E-07     0    -0.3729424983E-06    -0.1192549758E-06   0 0 0 0 0   -0.2938587551E-06     0.1015825751E-07     0     0.9089736488E-07     0.2727450749E-07
    0.9679999784E+01   0 0 0 0 0    0.1007027347E-05    -0.3686134640E-07     0    -0.3330448370E-06    -0.1060824429E-06   0 0 0 0 0   -0.2614741763E-06     0.8970160701E-08     0     0.8057965352E-07     0.2409517423E-07
    0.9719999783E+01   0 0 0 0 0    0.9027387139E-06    -0.3278311005E-07     0    -0.2972895381E-06    -0.9432636826E-07   0 0 0 0 0   -0.2325602082E-06     0.7917840782E-08     0     0.7140372299E-07     0.2127792588E-07
    0.9759999782E+01   0 0 0 0 0    0.8088931334E-06    -0.2914399872E-07     0    -0.2652603973E-06    -0.8383879852E-07   0 0 0 0 0   -0.2067560032E-06     0.6986157025E-08     0     0.6324661880E-07     0.1878253435E-07
    0.9799999781E+01   0 0 0 0 0    0.7244832826E-06    -0.2589809723E-07     0    -0.2365815349E-06    -0.7448675168E-07   0 0 0 0 0   -0.1837370057E-06     0.6161613425E-08     0     0.5599824156E-07     0.1657312370E-07
    0.9839999780E+01   0 0 0 0 0    0.6485949757E-06    -0.2300413969E-07     0    -0.2109136453E-06    -0.6615075446E-07   0 0 0 0 0   -0.1632114344E-06     0.5432185008E-08     0     0.4956004575E-07     0.1461771264E-07
    0.9879999779E+01   0 0 0 0 0    0.5803989633E-06    -0.2042505517E-07     0    -0.1879505801E-06    -0.5872351691E-07   0 0 0 0 0   -0.1449170924E-06     0.4787161923E-08     0     0.4384386568E-07     0.1288780366E-07
    0.9919999778E+01   0 0 0 0 0    0.5191434136E-06    -0.1812755599E-07     0    -0.1674162349E-06    -0.5210873215E-07   0 0 0 0 0   -0.1286184739E-06     0.4217009570E-08     0     0.3877085644E-07     0.1135801417E-07
    0.9959999777E+01   0 0 0 0 0    0.4641470222E-06    -0.1608176486E-07     0    -0.1490617169E-06    -0.4621998991E-07   0 0 0 0 0   -0.1141041437E-06     0.3713243150E-08     0     0.3427053922E-07     0.1000574553E-07
    0.9999999776E+01   0 0 0 0 0    0.4147927013E-06    -0.1426087741E-07     0    -0.1326627655E-06    -0.4097979341E-07   0 0 0 0 0   -0.1011843631E-06     0.3268315216E-08     0     0.3027994101E-07     0.8810886093E-08
    0.1003999978E+02   0 0 0 0 0    0.3705218030E-06    -0.1264085678E-07     0    -0.1180174089E-06    -0.3631867042E-07   0 0 0 0 0   -0.8968894042E-07     0.2875514917E-08     0     0.2674281977E-07     0.7755545041E-08
    0.1007999977E+02   0 0 0 0 0    0.3308288340E-06    -0.1120015744E-07     0    -0.1049438319E-06    -0.3217436955E-07   0 0 0 0 0   -0.7946528703E-07     0.2528877744E-08     0     0.2360896687E-07     0.6823813846E-08
    0.1011999977E+02   0 0 0 0 0    0.2952566239E-06    -0.9919475566E-08     0    -0.9327844051E-07    -0.2849113423E-07   0 0 0 0 0   -0.7037665848E-07     0.2223104748E-08     0     0.2083357938E-07     0.6001552566E-08
    0.1015999977E+02   0 0 0 0 0    0.2633919092E-06    -0.8781523469E-08     0    -0.8287410363E-07    -0.2521904697E-07   0 0 0 0 0   -0.6230056506E-07     0.1953490232E-08     0     0.1837669551E-07     0.5276198521E-08
    0.1019999977E+02   0 0 0 0 0    0.2348612999E-06    -0.7770825907E-08     0    -0.7359855730E-07    -0.2231343749E-07   0 0 0 0 0   -0.5512733565E-07     0.1715857087E-08     0     0.1620268708E-07     0.4636595057E-08
    0.1023999977E+02   0 0 0 0 0    0.2093275988E-06    -0.6873536232E-08     0    -0.6533295746E-07    -0.1973434869E-07   0 0 0 0 0   -0.4875882084E-07     0.1506498969E-08     0     0.1427980342E-07     0.4072838356E-08
    0.1027999977E+02   0 0 0 0 0    0.1864864421E-06    -0.6077270504E-08     0    -0.5797056760E-07    -0.1744605505E-07   0 0 0 0 0   -0.4310722243E-07     0.1322128629E-08     0     0.1257976176E-07     0.3576140464E-08
    0.1031999977E+02   0 0 0 0 0    0.1660632378E-06    -0.5370957910E-08     0    -0.5141556951E-07    -0.1541662854E-07   0 0 0 0 0   -0.3809403742E-07     0.1159831744E-08     0     0.1107737948E-07     0.3138706862E-08
    0.1035999977E+02   0 0 0 0 0    0.1478103747E-06    -0.4744705934E-08     0    -0.4558198617E-07    -0.1361754751E-07   0 0 0 0 0   -0.3364910588E-07     0.1017025705E-08     0     0.9750244109E-08     0.2753627088E-08
    0.1039999977E+02   0 0 0 0 0    0.1315046807E-06    -0.4189678883E-08     0    -0.4039270665E-07    -0.1202334449E-07   0 0 0 0 0   -0.2970975281E-07     0.8914228286E-09     0     0.8578417349E-08     0.2414777060E-08
    0.1043999977E+02   0 0 0 0 0    0.1169451093E-06    -0.3697988507E-08     0    -0.3577860370E-07    -0.1061128913E-07   0 0 0 0 0   -0.2622001506E-07     0.7809975305E-09     0     0.7544169732E-08     0.2116731900E-08
    0.1047999977E+02   0 0 0 0 0    0.1039506346E-06    -0.3262595549E-08     0    -0.3167773586E-07    -0.9361103002E-08   0 0 0 0 0   -0.2312994537E-07     0.6839570621E-09     0     0.6631742846E-08     0.1854688138E-08
    0.1051999976E+02   0 0 0 0 0    0.9235833721E-07    -0.2877221172E-08     0    -0.2803462610E-07    -0.8254703044E-08   0 0 0 0 0   -0.2039498596E-07     0.5987154200E-09     0     0.5827136366E-08     0.1624394345E-08
    0.1055999976E+02   0 0 0 0 0    0.8202166504E-07    -0.2536267318E-08     0    -0.2479961018E-07    -0.7275971042E-08   0 0 0 0 0   -0.1797540516E-07     0.5238701017E-09     0     0.5117917391E-08     0.1422089296E-08
    0.1059999976E+02   0 0 0 0 0    0.7280885320E-07    -0.2234745129E-08     0    -0.2192824809E-07    -0.6410546462E-08   0 0 0 0 0   -0.1583579083E-07     0.4581814044E-09     0     0.4493049835E-08     0.1244446862E-08
    0.1063999976E+02   0 0 0 0 0    0.6460148992E-07    -0.1968210638E-08     0    -0.1938079297E-07    -0.5645640437E-08   0 0 0 0 0   -0.1394459520E-07     0.4005539968E-09     0     0.3942741819E-08     0.1088526942E-08
    0.1067999976E+02   0 0 0 0 0    0.5729321520E-07    -0.1732707031E-08     0    -0.1712171187E-07    -0.4969868794E-08   0 0 0 0 0   -0.1227372602E-07     0.3500205217E-09     0     0.3458309247E-08     0.9517317729E-09
    0.1071999976E+02   0 0 0 0 0    0.5078854083E-07    -0.1524712823E-08     0    -0.1511925374E-07    -0.4373102255E-08   0 0 0 0 0   -0.1079817950E-07     0.3057270119E-09     0     0.3032053891E-08     0.8317670536E-09
    0.1075999976E+02   0 0 0 0 0    0.4500178086E-07    -0.1341095372E-08     0    -0.1334506002E-07    -0.3846332102E-08   0 0 0 0 0   -0.9495711005E-08     0.2669199242E-09     0     0.2657154497E-08     0.7266073671E-09
    0.1079999976E+02   0 0 0 0 0    0.3985608288E-07    -0.1179069193E-08     0    -0.1177381395E-07    -0.3381549767E-08   0 0 0 0 0   -0.8346539653E-08     0.2329346179E-09     0     0.2327569569E-08     0.6344654395E-09
    0.1083999976E+02   0 0 0 0 0    0.3528255092E-07    -0.1036158603E-08     0    -0.1038292468E-07    -0.2971638957E-08   0 0 0 0 0   -0.7333083518E-08     0.2031851204E-09     0     0.2037950615E-08     0.5537648209E-09
    0.1087999976E+02   0 0 0 0 0    0.3121945182E-07    -0.9101642517E-09     0    -0.9152243233E-08    -0.2610279053E-08   0 0 0 0 0   -0.6439722385E-08     0.1771550412E-09     0     0.1783564770E-08     0.4831156186E-09
    0.1091999976E+02   0 0 0 0 0    0.2761149747E-07    -0.7991331633E-09     0    -0.8063806802E-08    -0.2291858643E-08   0 0 0 0 0   -0.5652585265E-08     0.1543895075E-09     0     0.1560225805E-08     0.4212929522E-09
    0.1095999976E+02   0 0 0 0 0    0.2440919609E-07    -0.7013319178E-09     0    -0.7101609045E-08    -0.2011398162E-08   0 0 0 0 0   -0.4959360202E-08     0.1344880117E-09     0     0.1364232653E-08     0.3672178320E-09
    0.1099999975E+02   0 0 0 0 0    0.2156826610E-07    -0.6152226648E-09     0    -0.6251393601E-08    -0.1764480723E-08   0 0 0 0 0   -0.4349124097E-08     0.1170980683E-09     0     0.1192314649E-08     0.3199401970E-09
    0.1103999975E+02   0 0 0 0 0    0.1904910693E-07    -0.5394416765E-09     0    -0.5500468673E-08    -0.1547190280E-08   0 0 0 0 0   -0.3812190532E-08     0.1019095931E-09     0     0.1041582782E-08     0.2786238751E-09
    0.1107999975E+02   0 0 0 0 0    0.1681632144E-07    -0.4727801813E-09     0    -0.4837540586E-08    -0.1356056391E-08   0 0 0 0 0   -0.3339973745E-08     0.8864992333E-10     0     0.9094863062E-09     0.2425332533E-09
    0.1111999975E+02   0 0 0 0 0    0.1483828515E-07    -0.4141672436E-09     0    -0.4252564455E-08    -0.1188004894E-08   0 0 0 0 0   -0.2924867105E-08     0.7707940792E-10     0     0.7937741584E-09     0.2110214685E-09
    0.1115999975E+02   0 0 0 0 0    0.1308675795E-07    -0.3626544780E-09     0    -0.3736610270E-08    -0.1040313872E-08   0 0 0 0 0   -0.2560134594E-08     0.6698750477E-10     0     0.6924606464E-09     0.1835199513E-09
    0.1119999975E+02   0 0 0 0 0    0.1153653415E-07    -0.3174024088E-09     0    -0.3281742860E-08    -0.9105743796E-09   0 0 0 0 0   -0.2239813952E-08     0.5818932781E-10     0     0.6037949630E-09     0.1595291704E-09
    0.1123999975E+02   0 0 0 0 0    0.1016512748E-07    -0.2776683024E-09     0    -0.2880914366E-08    -0.7966554141E-09   0 0 0 0 0   -0.1958630265E-08     0.5052259358E-10     0     0.5262341054E-09     0.1386104443E-09
    0.1127999975E+02   0 0 0 0 0    0.8952487409E-08    -0.2427953193E-09     0    -0.2527867952E-08    -0.6966726966E-09   0 0 0 0 0   -0.1711918921E-08     0.4384492230E-10     0     0.4584188327E-09     0.1203787005E-09
    0.1131999975E+02   0 0 0 0 0    0.7880744079E-08    -0.2122028479E-09     0    -0.2217051623E-08    -0.6089608593E-09   0 0 0 0 0   -0.1495556942E-08     0.3803145335E-10     0     0.3991523302E-09     0.1044960752E-09
    0.1135999975E+02   0 0 0 0 0    0.6933978904E-08    -0.1853778934E-09     0    -0.1943541144E-08    -0.5320486784E-09   0 0 0 0 0   -0.1305901811E-08     0.3297273942E-10     0     0.3473812851E-09     0.9066625874E-10
    0.1139999975E+02   0 0 0 0 0    0.6098018441E-08    -0.1618674125E-09     0    -0.1702971108E-08    -0.4646370310E-09   0 0 0 0 0   -0.1139737008E-08     0.2857288768E-10     0     0.3021791076E-09     0.7862950103E-10
    0.1143999974E+02   0 0 0 0 0    0.5360249252E-08    -0.1412714920E-09     0    -0.1491473339E-08    -0.4055792836E-09   0 0 0 0 0   -0.9942235387E-09     0.2474791971E-10     0     0.2627310632E-09     0.6815820409E-10
    0.1147999974E+02   0 0 0 0 0    0.4709451694E-08    -0.1232372814E-09     0    -0.1305621880E-08    -0.3538638540E-09   0 0 0 0 0   -0.8668568178E-09     0.2142432512E-10     0     0.2283211024E-09     0.5905303234E-10
    0.1151999974E+02   0 0 0 0 0    0.4135650808E-08    -0.1074535990E-09     0    -0.1142383863E-08    -0.3085987118E-09   0 0 0 0 0   -0.7554283349E-09     0.1853778647E-10     0     0.1983202015E-09     0.5113948251E-10
    0.1155999974E+02   0 0 0 0 0    0.3629982583E-08    -0.9364613931E-10     0    -0.9990756838E-09    -0.2689976095E-09   0 0 0 0 0   -0.6579915891E-09     0.1603205590E-10     0     0.1721760441E-09     0.4426485993E-10
    0.1159999974E+02   0 0 0 0 0    0.3184574108E-08    -0.8157321558E-10     0    -0.8733239061E-09    -0.2343678553E-09   0 0 0 0 0   -0.5728318312E-09     0.1385796570E-10     0     0.1494038957E-09     0.3829561428E-10
    0.1163999974E+02   0 0 0 0 0    0.2792436192E-08    -0.7102198104E-10     0    -0.7630304099E-09    -0.2040994616E-09   0 0 0 0 0   -0.4984392010E-09     0.1197255730E-10     0     0.1295785343E-09     0.3311499312E-10
    0.1167999974E+02   0 0 0 0 0    0.2447367232E-08    -0.6180507546E-10     0    -0.6663413396E-09    -0.1776555181E-09   0 0 0 0 0   -0.4334848909E-09     0.1033831496E-10     0     0.1123271213E-09     0.2862097632E-10
    0.1171999974E+02   0 0 0 0 0    0.2143867184E-08    -0.5375765120E-10     0    -0.5816194493E-09    -0.1545636549E-09   0 0 0 0 0   -0.3768000048E-09     0.8922491722E-11     0     0.9732290371E-10     0.2472445846E-10
    0.1175999974E+02   0 0 0 0 0    0.1877060607E-08    -0.4673473677E-10     0    -0.5074194856E-09    -0.1344084778E-09   0 0 0 0 0   -0.3273568169E-09     0.7696516932E-11     0     0.8427965467E-10     0.2134765039E-10
    0.1179999974E+02   0 0 0 0 0    0.1642627882E-08    -0.4060890085E-10     0    -0.4424662859E-09    -0.1168248649E-09   0 0 0 0 0   -0.2842521658E-09     0.6635475601E-11     0     0.7294676755E-10     0.1842267388E-10
    0.1183999974E+02   0 0 0 0 0    0.1436743743E-08    -0.3526818352E-10     0    -0.3856353027E-09    -0.1014920330E-09   0 0 0 0 0   -0.2466927488E-09     0.5717651191E-11     0     0.6310492901E-10     0.1589032685E-10
    0.1187999973E+02   0 0 0 0 0    0.1256022390E-08    -0.3061426493E-10     0    -0.3359352922E-09    -0.8812828437E-10   0 0 0 0 0   -0.2139821037E-09     0.4924124230E-11     0     0.5456230447E-10     0.1369899890E-10
    0.1191999973E+02   0 0 0 0 0    0.1097468500E-08    -0.2656084501E-10     0    -0.2924929356E-09    -0.7648636130E-10   0 0 0 0 0   -0.1855090918E-09     0.4238420131E-11     0     0.4715117702E-10     0.1180371920E-10
    0.1195999973E+02   0 0 0 0 0    0.9584335186E-09    -0.2303221060E-10     0    -0.2545391840E-09    -0.6634933725E-10   0 0 0 0 0   -0.1607377134E-09     0.3646200330E-11     0     0.4072498712E-10     0.1016532115E-10
    0.1199999973E+02   0 0 0 0 0    0.8365766890E-09    -0.1996196887E-10     0    -0.2213971389E-09    -0.5752698628E-10   0 0 0 0 0   -0.1391981058E-09     0.3134991532E-11     0     0.3515572672E-10     0.8749709661E-11
    0.1203999973E+02   0 0 0 0 0    0.7298303262E-09    -0.1729192831E-10     0    -0.1924713018E-09    -0.4985257576E-10   0 0 0 0 0   -0.1204785907E-09     0.2693948486E-11     0     0.3033164636E-10     0.7527218844E-11
    0.1207999973E+02   0 0 0 0 0    0.6363688809E-09    -0.1497111061E-10     0    -0.1672380426E-09    -0.4318003453E-10   0 0 0 0 0   -0.1042186528E-09     0.2313646233E-11     0     0.2615523876E-10     0.6472049232E-11
    0.1211999973E+02   0 0 0 0 0    0.5545814011E-09    -0.1295487845E-10     0    -0.1452371530E-09    -0.3738145376E-10   0 0 0 0 0   -0.9010274182E-10     0.1985898257E-11     0     0.2254146627E-10     0.5561774851E-11
    0.1215999973E+02   0 0 0 0 0    0.4830470282E-09    -0.1120416609E-10     0    -0.1260643647E-09    -0.3234488251E-10   0 0 0 0 0   -0.7785480701E-10     0.1703597381E-11     0     0.1941620359E-10     0.4776911732E-11
    0.1219999973E+02   0 0 0 0 0    0.4205132049E-09    -0.9684800887E-11     0    -0.1093647260E-09    -0.2797238410E-10   0 0 0 0 0   -0.6723347704E-10     0.1460576634E-11     0     0.1671487019E-10     0.4100540363E-11
    0.1223999973E+02   0 0 0 0 0    0.3658763051E-09    -0.8366905353E-11     0    -0.9482674126E-10    -0.2417832332E-10   0 0 0 0 0   -0.5802781320E-10     0.1251487643E-11     0     0.1438123000E-10     0.3517975504E-11
    0.1227999973E+02   0 0 0 0 0    0.3181644252E-09    -0.7224370380E-11     0    -0.8217718722E-10    -0.2088785780E-10   0 0 0 0 0   -0.5005356882E-10     0.1071694394E-11     0     0.1236633833E-10     0.3016477557E-11
    0.1231999972E+02   0 0 0 0 0    0.2765221043E-09    -0.6234391467E-11     0    -0.7117653134E-10    -0.1803560974E-10   0 0 0 0 0   -0.4314989638E-10     0.9171804614E-12     0     0.1062761851E-10     0.2585000386E-11
    0.1235999972E+02   0 0 0 0 0    0.2401967630E-09    -0.5377060556E-11     0    -0.6161488347E-10    -0.1556449714E-10   0 0 0 0 0   -0.3717645023E-10     0.7844680500E-12     0     0.9128052641E-11     0.2213971096E-11
    0.1239999972E+02   0 0 0 0 0    0.2085266751E-09    -0.4635007026E-11     0    -0.5330842096E-10    -0.1342470578E-10   0 0 0 0 0   -0.3201083869E-10     0.6705473659E-12     0     0.7835472695E-11     0.1895097804E-11
    0.1243999972E+02   0 0 0 0 0    0.1809303035E-09    -0.3993082054E-11     0    -0.4609623329E-10    -0.1157278552E-10   0 0 0 0 0   -0.2754638459E-10     0.5728150426E-12     0     0.6721939844E-11     0.1621201935E-11
    0.1247999972E+02   0 0 0 0 0    0.1568968515E-09    -0.3438081267E-11     0    -0.3983753850E-10    -0.9970856164E-11   0 0 0 0 0   -0.2369015785E-10     0.4890204812E-12     0     0.5763201333E-11     0.1386071985E-11
    0.1251999972E+02   0 0 0 0 0    0.1359778937E-09    -0.2958501140E-11     0    -0.3440922875E-10    -0.8585910067E-11   0 0 0 0 0   -0.2036124802E-10     0.4172191148E-12     0     0.4938215418E-11     0.1184336061E-11
    0.1255999972E+02   0 0 0 0 0    0.1177799698E-09    -0.2544325159E-11     0    -0.2970370726E-10    -0.7389199914E-11   0 0 0 0 0   -0.1748924831E-10     0.3557317219E-12     0     0.4228736076E-11     0.1011350854E-11
    0.1259999972E+02   0 0 0 0 0    0.1019580304E-09    -0.2186836201E-11     0    -0.2562698301E-10    -0.6355701576E-11   0 0 0 0 0   -0.1501292584E-10     0.3031090277E-12     0     0.3618950141E-11     0.8631049562E-12
    0.1263999972E+02   0 0 0 0 0    0.8820964340E-10    -0.1878451992E-11     0    -0.2209699330E-10    -0.5463643059E-11   0 0 0 0 0   -0.1287905597E-10     0.2581009183E-12     0     0.3095160410E-11     0.7361347367E-12
    0.1267999972E+02   0 0 0 0 0    0.7626987305E-10    -0.1612580894E-11     0    -0.1904212773E-10    -0.4694091608E-11   0 0 0 0 0   -0.1104140088E-10     0.2196296839E-12     0     0.2645509050E-11     0.6274511562E-12
    0.1271999972E+02   0 0 0 0 0    0.6590675688E-10    -0.1383495562E-11     0    -0.1639993008E-10    -0.4030592004E-11   0 0 0 0 0   -0.9459815145E-11     0.1867667746E-12     0     0.2259736298E-11     0.5344761494E-12
    0.1275999971E+02   0 0 0 0 0    0.5691731289E-10    -0.1186222317E-11     0    -0.1411595721E-10    -0.3458849818E-11   0 0 0 0 0   -0.8099462811E-11     0.1587126179E-12     0     0.1928970064E-11     0.4549873435E-12
    0.1279999971E+02   0 0 0 0 0    0.4912401593E-10    -0.1016444332E-11     0    -0.1214277642E-10    -0.2966454181E-11   0 0 0 0 0   -0.6930132583E-11     0.1347791058E-12     0     0.1645542577E-11     0.3870700485E-12
    0.1283999971E+02   0 0 0 0 0    0.4237169084E-10    -0.8704169507E-12     0    -0.1043908506E-10    -0.2542635293E-11   0 0 0 0 0   -0.5925639048E-11     0.1143744049E-12     0     0.1402830683E-11     0.3290755844E-12
    0.1287999971E+02   0 0 0 0 0    0.3652477398E-10    -0.7448936502E-12     0    -0.8968937909E-11    -0.2178052408E-11   0 0 0 0 0   -0.5063299459E-11     0.9698978960E-13     0     0.1195116823E-11     0.2795851278E-12
    0.1291999971E+02   0 0 0 0 0    0.3146490094E-10    -0.6370613558E-12     0    -0.7701069416E-11    -0.1864608564E-11   0 0 0 0 0   -0.4323476798E-11     0.8218823456E-13     0     0.1017468074E-11     0.2373783624E-12
    0.1295999971E+02   0 0 0 0 0    0.2708878271E-10    -0.5444839459E-12     0    -0.6608299463E-11    -0.1595288762E-11   0 0 0 0 0   -0.3689180921E-11     0.6959453753E-13     0     0.8656309592E-12     0.2014063118E-12
    0.1299999971E+02   0 0 0 0 0    0.2330633674E-10    -0.4650529422E-12     0    -0.5667012692E-11    -0.1364018705E-11   0 0 0 0 0   -0.3145720617E-11     0.5888677139E-13     0     0.7359400338E-12     0.1707678068E-12
    0.1303999971E+02   0 0 0 0 0    0.2003904329E-10    -0.3969444918E-12     0    -0.4856702473E-11    -0.1165541538E-11   0 0 0 0 0   -0.2680400240E-11     0.4978889106E-13     0     0.6252384739E-12     0.1446891137E-12
    0.1307999971E+02   0 0 0 0 0    0.1721850070E-10    -0.3385818601E-12     0    -0.4159571741E-11    -0.9953103688E-12   0 0 0 0 0   -0.2282255359E-11     0.4206434281E-13     0     0.5308091383E-12     0.1225063077E-12
    0.1311999971E+02   0 0 0 0 0    0.1478515615E-10    -0.2886027453E-12     0    -0.3560183770E-11    -0.8493945787E-12   0 0 0 0 0   -0.1941822535E-11     0.3551054322E-13     0     0.4503147516E-12     0.1036500309E-12
    0.1315999971E+02   0 0 0 0 0    0.1268719126E-10    -0.2458308109E-12     0    -0.3045156827E-11    -0.7243982104E-12   0 0 0 0 0   -0.1650938943E-11     0.2995411218E-13     0     0.3817460335E-12     0.8763231780E-13
    0.1319999970E+02   0 0 0 0 0    0.1087954419E-10    -0.2092509054E-12     0    -0.2602897316E-11    -0.6173889090E-12   0 0 0 0 0   -0.1402568055E-11     0.2524675948E-13     0     0.3233767423E-12     0.7403521621E-13
    0.1323999970E+02   0 0 0 0 0    0.9323051936E-11    -0.1779875029E-12     0    -0.2223366707E-11    -0.5258360848E-12   0 0 0 0 0   -0.1190648104E-11     0.2126173730E-13     0     0.2737247352E-12     0.6250096330E-13
    0.1327999970E+02   0 0 0 0 0    0.7983698604E-11    -0.1512859581E-12     0    -0.1897878072E-11    -0.4475571312E-12   0 0 0 0 0   -0.1009960408E-11     0.1789078277E-13     0     0.2315182579E-12     0.5272350920E-13
    0.1331999970E+02   0 0 0 0 0    0.6831956776E-11    -0.1284962156E-12     0    -0.1618918567E-11    -0.3806706724E-12   0 0 0 0 0   -0.8560150392E-12     0.1504148429E-13     0     0.1956667795E-12     0.4444120776E-13
    0.1335999970E+02   0 0 0 0 0    0.5842210911E-11    -0.1090586612E-12     0    -0.1379994650E-11    -0.3235559456E-12   0 0 0 0 0   -0.7249515975E-12     0.1263501447E-13     0     0.1652357742E-12     0.3743051722E-13
    0.1339999970E+02   0 0 0 0 0    0.4992252766E-11    -0.9249184115E-13     0    -0.1175497177E-11    -0.2748175311E-12   0 0 0 0 0   -0.6134531518E-12     0.1060417961E-13     0     0.1394249287E-12     0.3150057451E-13
    0.1343999970E+02   0 0 0 0 0    0.4262840143E-11    -0.7838180730E-13     0    -0.1000583916E-11    -0.2332547436E-12   0 0 0 0 0   -0.5186716471E-12     0.8891742826E-14     0     0.1175493215E-12     0.2648852476E-13
    0.1347999970E+02   0 0 0 0 0    0.3637311213E-11    -0.6637287990E-13     0    -0.8510772649E-12    -0.1978350836E-12   0 0 0 0 0   -0.4381632891E-12     0.7448983147E-14     0     0.9902317800E-13     0.2225550322E-13
    0.1351999970E+02   0 0 0 0 0    0.3101247636E-11    -0.5615964315E-13     0    -0.7233752695E-12    -0.1676712231E-12   0 0 0 0 0   -0.3698326049E-12     0.6234458247E-14     0     0.8334585816E-13     0.1868318071E-13
    0.1355999970E+02   0 0 0 0 0    0.2642180455E-11    -0.4748001339E-13     0    -0.6143742585E-12    -0.1420010665E-12   0 0 0 0 0   -0.3118840480E-12     0.5212942702E-14     0     0.7008977720E-13     0.1567079517E-13
    0.1359999970E+02   0 0 0 0 0    0.2249333505E-11    -0.4010924004E-13     0    -0.5214016098E-12    -0.1201704855E-12   0 0 0 0 0   -0.2627801534E-12     0.4354517459E-14     0     0.5888999884E-13     0.1313260262E-13
    0.1363999970E+02   0 0 0 0 0    0.1913399681E-11    -0.3385471628E-13     0    -0.4421573622E-12    -0.1016183786E-12   0 0 0 0 0   -0.2212053832E-12     0.3633789501E-14     0     0.4943527535E-13     0.1099568959E-13
    0.1367999969E+02   0 0 0 0 0    0.1626345965E-11    -0.2855149378E-13     0    -0.3746635363E-12    -0.8586374879E-13   0 0 0 0 0   -0.1860349051E-12     0.3029223534E-14     0     0.4146033830E-13     0.9198096894E-14
    0.1371999969E+02   0 0 0 0 0    0.1381243634E-11    -0.2405840748E-13     0    -0.3172201740E-12    -0.7249453422E-13   0 0 0 0 0   -0.1563076519E-12     0.2522569992E-14     0     0.3473926945E-13     0.7687211531E-14
    0.1375999969E+02   0 0 0 0 0    0.1172120478E-11    -0.2025473014E-13     0    -0.2683672278E-12    -0.6115795934E-13   0 0 0 0 0   -0.1312030878E-12     0.2098375833E-14     0     0.2907980433E-13     0.6418389223E-14
    0.1379999969E+02   0 0 0 0 0    0.9938322612E-12    -0.1703728586E-13     0    -0.2268515440E-12    -0.5155220467E-13   0 0 0 0 0   -0.1100211861E-12     0.1743566403E-14     0     0.2431844040E-13     0.5353775299E-14
    0.1383999969E+02   0 0 0 0 0    0.8419509809E-12    -0.1431796101E-13     0    -0.1915982729E-12    -0.4341921924E-13   0 0 0 0 0   -0.9216518600E-13     0.1447088317E-14     0     0.2031623899E-13     0.4461296031E-14
    0.1387999969E+02   0 0 0 0 0    0.7126678033E-12    -0.1202155954E-13     0    -0.1616861312E-12    -0.3653852277E-13   0 0 0 0 0   -0.7712675220E-13     0.1199604661E-14     0     0.1695522501E-13     0.3713796336E-14
    0.1391999969E+02   0 0 0 0 0    0.6027087931E-12    -0.1008395608E-13     0    -0.1363260091E-12    -0.3072186467E-13   0 0 0 0 0   -0.6447321228E-13     0.9932350302E-15     0     0.1413530145E-13     0.3088303120E-14
    0.1395999969E+02   0 0 0 0 0    0.5092617994E-12    -0.8450506379E-14     0    -0.1148424822E-12    -0.2580862417E-13   0 0 0 0 0   -0.5383658774E-13     0.8213339756E-15     0     0.1177160685E-13     0.2565396370E-14
    0.1399999969E+02   0 0 0 0 0    0.4299130650E-12    -0.7074680396E-14     0    -0.9665784350E-13    -0.2166185126E-13   0 0 0 0 0   -0.4490417380E-13     0.6783023233E-15     0     0.9792253745E-14     0.2128672611E-14
    0.1403999969E+02   0 0 0 0 0    0.3625922994E-12    -0.5916887502E-14     0    -0.8127832143E-13    -0.1816486134E-13   0 0 0 0 0   -0.3741045486E-13     0.5594266056E-15     0     0.8136394492E-14     0.1764287477E-14
    0.1407999969E+02   0 0 0 0 0    0.3055251182E-12    -0.4943467510E-14     0    -0.6828219230E-13    -0.1521830806E-13   0 0 0 0 0   -0.3113017134E-13     0.4607425210E-15     0     0.6752568300E-14     0.1460566011E-14
    0.1411999968E+02   0 0 0 0 0    0.2571918879E-12    -0.4125824644E-14     0    -0.5730953311E-13    -0.1273766872E-13   0 0 0 0 0   -0.2587237825E-13     0.3789189157E-15     0     0.5597289577E-14     0.1207670895E-14
    0.1415999968E+02   0 0 0 0 0    0.2162921387E-12    -0.3439684852E-14     0    -0.4805339475E-13    -0.1065108563E-13   0 0 0 0 0   -0.2147535740E-13     0.3111592798E-15     0     0.4633843263E-14     0.9973202170E-15
    0.1419999968E+02   0 0 0 0 0    0.1817138116E-12    -0.2864459233E-14     0    -0.4025220348E-13    -0.8897514163E-14   0 0 0 0 0   -0.1780226389E-13     0.2551181794E-15     0     0.3831257545E-14     0.8225475322E-15
    0.1423999968E+02   0 0 0 0 0    0.1525067026E-12    -0.2382698862E-14     0    -0.3368322443E-13    -0.7425135086E-14   0 0 0 0 0   -0.1473740382E-13     0.2088304173E-15     0     0.3163428508E-14     0.6774980584E-15
    0.1427999968E+02   0 0 0 0 0    0.1278595474E-12    -0.1979628205E-14     0    -0.2815694246E-13    -0.6189994297E-14   0 0 0 0 0   -0.1218305397E-13     0.1706510330E-15     0     0.2608374814E-14     0.5572556733E-15
    0.1431999968E+02   0 0 0 0 0    0.1070802595E-12    -0.1642746078E-14     0    -0.2351223496E-13    -0.5154838247E-14   0 0 0 0 0   -0.1005674689E-13     0.1392045239E-15     0     0.2147603576E-14     0.4576961825E-15
    0.1435999968E+02   0 0 0 0 0    0.8957890330E-13    -0.1361484644E-14     0    -0.1961222803E-13    -0.4288117579E-14   0 0 0 0 0   -0.8288954968E-14     0.1133419096E-15     0     0.1765571273E-14     0.3753629614E-15
    0.1439999968E+02   0 0 0 0 0    0.7485303093E-13    -0.1126918218E-14     0    -0.1634074164E-13    -0.3563135271E-14   0 0 0 0 0   -0.6821116520E-14     0.9210445558E-16     0     0.1449225824E-14     0.3073616431E-15
    0.1443999968E+02   0 0 0 0 0    0.6247506649E-13    -0.9315147889E-15     0    -0.1359924247E-13    -0.2957318866E-14   0 0 0 0 0   -0.5603954705E-14     0.7469305342E-16     0     0.1187617901E-14     0.2512710072E-15
    0.1447999968E+02   0 0 0 0 0    0.5208145830E-13    -0.7689241626E-15     0    -0.1130423367E-13    -0.2451599142E-14   0 0 0 0 0   -0.4596047083E-14     0.6044239587E-16     0     0.9715713098E-15     0.2050676377E-15
    0.1451999968E+02   0 0 0 0 0    0.4336335917E-13    -0.6337974619E-15     0    -0.9385020583E-14    -0.2029880061E-14   0 0 0 0 0   -0.3762609415E-14     0.4879921728E-16     0     0.7934036647E-15     0.1670622759E-15
    0.1455999967E+02   0 0 0 0 0    0.3605862525E-13    -0.5216334726E-15     0    -0.7781799765E-14    -0.1678586901E-14   0 0 0 0 0   -0.3074462530E-14     0.3930397560E-16     0     0.6466899094E-15     0.1358460972E-15
    0.1459999967E+02   0 0 0 0 0    0.2994495233E-13    -0.4286479408E-15     0    -0.6444025712E-14    -0.1386281352E-14   0 0 0 0 0   -0.2507155458E-14     0.3157544632E-16     0     0.5260622663E-15     0.1102454042E-15
    0.1463999967E+02   0 0 0 0 0    0.2483399234E-13    -0.3516624875E-15     0    -0.5329016019E-14    -0.1143333880E-14   0 0 0 0 0   -0.2040221852E-14     0.2529777777E-16     0     0.4270411591E-15     0.8928344932E-16
    0.1467999967E+02   0 0 0 0 0    0.2056631415E-13    -0.2880102706E-15     0    -0.4400761088E-14    -0.9416450682E-15   0 0 0 0 0   -0.1656550010E-14     0.2020962536E-16     0     0.3458924380E-15     0.7214829552E-16
    0.1471999967E+02   0 0 0 0 0    0.1700709105E-13    -0.2354559455E-15     0    -0.3628909214E-14    -0.7744087916E-15   0 0 0 0 0   -0.1341849622E-14     0.1609503980E-16     0     0.2795069249E-15     0.5816578233E-16
    0.1475999967E+02   0 0 0 0 0    0.1404241301E-13    -0.1921278096E-15     0    -0.2987901890E-14    -0.6359111118E-15   0 0 0 0 0   -0.1084200825E-14     0.1277583416E-16     0     0.2252988830E-15     0.4677680869E-16
    0.1479999967E+02   0 0 0 0 0    0.1157613571E-13    -0.1564603158E-15     0    -0.2456237662E-14    -0.5213596300E-15   0 0 0 0 0   -0.8736732053E-15     0.1010519632E-16     0     0.1811205193E-15     0.3751826030E-16
    0.1483999967E+02   0 0 0 0 0    0.9527190624E-14    -0.1271454275E-15     0    -0.2015845985E-14    -0.4267388142E-15   0 0 0 0 0   -0.7020042294E-15     0.7962349444E-17     0     0.1451900550E-15     0.3000701236E-16
    0.1487999967E+02   0 0 0 0 0    0.7827290874E-14    -0.1030915064E-15     0    -0.1651555117E-14    -0.3486874547E-15   0 0 0 0 0   -0.5623280883E-15     0.6248093343E-17     0     0.1160312720E-15     0.2392652483E-16
    0.1491999967E+02   0 0 0 0 0    0.6418975461E-14    -0.8338853897E-16     0    -0.1350640164E-14    -0.2843949203E-15   0 0 0 0 0   -0.4489472868E-15     0.4881085653E-17     0     0.9242275416E-16     0.1901562119E-16
    0.1495999967E+02   0 0 0 0 0    0.5253944717E-14    -0.6727884602E-16     0    -0.1102439780E-14    -0.2315134570E-15   0 0 0 0 0   -0.3571404373E-15     0.3794743647E-17     0     0.7335531170E-16     0.1505910462E-16
    0.1499999966E+02   0 0 0 0 0    0.4291643420E-14    -0.5413232460E-16     0    -0.8980310830E-15    -0.1880840520E-15   0 0 0 0 0   -0.2830006891E-15     0.2934666184E-17     0     0.5799630809E-16     0.1187991887E-16
    0.1503999966E+02   0 0 0 0 0    0.3498057267E-14    -0.4342565195E-16     0    -0.7299544989E-15    -0.1524738835E-15   0 0 0 0 0   -0.2233000556E-15     0.2256491092E-17     0     0.4565980091E-16     0.9332606521E-17
    0.1507999966E+02   0 0 0 0 0    0.2844690225E-14    -0.3472473687E-16     0    -0.5919808009E-15    -0.1233235372E-15   0 0 0 0 0   -0.1753756146E-15     0.1724116699E-17     0     0.3578157714E-16     0.7297855887E-17
    0.1511999966E+02   0 0 0 0 0    0.2307697274E-14    -0.2766999296E-16     0    -0.4789142423E-15    -0.9950254347E-16   0 0 0 0 0   -0.1370341621E-15     0.1308227546E-17     0     0.2789830379E-16     0.5677960411E-17
    0.1515999966E+02   0 0 0 0 0    0.1867149328E-14    -0.2196396883E-16     0    -0.3864262863E-15    -0.8007194579E-16   0 0 0 0 0   -0.1064724203E-15     0.9850739071E-18     0     0.2163013553E-16     0.4393042280E-17
    0.1519999966E+02   0 0 0 0 0    0.1506410684E-14    -0.1736096189E-16     0    -0.3109152860E-15    -0.6425281393E-16   0 0 0 0 0   -0.8221034043E-16     0.7354628289E-18     0     0.1666622312E-16     0.3377915296E-17
    0.1523999966E+02   0 0 0 0 0    0.1211612467E-14    -0.1365831904E-16     0    -0.2493882194E-15    -0.5139979085E-16   0 0 0 0 0   -0.6303542118E-16     0.5439252468E-18     0     0.1275265373E-16     0.2579481961E-17
    0.1527999966E+02   0 0 0 0 0    0.9712076847E-15    -0.1068915461E-16     0    -0.1993611023E-15    -0.4097888918E-16   0 0 0 0 0   -0.4795628009E-16     0.3980294786E-18     0     0.9682427314E-17     0.1954576524E-17
    0.1531999966E+02   0 0 0 0 0    0.7755956151E-15    -0.8316260577E-17     0    -0.1587752147E-15    -0.3254887324E-16   0 0 0 0 0   -0.3616399164E-16     0.2878162598E-18     0     0.7287136344E-17     0.1468179876E-17
    0.1535999966E+02   0 0 0 0 0    0.6168050748E-15    -0.6427019454E-17     0    -0.1259267038E-15    -0.2574566392E-16   0 0 0 0 0   -0.2699993555E-16     0.2053345623E-18     0     0.5430068439E-17     0.1091944178E-17
    0.1539999966E+02   0 0 0 0 0    0.4882276469E-15    -0.4929160592E-17     0    -0.9940749665E-16    -0.2026929088E-16   0 0 0 0 0   -0.1992909642E-16     0.1442608662E-18     0     0.4000496665E-17     0.8029751732E-18
    0.1543999965E+02   0 0 0 0 0    0.3843932671E-15    -0.3747224250E-17     0    -0.7805576612E-16    -0.1587298896E-16   0 0 0 0 0   -0.1451792277E-16     0.9958743958E-19     0     0.2908959772E-17     0.5828286369E-18
    0.1547999965E+02   0 0 0 0 0    0.3007816082E-15    -0.2819616094E-17     0    -0.6091444116E-16    -0.1235409455E-16   0 0 0 0 0   -0.1041599496E-16     0.6736759438E-19     0     0.2083366716E-17     0.4166845636E-18
    0.1551999965E+02   0 0 0 0 0    0.2336639264E-15    -0.2096162545E-17     0    -0.4719653457E-16    -0.9546461452E-17   0 0 0 0 0   -0.7340871292E-17     0.4450790731E-19     0     0.1465786673E-17     0.2926687135E-18
    0.1555999965E+02   0 0 0 0 0    0.1799704480E-15    -0.1536076157E-17     0    -0.3625616922E-16    -0.7314143344E-17   0 0 0 0 0   -0.5065583286E-17     0.2859909449E-19     0     0.1009808523E-17     0.2012961856E-18
    0.1559999965E+02   0 0 0 0 0    0.1371795108E-15    -0.1106269955E-17     0    -0.2756443674E-16    -0.5546146019E-17   0 0 0 0 0   -0.3408336565E-17     0.1777863596E-19     0     0.6783728685E-18     0.1350159260E-18
    0.1563999965E+02   0 0 0 0 0    0.1032250432E-15    -0.7799604774E-18     0    -0.2068931474E-16    -0.4152075091E-17   0 0 0 0 0   -0.2224046447E-17     0.1061943027E-19     0     0.4419957801E-18     0.8783864608E-19
    0.1567999965E+02   0 0 0 0 0    0.7641949312E-16    -0.5355095694E-18     0    -0.1527899108E-16    -0.3058532832E-17   0 0 0 0 0   -0.1397398533E-17     0.6039741041E-20     0     0.2773170264E-18     0.5503360267E-19
    0.1571999965E+02   0 0 0 0 0    0.5538986630E-16    -0.3554658198E-18     0    -0.1104806630E-16    -0.2206145418E-17   0 0 0 0 0   -0.8371762830E-18     0.3230513875E-20     0     0.1659169331E-18     0.3288220161E-19
    0.1575999965E+02   0 0 0 0 0    0.3902485572E-16    -0.2257706769E-18     0    -0.7766181528E-17    -0.1547119316E-17   0 0 0 0 0   -0.4716413057E-18     0.1596819860E-20     0     0.9335563823E-19     0.1847848123E-19
    0.1579999965E+02   0 0 0 0 0    0.2643137900E-16    -0.1351000174E-18     0    -0.5248694507E-17    -0.1043242753E-17   0 0 0 0 0   -0.2447890878E-18     0.7107418738E-21     0     0.4839659662E-19     0.9568297820E-20
    0.1583999965E+02   0 0 0 0 0    0.1689913344E-16    -0.7431655385E-19     0    -0.3349093218E-17    -0.6642631296E-18   0 0 0 0 0   -0.1133342486E-18     0.2734809689E-21     0     0.2238302150E-19     0.4420516000E-20
    0.1587999965E+02   0 0 0 0 0    0.9872024120E-17    -0.3601224764E-19     0    -0.1952891755E-17    -0.3865836561E-18   0 0 0 0 0   -0.4430613930E-19     0.8483800725E-22     0     0.8741748169E-20     0.1724759435E-20
    0.1591999964E+02   0 0 0 0 0    0.4925449968E-17    -0.1412206554E-19     0    -0.9727843935E-18    -0.1922298982E-18   0 0 0 0 0   -0.1315848769E-19     0.1853272661E-22     0     0.2593941058E-20     0.5113386651E-21
    0.1595999964E+02   0 0 0 0 0    0.1747919859E-17    -0.3589950337E-20     0    -0.3447373559E-18    -0.6801889931E-19   0 0 0 0 0   -0.2316605847E-20     0.2069417381E-23     0     0.4563198574E-21     0.8988320898E-22
    0.1599999964E+02   0 0 0 0 0    0.1235251757E-18    -0.9531837867E-22     0    -0.2432420397E-19    -0.4791938015E-20   0 0 0 0 0   -0.1032796208E-21     0.5347150371E-25     0     0.2033286072E-22     0.4002877157E-23
