doc=
Frauenheim original (r/r0)**2, r0=1.85*r_cov, 
Frauenheim repulsion (probably)



# CC REPULSION
# 100
repulsion=
  0.00000000 24.35676686
  0.04141414 22.99868249
  0.08282828 21.70217817
  0.12424242 20.46513384
  0.16565657 19.28547858
  0.20707071 18.16118999
  0.24848485 17.09029365
  0.28989899 16.07086256
  0.33131313 15.10101652
  0.37272727 14.17892160
  0.41414141 13.30278954
  0.45555556 12.47087718
  0.49696970 11.68148591
  0.53838384 10.93296107
  0.57979798 10.22369138
  0.62121212  9.55210839
  0.66262626  8.91668588
  0.70404040  8.31593928
  0.74545455  7.74842513
  0.78686869  7.21274050
  0.82828283  6.70752238
  0.86969697  6.23144715
  0.91111111  5.78322998
  0.95252525  5.36162428
  0.99393939  4.96542110
  1.03535354  4.59344857
  1.07676768  4.24457133
  1.11818182  3.91768995
  1.15959596  3.61174036
  1.20101010  3.32569327
  1.24242424  3.05855363
  1.28383838  2.80935999
  1.32525253  2.57718398
  1.36666667  2.36112975
  1.40808081  2.16033333
  1.44949495  1.97396211
  1.49090909  1.80121426
  1.53232323  1.64131815
  1.57373737  1.49353176
  1.61515152  1.35714213
  1.65656566  1.23146480
  1.69797980  1.11584318
  1.73939394  1.00964804
  1.78080808  0.91227689
  1.82222222  0.82315345
  1.86363636  0.74172702
  1.90505051  0.66747198
  1.94646465  0.59988713
  1.98787879  0.53849520
  2.02929293  0.48284222
  2.07070707  0.43249698
  2.11212121  0.38705042
  2.15353535  0.34611510
  2.19494949  0.30932460
  2.23636364  0.27633294
  2.27777778  0.24681405
  2.31919192  0.22046112
  2.36060606  0.19698613
  2.40202020  0.17611916
  2.44343434  0.15760792
  2.48484848  0.14121711
  2.52626263  0.12672788
  2.56767677  0.11393724
  2.60909091  0.10265749
  2.65050505  0.09271566
  2.69191919  0.08395291
  2.73333333  0.07622399
  2.77474747  0.06939663
  2.81616162  0.06335100
  2.85757576  0.05797913
  2.89898990  0.05318431
  2.94040404  0.04888054
  2.98181818  0.04499196
  3.02323232  0.04145226
  3.06464646  0.03820413
  3.10606061  0.03519866
  3.14747475  0.03239478
  3.18888889  0.02975870
  3.23030303  0.02726329
  3.27171717  0.02488758
  3.31313131  0.02261612
  3.35454545  0.02043843
  3.39595960  0.01834845
  3.43737374  0.01634392
  3.47878788  0.01442586
  3.52020202  0.01259795
  3.56161616  0.01086597
  3.60303030  0.00923725
  3.64444444  0.00772008
  3.68585859  0.00632312
  3.72727273  0.00505485
  3.76868687  0.00392299
  3.81010101  0.00293392
  3.85151515  0.00209213
  3.89292929  0.00139961
  3.93434343  0.00085530
  3.97575758  0.00045451
  4.01717172  0.00018837
  4.05858586  0.00004320
  4.10000000  0.00000000


# C C Slater-Koster table (Bernd's)
# 401
C_C_table=
    0                   0 0 0 0 0   -0.1629310784E+01    -0.1629541063E+01     0     0.1870815319E-03    -0.2572718766E+01    0 0 0 0 0    0.9999999794E+00     0.9999999577E+00     0    -0.7492792084E-06     0.9999998174E+00
    0.3999999911E-01    0 0 0 0 0   -0.1621430373E+01    -0.1626834220E+01     0     0.9264240420E-01    -0.2526755942E+01    0 0 0 0 0    0.9982211531E+00     0.9994067886E+00     0     0.9682125679E-02     0.9988688273E+00
    0.7999999821E-01    0 0 0 0 0   -0.1597663554E+01    -0.1618821079E+01     0     0.1767078914E+00    -0.2410369807E+01    0 0 0 0 0    0.9929056167E+00     0.9976314722E+00     0     0.1954732489E-01     0.9955589113E+00
    0.1199999973E+00    0 0 0 0 0   -0.1559588957E+01    -0.1605796634E+01     0     0.2475281913E+00    -0.2255153906E+01    0 0 0 0 0    0.9841146163E+00     0.9946863739E+00     0     0.2975867344E-01     0.9902801409E+00
    0.1599999964E+00    0 0 0 0 0   -0.1509004616E+01    -0.1588162106E+01     0     0.3029063059E+00    -0.2083049742E+01    0 0 0 0 0    0.9719464100E+00     0.9905915201E+00     0     0.4045071994E-01     0.9833069835E+00
    0.1999999955E+00    0 0 0 0 0   -0.1447876148E+01    -0.1566376874E+01     0     0.3423939665E+00    -0.1908415544E+01    0 0 0 0 0    0.9565317271E+00     0.9853738955E+00     0     0.5172400531E-01     0.9749344215E+00
    0.2399999946E+00    0 0 0 0 0   -0.1378180613E+01    -0.1540924341E+01     0     0.3666240366E+00    -0.1740276373E+01    0 0 0 0 0    0.9380287828E+00     0.9790666442E+00     0     0.6364444352E-01     0.9654506586E+00
    0.2799999937E+00    0 0 0 0 0   -0.1301808139E+01    -0.1512288798E+01     0     0.3768625664E+00    -0.1583972625E+01    0 0 0 0 0    0.9166182377E+00     0.9717082354E+00     0     0.7624516249E-01     0.9551211580E+00
    0.3199999928E+00    0 0 0 0 0   -0.1220504645E+01    -0.1480940076E+01     0     0.3747103192E+00    -0.1442331317E+01    0 0 0 0 0    0.8924983555E+00     0.9633416354E+00     0     0.8952973795E-01     0.9441802648E+00
    0.3599999920E+00    0 0 0 0 0   -0.1135841840E+01    -0.1447323688E+01     0     0.3619053766E+00    -0.1316490479E+01    0 0 0 0 0    0.8658805071E+00     0.9540135115E+00     0     0.1034761202E+00     0.9328278093E+00
    0.3999999911E+00    0 0 0 0 0   -0.1049205320E+01    -0.1411854846E+01     0     0.3401942104E+00    -0.1206477743E+01    0 0 0 0 0    0.8369850982E+00     0.9437734851E+00     0     0.1180407982E+00     0.9212288994E+00
    0.4399999902E+00    0 0 0 0 0   -0.9617946604E+00    -0.1374915252E+01     0     0.3112495792E+00    -0.1111615932E+01    0 0 0 0 0    0.8060379541E+00     0.9326734421E+00     0     0.1331629108E+00     0.9095156788E+00
    0.4799999893E+00    0 0 0 0 0   -0.8746313094E+00    -0.1336851839E+01     0     0.2766208817E+00    -0.1030806554E+01    0 0 0 0 0    0.7732671616E+00     0.9207669068E+00     0     0.1487681221E+00     0.8977902157E+00
    0.5199999884E+00    0 0 0 0 0   -0.7885712538E+00    -0.1297976910E+01     0     0.2377072661E+00    -0.9627264208E+00    0 0 0 0 0    0.7389003533E+00     0.9081084779E+00     0     0.1647721594E+00     0.8861279582E+00
    0.5599999875E+00    0 0 0 0 0   -0.7043202533E+00    -0.1258569220E+01     0     0.1957466950E+00    -0.9059619260E+00    0 0 0 0 0    0.7031624010E+00     0.8947533281E+00     0     0.1810839581E+00     0.8745813784E+00
    0.5999999866E+00    0 0 0 0 0   -0.6224500086E+00    -0.1218875682E+01     0     0.1518159560E+00    -0.8590983592E+00    0 0 0 0 0    0.6662734855E+00     0.8807567620E+00     0     0.1976084016E+00     0.8631835636E+00
    0.6399999857E+00    0 0 0 0 0   -0.5434141310E+00    -0.1179113439E+01     0     0.1068377752E+00    -0.8207769184E+00    0 0 0 0 0    0.6284475014E+00     0.8661738308E+00     0     0.2142486620E+00     0.8519516039E+00
    0.6799999848E+00    0 0 0 0 0   -0.4675632034E+00    -0.1139472126E+01     0     0.6159208228E-01    -0.7897288324E+00    0 0 0 0 0    0.5898907609E+00     0.8510589967E+00     0     0.2309081678E+00     0.8408896900E+00
    0.7199999839E+00    0 0 0 0 0   -0.3951585679E+00    -0.1100116170E+01     0     0.1672926572E-01    -0.7647936280E+00    0 0 0 0 0    0.5508009599E+00     0.8354658462E+00     0     0.2474922305E+00     0.8299918843E+00
    0.7599999830E+00    0 0 0 0 0   -0.3263847260E+00    -0.1061187067E+01     0    -0.2721603931E-01    -0.7449267195E+00    0 0 0 0 0    0.5113663742E+00     0.8194468446E+00     0     0.2639093665E+00     0.8192445537E+00
    0.7999999821E+00    0 0 0 0 0   -0.2613603850E+00    -0.1022805548E+01     0    -0.6981151324E-01    -0.7292000262E+00    0 0 0 0 0    0.4717652563E+00     0.8030531293E+00     0     0.2800723488E+00     0.8086284717E+00
    0.8399999812E+00    0 0 0 0 0   -0.2001482587E+00    -0.9850736333E+00     0    -0.1107145312E+00    -0.7167981969E+00    0 0 0 0 0    0.4321654072E+00     0.7863343382E+00     0     0.2958990243E+00     0.7981206107E+00
    0.8799999803E+00    0 0 0 0 0   -0.1427637519E+00    -0.9480765362E+00     0    -0.1496605605E+00    -0.7070121942E+00    0 0 0 0 0    0.3927238996E+00     0.7693384683E+00     0     0.3113129255E+00     0.7876956485E+00
    0.9199999794E+00    0 0 0 0 0   -0.8918265197E-01    -0.9118844335E+00     0    -0.1864526266E+00    -0.6992314096E+00    0 0 0 0 0    0.3535869311E+00     0.7521117624E+00     0     0.3262437069E+00     0.7773272157E+00
    0.9599999785E+00    0 0 0 0 0   -0.3934793646E-01    -0.8765540914E+00     0    -0.2209518208E+00    -0.6929350830E+00    0 0 0 0 0    0.3148897911E+00     0.7346986206E+00     0     0.3406274298E+00     0.7669889126E+00
    0.9999999776E+00    0 0 0 0 0    0.6824211602E-02    -0.8421303576E+00     0    -0.2530687891E+00    -0.6876835370E+00    0 0 0 0 0    0.2767569217E+00     0.7171415331E+00     0     0.3544067186E+00     0.7566551230E+00
    0.1039999977E+01    0 0 0 0 0    0.4943910459E-01    -0.8086475273E+00     0    -0.2827561315E+00    -0.6831095547E+00    0 0 0 0 0    0.2393020605E+00     0.6994810330E+00     0     0.3675308080E+00     0.7463016492E+00
    0.1079999976E+01    0 0 0 0 0    0.8861890098E-01    -0.7761305891E+00     0    -0.3100016406E+00    -0.6789101136E+00    0 0 0 0 0    0.2026284512E+00     0.6817556659E+00     0     0.3799555004E+00     0.7359061935E+00
    0.1119999975E+01    0 0 0 0 0    0.1244985483E+00    -0.7445963593E+00     0    -0.3348223101E+00    -0.6748386064E+00    0 0 0 0 0    0.1668291090E+00     0.6640019747E+00     0     0.3916430468E+00     0.7254487071E+00
    0.1159999974E+01    0 0 0 0 0    0.1572222658E+00    -0.7140545122E+00     0    -0.3572590509E+00    -0.6706976239E+00    0 0 0 0 0    0.1319871326E+00     0.6462544974E+00     0     0.4025619674E+00     0.7149116273E+00
    0.1199999973E+01    0 0 0 0 0    0.1869405184E+00    -0.6845085131E+00     0    -0.3773720529E+00    -0.6663323371E+00    0 0 0 0 0    0.9817605217E-01     0.6285457764E+00     0     0.4126868231E+00     0.7042800197E+00
    0.1239999972E+01    0 0 0 0 0    0.2138074358E+00    -0.6559564606E+00     0    -0.3952367388E+00    -0.6616244885E+00    0 0 0 0 0    0.6546020485E-01     0.6109063776E+00     0     0.4219979484E+00     0.6935416424E+00
    0.1279999971E+01    0 0 0 0 0    0.2379786330E+00    -0.6283918466E+00     0    -0.4109402540E+00    -0.6564869840E+00    0 0 0 0 0    0.3389513243E-01     0.5933649183E+00     0     0.4304811559E+00     0.6826869459E+00
    0.1319999970E+01    0 0 0 0 0    0.2596093910E+00    -0.6018042366E+00     0    -0.4245784438E+00    -0.6508590634E+00    0 0 0 0 0    0.3527993560E-02     0.5759481021E+00     0     0.4381274190E+00     0.6717090208E+00
    0.1359999970E+01    0 0 0 0 0    0.2788531584E+00    -0.5761798805E+00     0    -0.4362532687E+00    -0.6447020194E+00    0 0 0 0 0   -0.2560201398E-01     0.5586807598E+00     0     0.4449325419E+00     0.6606035051E+00
    0.1399999969E+01    0 0 0 0 0    0.2958603358E+00    -0.5515022565E+00     0    -0.4460706133E+00    -0.6379954287E+00    0 0 0 0 0   -0.5346322565E-01     0.5415858958E+00     0     0.4508968202E+00     0.6493684592E+00
    0.1439999968E+01    0 0 0 0 0    0.3107773093E+00    -0.5277525541E+00     0    -0.4541384452E+00    -0.6307338558E+00    0 0 0 0 0   -0.8003108079E-01     0.5246847382E+00     0     0.4560246996E+00     0.6380042175E+00
    0.1479999967E+01    0 0 0 0 0    0.3237457011E+00    -0.5049101034E+00     0    -0.4605652842E+00    -0.6229239898E+00    0 0 0 0 0   -0.1052876949E+00     0.5079967930E+00     0     0.4603244347E+00     0.6265132230E+00
    0.1519999966E+01    0 0 0 0 0    0.3349018054E+00    -0.4829527521E+00     0    -0.4654589451E+00    -0.6145821722E+00    0 0 0 0 0   -0.1292214360E+00     0.4915399002E+00     0     0.4638077522E+00     0.6148998510E+00
    0.1559999965E+01    0 0 0 0 0    0.3443761861E+00    -0.4618571980E+00     0    -0.4689255187E+00    -0.6057322774E+00    0 0 0 0 0   -0.1518265075E+00     0.4753302928E+00     0     0.4664895223E+00     0.6031702260E+00
    0.1599999964E+01    0 0 0 0 0    0.3522934086E+00    -0.4415992798E+00     0    -0.4710685612E+00    -0.5964039076E+00    0 0 0 0 0   -0.1731025393E+00     0.4593826566E+00     0     0.4683874386E+00     0.5913320368E+00
    0.1639999963E+01    0 0 0 0 0    0.3587718865E+00    -0.4221542297E+00     0    -0.4719884614E+00    -0.5866308653E+00    0 0 0 0 0   -0.1930541880E+00     0.4437101915E+00     0     0.4695217091E+00     0.5793943522E+00
    0.1679999962E+01    0 0 0 0 0    0.3639238219E+00    -0.4034968936E+00     0    -0.4717819626E+00    -0.5764498724E+00    0 0 0 0 0   -0.2116907490E+00     0.4283246737E+00     0     0.4699147601E+00     0.5673674397E+00
    0.1719999962E+01    0 0 0 0 0    0.3678552240E+00    -0.3856019198E+00     0    -0.4705418137E+00    -0.5658995028E+00    0 0 0 0 0   -0.2290257790E+00     0.4132365173E+00     0     0.4695909536E+00     0.5552625904E+00
    0.1759999961E+01    0 0 0 0 0    0.3706659895E+00    -0.3684439219E+00     0    -0.4683565306E+00    -0.5550193024E+00    0 0 0 0 0   -0.2450767320E+00     0.3984548364E+00     0     0.4685763186E+00     0.5430919505E+00
    0.1799999960E+01    0 0 0 0 0    0.3724500336E+00    -0.3519976167E+00     0    -0.4653102498E+00    -0.5438490707E+00    0 0 0 0 0   -0.2598646077E+00     0.3839875075E+00     0     0.4668982964E+00     0.5308683612E+00
    0.1839999959E+01    0 0 0 0 0    0.3732954584E+00    -0.3362379415E+00     0    -0.4614826568E+00    -0.5324282809E+00    0 0 0 0 0   -0.2734136131E+00     0.3698412299E+00     0     0.4645855018E+00     0.5186052073E+00
    0.1879999958E+01    0 0 0 0 0    0.3732847517E+00    -0.3211401521E+00     0    -0.4569489778E+00    -0.5207956192E+00    0 0 0 0 0   -0.2857508383E+00     0.3560215866E+00     0     0.4616674980E+00     0.5063162761E+00
    0.1919999957E+01    0 0 0 0 0    0.3724950061E+00    -0.3066799047E+00     0    -0.4517800208E+00    -0.5089886249E+00    0 0 0 0 0   -0.2969059453E+00     0.3425331034E+00     0     0.4581745865E+00     0.4940156257E+00
    0.1959999956E+01    0 0 0 0 0    0.3709981529E+00    -0.2928333222E+00     0    -0.4460422564E+00    -0.4970434162E+00    0 0 0 0 0   -0.3069108710E+00     0.3293793080E+00     0     0.4541376121E+00     0.4817174634E+00
    0.1999999955E+01    0 0 0 0 0    0.3688612050E+00    -0.2795770487E+00     0    -0.4397979306E+00    -0.4849944868E+00    0 0 0 0 0   -0.3157995442E+00     0.3165627865E+00     0     0.4495877806E+00     0.4694360342E+00
    0.2039999954E+01    0 0 0 0 0    0.3661465035E+00    -0.2668882924E+00     0    -0.4331051997E+00    -0.4728745632E+00    0 0 0 0 0   -0.3236076157E+00     0.3040852397E+00     0     0.4445564917E+00     0.4571855200E+00
    0.2079999954E+01    0 0 0 0 0    0.3629119662E+00    -0.2547448588E+00     0    -0.4260182841E+00    -0.4607145104E+00    0 0 0 0 0   -0.3303722028E+00     0.2919475372E+00     0     0.4390751843E+00     0.4449799469E+00
    0.2119999953E+01    0 0 0 0 0    0.3592113324E+00    -0.2431251755E+00     0    -0.4185876325E+00    -0.4485432789E+00    0 0 0 0 0   -0.3361316469E+00     0.2801497712E+00     0     0.4331751952E+00     0.4328331034E+00
    0.2159999952E+01    0 0 0 0 0    0.3550944041E+00    -0.2320083096E+00     0    -0.4108600954E+00    -0.4363878841E+00    0 0 0 0 0   -0.3409252844E+00     0.2686913072E+00     0     0.4268876294E+00     0.4207584669E+00
    0.2199999951E+01    0 0 0 0 0    0.3506072803E+00    -0.2213739792E+00     0    -0.4028791015E+00    -0.4242734124E+00    0 0 0 0 0   -0.3447932307E+00     0.2575708341E+00     0     0.4202432435E+00     0.4087691387E+00
    0.2239999950E+01    0 0 0 0 0    0.3457925840E+00    -0.2112025592E+00     0    -0.3946848361E+00    -0.4122230484E+00    0 0 0 0 0   -0.3477761775E+00     0.2467864130E+00     0     0.4132723387E+00     0.3968777876E+00
    0.2279999949E+01    0 0 0 0 0    0.3406896803E+00    -0.2014750828E+00     0    -0.3863144183E+00    -0.4002581181E+00    0 0 0 0 0   -0.3499152024E+00     0.2363355234E+00     0     0.4060046662E+00     0.3850966009E+00
    0.2319999948E+01    0 0 0 0 0    0.3353348849E+00    -0.1921732394E+00     0    -0.3778020754E+00    -0.3883981448E+00    0 0 0 0 0   -0.3512515910E+00     0.2262151081E+00     0     0.3984693417E+00     0.3734372426E+00
    0.2359999947E+01    0 0 0 0 0    0.3297616642E+00    -0.1832793683E+00     0    -0.3691793129E+00    -0.3766609150E+00    0 0 0 0 0   -0.3518266709E+00     0.2164216173E+00     0     0.3906947704E+00     0.3619108187E+00
    0.2399999946E+01    0 0 0 0 0    0.3240008237E+00    -0.1747764512E+00     0    -0.3604750795E+00    -0.3650625495E+00    0 0 0 0 0   -0.3516816578E+00     0.2069510493E+00     0     0.3827085802E+00     0.3505278485E+00
    0.2439999945E+01    0 0 0 0 0    0.3180806882E+00    -0.1666481009E+00     0    -0.3517159261E+00    -0.3536175806E+00    0 0 0 0 0   -0.3508575134E+00     0.1977989914E+00     0     0.3745375646E+00     0.3392982419E+00
    0.2479999945E+01    0 0 0 0 0    0.3120272714E+00    -0.1588785499E+00     0    -0.3429261578E+00    -0.3423390308E+00    0 0 0 0 0   -0.3493948134E+00     0.1889606577E+00     0     0.3662076333E+00     0.3282312824E+00
    0.2519999944E+01    0 0 0 0 0    0.3058644360E+00    -0.1514526359E+00     0    -0.3341279797E+00    -0.3312384937E+00    0 0 0 0 0   -0.3473336276E+00     0.1804309260E+00     0     0.3577437702E+00     0.3173356145E+00
    0.2559999943E+01    0 0 0 0 0    0.2996140449E+00    -0.1443557873E+00     0    -0.3253416352E+00    -0.3203262143E+00    0 0 0 0 0   -0.3447134097E+00     0.1722043728E+00     0     0.3491699991E+00     0.3066192359E+00
    0.2599999942E+01    0 0 0 0 0    0.2932961029E+00    -0.1375740073E+00     0    -0.3165855370E+00    -0.3096111690E+00    0 0 0 0 0   -0.3415728978E+00     0.1642753068E+00     0     0.3405093558E+00     0.2960894946E+00
    0.2639999941E+01    0 0 0 0 0    0.2869288902E+00    -0.1310938574E+00     0    -0.3078763921E+00    -0.2991011443E+00    0 0 0 0 0   -0.3379500242E+00     0.1566378006E+00     0     0.3317838668E+00     0.2857530888E+00
    0.2679999940E+01    0 0 0 0 0    0.2805290876E+00    -0.1249024409E+00     0    -0.2992293183E+00    -0.2888028129E+00    0 0 0 0 0   -0.3338818349E+00     0.1492857212E+00     0     0.3230145334E+00     0.2756160706E+00
    0.2719999939E+01    0 0 0 0 0    0.2741118934E+00    -0.1189873852E+00     0    -0.2906579554E+00    -0.2787218080E+00    0 0 0 0 0   -0.3294044184E+00     0.1422127583E+00     0     0.3142213216E+00     0.2656838534E+00
    0.2759999938E+01    0 0 0 0 0    0.2676911338E+00    -0.1133368250E+00     0    -0.2821745691E+00    -0.2688627947E+00    0 0 0 0 0   -0.3245528429E+00     0.1354124520E+00     0     0.3054231570E+00     0.2559612211E+00
    0.2799999937E+01    0 0 0 0 0    0.2612793647E+00    -0.1079393846E+00     0    -0.2737901486E+00    -0.2592295386E+00    0 0 0 0 0   -0.3193611017E+00     0.1288782180E+00     0     0.2966379243E+00     0.2464523404E+00
    0.2839999937E+01    0 0 0 0 0    0.2548879687E+00    -0.1027841605E+00     0    -0.2655144989E+00    -0.2498249711E+00    0 0 0 0 0   -0.3138620667E+00     0.1226033719E+00     0     0.2878824710E+00     0.2371607754E+00
    0.2879999936E+01    0 0 0 0 0    0.2485272438E+00    -0.9786070482E-01     0    -0.2573563263E+00    -0.2406512523E+00    0 0 0 0 0   -0.3080874500E+00     0.1165811524E+00     0     0.2791726150E+00     0.2280895036E+00
    0.2919999935E+01    0 0 0 0 0    0.2422064875E+00    -0.9315900787E-01     0    -0.2493233194E+00    -0.2317098300E+00    0 0 0 0 0   -0.3020677714E+00     0.1108047422E+00     0     0.2705231559E+00     0.2192409341E+00
    0.2959999934E+01    0 0 0 0 0    0.2359340748E+00    -0.8866948173E-01     0    -0.2414222248E+00    -0.2230014965E+00    0 0 0 0 0   -0.2958323337E+00     0.1052672883E+00     0     0.2619478899E+00     0.2106169269E+00
    0.2999999933E+01    0 0 0 0 0    0.2297175305E+00    -0.8438294391E-01     0    -0.2336589170E+00    -0.2145264414E+00    0 0 0 0 0   -0.2894092044E+00     0.9996192082E-01     0     0.2534596263E+00     0.2022188135E+00
    0.3039999932E+01    0 0 0 0 0    0.2235635969E+00    -0.8029060143E-01     0    -0.2260384652E+00    -0.2062843028E+00    0 0 0 0 0   -0.2828252025E+00     0.9488177021E-01     0     0.2450702088E+00     0.1940474185E+00
    0.3079999931E+01    0 0 0 0 0    0.2174782965E+00    -0.7638403526E-01     0    -0.2185651946E+00    -0.1982742140E+00    0 0 0 0 0   -0.2761058919E+00     0.9001998371E-01     0     0.2367905367E+00     0.1861030822E+00
    0.3119999930E+01    0 0 0 0 0    0.2114669906E+00    -0.7265518518E-01     0    -0.2112427440E+00    -0.1904948487E+00    0 0 0 0 0   -0.2692755793E+00     0.8536974025E-01     0     0.2286305901E+00     0.1783856834E+00
    0.3159999929E+01    0 0 0 0 0    0.2055344331E+00    -0.6909633516E-01     0    -0.2040741196E+00    -0.1829444632E+00    0 0 0 0 0   -0.2623573178E+00     0.8092426442E-01     0     0.2205994560E+00     0.1708946630E+00
    0.3199999928E+01    0 0 0 0 0    0.1996848207E+00    -0.6570009905E-01     0    -0.1970617454E+00    -0.1756209355E+00    0 0 0 0 0   -0.2553729142E+00     0.7667683922E-01     0     0.2127053561E+00     0.1636290479E+00
    0.3239999928E+01    0 0 0 0 0    0.1939218396E+00    -0.6245940684E-01     0    -0.1902075095E+00    -0.1685218029E+00    0 0 0 0 0   -0.2483429408E+00     0.7262081774E-01     0     0.2049556760E+00     0.1565874751E+00
    0.3279999927E+01    0 0 0 0 0    0.1882487079E+00    -0.5936749135E-01     0    -0.1835128083E+00    -0.1616442961E+00    0 0 0 0 0   -0.2412867509E+00     0.6874963392E-01     0     0.1973569952E+00     0.1497682153E+00
    0.3319999926E+01    0 0 0 0 0    0.1826682157E+00    -0.5641787535E-01     0    -0.1769785866E+00    -0.1549853722E+00    0 0 0 0 0   -0.2342224982E+00     0.6505681217E-01     0     0.1899151186E+00     0.1431691975E+00
    0.3359999925E+01    0 0 0 0 0    0.1771827614E+00    -0.5360435924E-01     0    -0.1706053757E+00    -0.1485417446E+00    0 0 0 0 0   -0.2271671586E+00     0.6153597620E-01     0     0.1826351084E+00     0.1367880323E+00
    0.3399999924E+01    0 0 0 0 0    0.1717943854E+00    -0.5092100904E-01     0    -0.1643933285E+00    -0.1423099118E+00    0 0 0 0 0   -0.2201365553E+00     0.5818085688E-01     0     0.1755213161E+00     0.1306220354E+00
    0.3439999923E+01    0 0 0 0 0    0.1665048011E+00    -0.4836214502E-01     0    -0.1583422526E+00    -0.1362861833E+00    0 0 0 0 0   -0.2131453867E+00     0.5498529922E-01     0     0.1685774153E+00     0.1246682512E+00
    0.3479999922E+01    0 0 0 0 0    0.1613154234E+00    -0.4592233059E-01     0    -0.1524516403E+00    -0.1304667042E+00    0 0 0 0 0   -0.2062072554E+00     0.5194326863E-01     0     0.1618064350E+00     0.1189234750E+00
    0.3519999921E+01    0 0 0 0 0    0.1562273945E+00    -0.4359636181E-01     0    -0.1467206972E+00    -0.1248474785E+00    0 0 0 0 0   -0.1993347005E+00     0.4904885628E-01     0     0.1552107922E+00     0.1133842754E+00
    0.3559999920E+01    0 0 0 0 0    0.1512416080E+00    -0.4137925718E-01     0    -0.1411483686E+00    -0.1194243896E+00    0 0 0 0 0   -0.1925392306E+00     0.4629628386E-01     0     0.1487923246E+00     0.1080470160E+00
    0.3599999920E+01    0 0 0 0 0    0.1463587306E+00    -0.3926624797E-01     0    -0.1357333639E+00    -0.1141932205E+00    0 0 0 0 0   -0.1858313587E+00     0.4367990757E-01     0     0.1425523237E+00     0.1029078762E+00
    0.3639999919E+01    0 0 0 0 0    0.1415792225E+00    -0.3725276889E-01     0    -0.1304741792E+00    -0.1091496716E+00    0 0 0 0 0   -0.1792206380E+00     0.4119422145E-01     0     0.1364915666E+00     0.9796287144E-01
    0.3679999918E+01    0 0 0 0 0    0.1369033547E+00    -0.3533444918E-01     0    -0.1253691187E+00    -0.1042893780E+00    0 0 0 0 0   -0.1727156985E+00     0.3883386016E-01     0     0.1306103484E+00     0.9320787316E-01
    0.3719999917E+01    0 0 0 0 0    0.1323312265E+00    -0.3350710407E-01     0    -0.1204163138E+00    -0.9960792423E-01    0 0 0 0 0   -0.1663242849E+00     0.3659360111E-01     0     0.1249085128E+00     0.8863862732E-01
    0.3759999916E+01    0 0 0 0 0    0.1278627799E+00    -0.3176672669E-01     0    -0.1156137416E+00    -0.9510085938E-01    0 0 0 0 0   -0.1600532943E+00     0.3446836612E-01     0     0.1193854834E+00     0.8425077266E-01
    0.3799999915E+01    0 0 0 0 0    0.1234978137E+00    -0.3010948025E-01     0    -0.1109592417E+00    -0.9076370971E-01    0 0 0 0 0   -0.1539088149E+00     0.3245322248E-01     0     0.1140402934E+00     0.8003985793E-01
    0.3839999914E+01    0 0 0 0 0    0.1192359959E+00    -0.2853169060E-01     0    -0.1064505316E+00    -0.8659199090E-01    0 0 0 0 0   -0.1478961638E+00     0.3054338369E-01     0     0.1088716148E+00     0.7600135841E-01
    0.3879999913E+01    0 0 0 0 0    0.1150768748E+00    -0.2702983916E-01     0    -0.1020852211E+00    -0.8258121913E-01    0 0 0 0 0   -0.1420199263E+00     0.2873420958E-01     0     0.1038777869E+00     0.7213069161E-01
    0.3919999912E+01    0 0 0 0 0    0.1110198893E+00    -0.2560055614E-01     0    -0.9786082603E-01    -0.7872692110E-01    0 0 0 0 0   -0.1362839933E+00     0.2702120619E-01     0     0.9905684394E-01     0.6842323209E-01
    0.3959999911E+01    0 0 0 0 0    0.1070643783E+00    -0.2424061408E-01     0    -0.9377478018E-01    -0.7502464334E-01    0 0 0 0 0   -0.1306915999E+00     0.2540002515E-01     0     0.9440654142E-01     0.6487432557E-01
    0.3999999911E+01    0 0 0 0 0    0.1032095890E+00    -0.2294692170E-01     0    -0.8982444701E-01    -0.7146996053E-01    0 0 0 0 0   -0.1252453623E+00     0.2386646281E-01     0     0.8992438196E-01     0.6147930210E-01
    0.4039999910E+01    0 0 0 0 0    0.9945468471E-01    -0.2171651802E-01     0    -0.8600713013E-01    -0.6805848314E-01    0 0 0 0 0   -0.1199473152E+00     0.2241645903E-01     0     0.8560763992E-01     0.5823348851E-01
    0.4079999909E+01    0 0 0 0 0    0.9579875150E-01    -0.2054656676E-01     0    -0.8232008309E-01    -0.6478586431E-01    0 0 0 0 0   -0.1147989475E+00     0.2104609561E-01     0     0.8145338509E-01     0.5513221999E-01
    0.4119999908E+01    0 0 0 0 0    0.9224080471E-01    -0.1943435101E-01     0    -0.7876051845E-01    -0.6164780602E-01    0 0 0 0 0   -0.1098012383E+00     0.1975159458E-01     0     0.7745850533E-01     0.5217085098E-01
    0.4159999907E+01    0 0 0 0 0    0.8877979463E-01    -0.1837726815E-01     0    -0.7532561611E-01    -0.5864006468E-01    0 0 0 0 0   -0.1049546910E+00     0.1852931619E-01     0     0.7361972822E-01     0.4934476513E-01
    0.4199999906E+01    0 0 0 0 0    0.8541461172E-01    -0.1737282497E-01     0    -0.7201253101E-01    -0.5575845610E-01    0 0 0 0 0   -0.1002593672E+00     0.1737575665E-01     0     0.6993364161E-01     0.4664938466E-01
    0.4239999905E+01    0 0 0 0 0    0.8214409136E-01    -0.1641863311E-01     0    -0.6881840028E-01    -0.5299885991E-01    0 0 0 0 0   -0.9571491969E-01     0.1628754578E-01     0     0.6639671320E-01     0.4408017889E-01
    0.4279999904E+01    0 0 0 0 0    0.7896701832E-01    -0.1551240458E-01     0    -0.6574034981E-01    -0.5035722342E-01    0 0 0 0 0   -0.9132062338E-01     0.1526144443E-01     0     0.6300530905E-01     0.4163267206E-01
    0.4319999903E+01    0 0 0 0 0    0.7588213070E-01    -0.1465194763E-01     0    -0.6277550025E-01    -0.4782956513E-01    0 0 0 0 0   -0.8707540651E-01     0.1429434175E-01     0     0.5975571109E-01     0.3930245051E-01
    0.4359999903E+01    0 0 0 0 0    0.7288812375E-01    -0.1383516270E-01     0    -0.5992097269E-01    -0.4541197764E-01    0 0 0 0 0   -0.8297787981E-01     0.1338325237E-01     0     0.5664413359E-01     0.3708516909E-01
    0.4399999902E+01    0 0 0 0 0    0.6998365332E-01    -0.1306003864E-01     0    -0.5717389371E-01    -0.4310063030E-01    0 0 0 0 0   -0.7902636486E-01     0.1252531342E-01     0     0.5366673864E-01     0.3497655703E-01
    0.4439999901E+01    0 0 0 0 0    0.6716733907E-01    -0.1232464903E-01     0    -0.5453140017E-01    -0.4089177131E-01    0 0 0 0 0   -0.7521892122E-01     0.1171778155E-01     0     0.5081965066E-01     0.3297242310E-01
    0.4479999900E+01    0 0 0 0 0    0.6443776755E-01    -0.1162714873E-01     0    -0.5199064355E-01    -0.3878172964E-01    0 0 0 0 0   -0.7155337234E-01     0.1095802976E-01     0     0.4809896997E-01     0.3106866026E-01
    0.4519999899E+01    0 0 0 0 0    0.6179349507E-01    -0.1096577057E-01     0    -0.4954879396E-01    -0.3676691651E-01    0 0 0 0 0   -0.6802733037E-01     0.1024354427E-01     0     0.4550078536E-01     0.2926124963E-01
    0.4559999898E+01    0 0 0 0 0    0.5923305041E-01    -0.1033882215E-01     0    -0.4720304380E-01    -0.3484382660E-01    0 0 0 0 0   -0.6463821965E-01     0.9571921289E-02     0     0.4302118578E-01     0.2754626404E-01
    0.4599999897E+01    0 0 0 0 0    0.5675493741E-01    -0.9744682864E-02     0    -0.4495061112E-01    -0.3300903898E-01    0 0 0 0 0   -0.6138329910E-01     0.8940863755E-02     0     0.4065627123E-01     0.2591987100E-01
    0.4639999896E+01    0 0 0 0 0    0.5435763748E-01    -0.9181800971E-02     0    -0.4278874273E-01    -0.3125921779E-01    0 0 0 0 0   -0.5825968342E-01     0.8348178095E-02     0     0.3840216263E-01     0.2437833515E-01
    0.4679999895E+01    0 0 0 0 0    0.5203961200E-01    -0.8648690851E-02     0    -0.4071471701E-01    -0.2959111267E-01    0 0 0 0 0   -0.5526436306E-01     0.7791770930E-02     0     0.3625501099E-01     0.2291802035E-01
    0.4719999894E+01    0 0 0 0 0    0.4979930460E-01    -0.8143930361E-02     0    -0.3872584645E-01    -0.2800155900E-01    0 0 0 0 0   -0.5239422309E-01     0.7269645806E-02     0     0.3421100576E-01     0.2153539124E-01
    0.4759999894E+01    0 0 0 0 0    0.4763514345E-01    -0.7666158305E-02     0    -0.3681948002E-01    -0.2648747787E-01    0 0 0 0 0   -0.4964606093E-01     0.6779899937E-02     0     0.3226638239E-01     0.2022701445E-01
    0.4799999893E+01    0 0 0 0 0    0.4554554342E-01    -0.7214072017E-02     0    -0.3499300529E-01    -0.2504587599E-01    0 0 0 0 0   -0.4701660294E-01     0.6320720955E-02     0     0.3041742915E-01     0.1898955942E-01
    0.4839999892E+01    0 0 0 0 0    0.4352890818E-01    -0.6786425041E-02     0    -0.3324385031E-01    -0.2367384528E-01    0 0 0 0 0   -0.4450251994E-01     0.5890383701E-02     0     0.2866049333E-01     0.1781979883E-01
    0.4879999891E+01    0 0 0 0 0    0.4158363235E-01    -0.6382024913E-02     0    -0.3156948540E-01    -0.2236856245E-01    0 0 0 0 0   -0.4210044167E-01     0.5487247045E-02     0     0.2699198667E-01     0.1671460878E-01
    0.4919999890E+01    0 0 0 0 0    0.3970810347E-01    -0.5999731029E-02     0    -0.2996742463E-01    -0.2112728835E-01    0 0 0 0 0   -0.3980697025E-01     0.5109750748E-02     0     0.2540839022E-01     0.1567096856E-01
    0.4959999889E+01    0 0 0 0 0    0.3790070401E-01    -0.5638452604E-02     0    -0.2843522727E-01    -0.1994736723E-01    0 0 0 0 0   -0.3761869262E-01     0.4756412374E-02     0     0.2390625859E-01     0.1468596023E-01
    0.4999999888E+01    0 0 0 0 0    0.3615981332E-01    -0.5297146713E-02     0    -0.2697049896E-01    -0.1882622585E-01    0 0 0 0 0   -0.3553219199E-01     0.4425824250E-02     0     0.2248222365E-01     0.1375676791E-01
    0.5039999887E+01    0 0 0 0 0    0.3448380951E-01    -0.4974816409E-02     0    -0.2557089274E-01    -0.1776137249E-01    0 0 0 0 0   -0.3354405846E-01     0.4116650489E-02     0     0.2113299764E-01     0.1288067681E-01
    0.5079999886E+01    0 0 0 0 0    0.3287107136E-01    -0.4670508913E-02     0    -0.2423410991E-01    -0.1675039582E-01    0 0 0 0 0   -0.3165089866E-01     0.3827624068E-02     0     0.1985537581E-01     0.1205507206E-01
    0.5119999886E+01    0 0 0 0 0    0.3131998020E-01    -0.4383313877E-02     0    -0.2295790080E-01    -0.1579096370E-01    0 0 0 0 0   -0.2984934457E-01     0.3557543979E-02     0     0.1864623863E-01     0.1127743740E-01
    0.5159999885E+01    0 0 0 0 0    0.2982892168E-01    -0.4112361714E-02     0    -0.2174006543E-01    -0.1488082194E-01    0 0 0 0 0   -0.2813606157E-01     0.3305272436E-02     0     0.1750255348E-01     0.1054535357E-01
    0.5199999884E+01    0 0 0 0 0    0.2839628761E-01    -0.3856821990E-02     0    -0.2057845400E-01    -0.1401779301E-01    0 0 0 0 0   -0.2650775565E-01     0.3069732162E-02     0     0.1642137599E-01     0.9856496707E-02
    0.5239999883E+01    0 0 0 0 0    0.2702047764E-01    -0.3615901871E-02     0    -0.1947096741E-01    -0.1319977464E-01    0 0 0 0 0   -0.2496117988E-01     0.2849903742E-02     0     0.1539985096E-01     0.9208636460E-02
    0.5279999882E+01    0 0 0 0 0    0.2569990101E-01    -0.3388844643E-02     0    -0.1841555751E-01    -0.1242473846E-01    0 0 0 0 0   -0.2349314030E-01     0.2644823055E-02     0     0.1443521295E-01     0.8599634064E-02
    0.5319999881E+01    0 0 0 0 0    0.2443297810E-01    -0.3174928265E-02     0    -0.1741022736E-01    -0.1169072847E-01    0 0 0 0 0   -0.2210050096E-01     0.2453578774E-02     0     0.1352478652E-01     0.8027440290E-02
    0.5359999880E+01    0 0 0 0 0    0.2321814208E-01    -0.2973463993E-02     0    -0.1645303137E-01    -0.1099585960E-01    0 0 0 0 0   -0.2078018848E-01     0.2275309948E-02     0     0.1266598620E-01     0.7490093302E-02
    0.5399999879E+01    0 0 0 0 0    0.2205384036E-01    -0.2783795045E-02     0    -0.1554207531E-01    -0.1033831616E-01    0 0 0 0 0   -0.1952919598E-01     0.2109203660E-02     0     0.1185631615E-01     0.6985716440E-02
    0.5439999878E+01    0 0 0 0 0    0.2093853609E-01    -0.2605295314E-02     0    -0.1467551627E-01    -0.9716350266E-02    0 0 0 0 0   -0.1834458641E-01     0.1954492752E-02     0     0.1109336961E-01     0.6512515938E-02
    0.5479999878E+01    0 0 0 0 0    0.1987070951E-01    -0.2437368131E-02     0    -0.1385156255E-01    -0.9128280261E-02    0 0 0 0 0   -0.1722349544E-01     0.1810453644E-02     0     0.1037482806E-01     0.6068778602E-02
    0.5519999877E+01    0 0 0 0 0    0.1884885928E-01    -0.2279445067E-02     0    -0.1306847340E-01    -0.8572489114E-02    0 0 0 0 0   -0.1616313380E-01     0.1676404211E-02     0     0.9698460223E-02     0.5652869437E-02
    0.5559999876E+01    0 0 0 0 0    0.1787150375E-01    -0.2130984782E-02     0    -0.1232455878E-01    -0.8047422794E-02    0 0 0 0 0   -0.1516078918E-01     0.1551701752E-02     0     0.9062120878E-02     0.5263229253E-02
    0.5599999875E+01    0 0 0 0 0    0.1693718211E-01    -0.1991471915E-02     0    -0.1161817898E-01    -0.7551588641E-02    0 0 0 0 0   -0.1421382776E-01     0.1435741019E-02     0     0.8463749486E-02     0.4898372257E-02
    0.5639999874E+01    0 0 0 0 0    0.1604445551E-01    -0.1860416005E-02     0    -0.1094774419E-01    -0.7083553729E-02    0 0 0 0 0   -0.1331969525E-01     0.1327952335E-02     0     0.7901368678E-02     0.4556883626E-02
    0.5679999873E+01    0 0 0 0 0    0.1519190812E-01    -0.1737350459E-02     0    -0.1031171404E-01    -0.6641943228E-02    0 0 0 0 0   -0.1247591771E-01     0.1227799775E-02     0     0.7373082622E-02     0.4237417093E-02
    0.5719999872E+01    0 0 0 0 0    0.1437814805E-01    -0.1621831557E-02     0    -0.9708597049E-02    -0.6225438761E-02    0 0 0 0 0   -0.1168010187E-01     0.1134779423E-02     0     0.6877075264E-02     0.3938692529E-02
    0.5759999871E+01    0 0 0 0 0    0.1360180830E-01    -0.1513437480E-02     0    -0.9136950025E-02    -0.5832776775E-02    0 0 0 0 0   -0.1092993532E-01     0.1048417700E-02     0     0.6411608483E-02     0.3659493553E-02
    0.5799999870E+01    0 0 0 0 0    0.1286154750E-01    -0.1411767387E-02     0    -0.8595377428E-02    -0.5462746910E-02    0 0 0 0 0   -0.1022318629E-01     0.9682697600E-03     0     0.5975020154E-02     0.3398665148E-02
    0.5839999869E+01    0 0 0 0 0    0.1215605073E-01    -0.1316440517E-02     0    -0.8082530682E-02    -0.5114190384E-02    0 0 0 0 0   -0.9557703250E-02     0.8939179570E-03     0     0.5565722156E-02     0.3155111320E-02
    0.5879999869E+01    0 0 0 0 0    0.1148403013E-01    -0.1227095323E-02     0    -0.7597107447E-02    -0.4785998389E-02    0 0 0 0 0   -0.8931414230E-02     0.8249703734E-03     0     0.5182198309E-02     0.2927792780E-02
    0.5919999868E+01    0 0 0 0 0    0.1084422552E-01    -0.1143388637E-02     0    -0.7137850845E-02    -0.4477110498E-02    0 0 0 0 0   -0.8342325999E-02     0.7610594179E-03     0     0.4823002280E-02     0.2715724663E-02
    0.5959999867E+01    0 0 0 0 0    0.1023540494E-01    -0.1064994867E-02     0    -0.6703548660E-02    -0.4186513101E-02    0 0 0 0 0   -0.7788523003E-02     0.7018404832E-03     0     0.4486755451E-02     0.2517974297E-02
    0.5999999866E+01    0 0 0 0 0    0.9656365061E-02    -0.9916052222E-03     0    -0.6293032505E-02    -0.3913237845E-02    0 0 0 0 0   -0.7268166164E-02     0.6469906664E-03     0     0.4172144765E-02     0.2333659006E-02
    0.6039999865E+01    0 0 0 0 0    0.9105931587E-02    -0.9229269638E-03     0    -0.5905176953E-02    -0.3656360105E-02    0 0 0 0 0   -0.6779491533E-02     0.5962075481E-03     0     0.3877920560E-02     0.2161943967E-02
    0.6079999864E+01    0 0 0 0 0    0.8582959568E-02    -0.8586826865E-03     0    -0.5538898654E-02    -0.3414997479E-02    0 0 0 0 0   -0.6320808806E-02     0.5492080289E-03     0     0.3602894397E-02     0.2002040120E-02
    0.6119999863E+01    0 0 0 0 0    0.8086333636E-02    -0.7986096240E-03     0    -0.5193155423E-02    -0.3188308300E-02    0 0 0 0 0   -0.5890499746E-02     0.5057272225E-03     0     0.3345936900E-02     0.1853202126E-02
    0.6159999862E+01    0 0 0 0 0    0.7614968190E-02    -0.7424589813E-03     0    -0.4866945308E-02    -0.2975490178E-02    0 0 0 0 0   -0.5487016493E-02     0.4655174009E-03     0     0.3105975590E-02     0.1714726381E-02
    0.6199999861E+01    0 0 0 0 0    0.7167807502E-02    -0.6899952913E-03     0    -0.4559305646E-02    -0.2775778571E-02    0 0 0 0 0   -0.5108879810E-02     0.4283469931E-03     0     0.2881992755E-02     0.1585949089E-02
    0.6239999861E+01    0 0 0 0 0    0.6743825777E-02    -0.6409957962E-03     0    -0.4269312104E-02    -0.2588445381E-02    0 0 0 0 0   -0.4754677247E-02     0.3939996333E-03     0     0.2673023329E-02     0.1466244393E-02
    0.6279999860E+01    0 0 0 0 0    0.6342027145E-02    -0.5952498520E-03     0    -0.3996077707E-02    -0.2412797577E-02    0 0 0 0 0   -0.4423061270E-02     0.3622732566E-03     0     0.2478152806E-02     0.1355022558E-02
    0.6319999859E+01    0 0 0 0 0    0.5961445595E-02    -0.5525583557E-03     0    -0.3738751858E-02    -0.2248175854E-02    0 0 0 0 0   -0.4112747329E-02     0.3329792421E-03     0     0.2296515187E-02     0.1251728224E-02
    0.6359999858E+01    0 0 0 0 0    0.5601144864E-02    -0.5127331953E-03     0    -0.3496519353E-02    -0.2093953319E-02    0 0 0 0 0   -0.3822511912E-02     0.3059416002E-03     0     0.2127290959E-02     0.1155838707E-02
    0.6399999857E+01    0 0 0 0 0    0.5260218263E-02    -0.4755967206E-03     0    -0.3268599394E-02    -0.1949534206E-02    0 0 0 0 0   -0.3551190565E-02     0.2809962023E-03     0     0.1969705120E-02     0.1066862365E-02
    0.6439999856E+01    0 0 0 0 0    0.4937788462E-02    -0.4409812356E-03     0    -0.3054244595E-02    -0.1814352624E-02    0 0 0 0 0   -0.3297675908E-02     0.2579900519E-03     0     0.1823025245E-02     0.9843370279E-03
    0.6479999855E+01    0 0 0 0 0    0.4633007230E-02    -0.4087285102E-03     0    -0.2852739996E-02    -0.1687871344E-02    0 0 0 0 0   -0.3060915645E-02     0.2367805948E-03     0     0.1686559596E-02     0.9078284767E-03
    0.6519999854E+01    0 0 0 0 0    0.4345055122E-02    -0.3786893130E-03     0    -0.2663402070E-02    -0.1569580605E-02    0 0 0 0 0   -0.2839910577E-02     0.2172350669E-03     0     0.1559655285E-02     0.8369289879E-03
    0.6559999853E+01    0 0 0 0 0    0.4073141139E-02    -0.3507229619E-03     0    -0.2485577745E-02    -0.1458996964E-02    0 0 0 0 0   -0.2633712626E-02     0.1992298783E-03     0     0.1441696484E-02     0.7712559336E-03
    0.6599999852E+01    0 0 0 0 0    0.3816502339E-02    -0.3246968942E-03     0    -0.2318643422E-02    -0.1355662176E-02    0 0 0 0 0   -0.2441422878E-02     0.1826500310E-03     0     0.1332102686E-02     0.7104504389E-03
    0.6639999852E+01    0 0 0 0 0    0.3574403420E-02    -0.3004862537E-03     0    -0.2162004012E-02    -0.1259142099E-02    0 0 0 0 0   -0.2262189644E-02     0.1673885700E-03     0     0.1230327022E-02     0.6541760946E-03
    0.6679999851E+01    0 0 0 0 0    0.3346136271E-02    -0.2779734965E-03     0    -0.2015091968E-02    -0.1169025646E-02    0 0 0 0 0   -0.2095206552E-02     0.1533460654E-03     0     0.1135854631E-02     0.6021177262E-03
    0.6719999850E+01    0 0 0 0 0    0.3131019488E-02    -0.2570480124E-03     0    -0.1877366342E-02    -0.1084923756E-02    0 0 0 0 0   -0.1939710670E-02     0.1404301244E-03     0     0.1048201076E-02     0.5539802151E-03
    0.6759999849E+01    0 0 0 0 0    0.2928397870E-02    -0.2376057634E-03     0    -0.1748311847E-02    -0.1006468405E-02    0 0 0 0 0   -0.1794980661E-02     0.1285549314E-03     0     0.9669108290E-03     0.5094873735E-03
    0.6799999848E+01    0 0 0 0 0    0.2737641890E-02    -0.2195489377E-03     0    -0.1627437931E-02    -0.9333116497E-03    0 0 0 0 0   -0.1660334979E-02     0.1176408150E-03     0     0.8915557998E-03     0.4683808699E-03
    0.6839999847E+01    0 0 0 0 0    0.2558147140E-02    -0.2027856194E-03     0    -0.1514277870E-02    -0.8651246968E-03    0 0 0 0 0   -0.1535130109E-02     0.1076138416E-03     0     0.8217339208E-03     0.4304192048E-03
    0.6879999846E+01    0 0 0 0 0    0.2389333767E-02    -0.1872294724E-03     0    -0.1408387874E-02    -0.8015970113E-03    0 0 0 0 0   -0.1418758845E-02     0.9840543133E-04     0     0.7570677883E-03     0.3953767344E-03
    0.6919999845E+01    0 0 0 0 0    0.2230645883E-02    -0.1727994391E-03     0    -0.1309346208E-02    -0.7424354518E-03    0 0 0 0 0   -0.1310648615E-02     0.8995199945E-04     0     0.6972033559E-03     0.3630427416E-03
    0.6959999844E+01    0 0 0 0 0    0.2081550969E-02    -0.1594194526E-03     0    -0.1216752337E-02    -0.6873634380E-03    0 0 0 0 0   -0.1210259861E-02     0.8219461771E-04     0     0.6418086808E-03     0.3332205524E-03
    0.6999999844E+01    0 0 0 0 0    0.1941539260E-02    -0.1470181621E-03     0    -0.1130226078E-02    -0.6361201483E-03    0 0 0 0 0   -0.1117084452E-02     0.7507869752E-04     0     0.5905727219E-03     0.3057266962E-03
    0.7039999843E+01    0 0 0 0 0    0.1810123132E-02    -0.1355286720E-03     0    -0.1049406783E-02    -0.5884597478E-03    0 0 0 0 0   -0.1030644166E-02     0.6855369234E-04     0     0.5432041897E-03     0.2803901087E-03
    0.7079999842E+01    0 0 0 0 0    0.1686836470E-02    -0.1248882920E-03     0    -0.9739525305E-03    -0.5441506445E-03    0 0 0 0 0   -0.9504892028E-03     0.6257281879E-04     0     0.4994304457E-03     0.2570513752E-03
    0.7119999841E+01    0 0 0 0 0    0.1571234039E-02    -0.1150383004E-03     0    -0.9035393454E-03    -0.5029747760E-03    0 0 0 0 0   -0.8761967625E-03     0.5709279526E-04     0     0.4589964508E-03     0.2355620142E-03
    0.7159999840E+01    0 0 0 0 0    0.1462890850E-02    -0.1059237183E-03     0    -0.8378604331E-03    -0.4647269229E-03    0 0 0 0 0   -0.8073696663E-03     0.5207359714E-04     0     0.4216637622E-03     0.2157837979E-03
    0.7199999839E+01    0 0 0 0 0    0.1361401521E-02    -0.9749309454E-04     0    -0.7766254370E-03    -0.4292140507E-03    0 0 0 0 0   -0.7436350312E-03     0.4747822773E-04     0     0.3872095758E-03     0.1975881102E-03
    0.7239999838E+01    0 0 0 0 0    0.1266379646E-02    -0.8969830227E-04     0    -0.7195597165E-03    -0.3962546781E-03    0 0 0 0 0   -0.6846429945E-03     0.4327250388E-04     0     0.3554258149E-03     0.1808553385E-03
    0.7279999837E+01    0 0 0 0 0    0.1177457161E-02    -0.8249434465E-04     0    -0.6664036453E-03    -0.3656782724E-03    0 0 0 0 0   -0.6300654882E-03     0.3942485561E-04     0     0.3261182622E-03     0.1654742994E-03
    0.7319999836E+01    0 0 0 0 0    0.1094283710E-02    -0.7583917100E-04     0    -0.6169119311E-03    -0.3373246694E-03    0 0 0 0 0   -0.5795950637E-03     0.3590613888E-04     0     0.2991057347E-03     0.1513416969E-03
    0.7359999835E+01    0 0 0 0 0    0.1016526028E-02    -0.6969350217E-04     0    -0.5708529568E-03    -0.3110435194E-03    0 0 0 0 0   -0.5329437641E-03     0.3268946063E-04     0     0.2742192996E-03     0.1383616104E-03
    0.7399999835E+01    0 0 0 0 0    0.9438673146E-03    -0.6402066494E-04     0    -0.5280081423E-03    -0.2866937568E-03    0 0 0 0 0   -0.4898420460E-03     0.2975001560E-04     0     0.2513015298E-03     0.1264450123E-03
    0.7439999834E+01    0 0 0 0 0    0.8760066288E-03    -0.5878643505E-04     0    -0.4881713281E-03    -0.2641430933E-03    0 0 0 0 0   -0.4500377470E-03     0.2706493391E-04     0     0.2302057985E-03     0.1155093137E-03
    0.7479999833E+01    0 0 0 0 0    0.8126582836E-03    -0.5395888857E-04     0    -0.4511481788E-03    -0.2432675346E-03    0 0 0 0 0   -0.4132951002E-03     0.2461313910E-04     0     0.2107956096E-03     0.1054779359E-03
    0.7519999832E+01    0 0 0 0 0    0.7535512534E-03    -0.4950826114E-04     0    -0.4167556090E-03    -0.2239509181E-03    0 0 0 0 0   -0.3793937933E-03     0.2237521571E-04     0     0.1929439651E-03     0.9627990842E-04
    0.7559999831E+01    0 0 0 0 0    0.6984285917E-03    -0.4540681483E-04     0    -0.3848212281E-03    -0.2060844733E-03    0 0 0 0 0   -0.3481280718E-03     0.2033328597E-04     0     0.1765327646E-03     0.8784948969E-04
    0.7599999830E+01    0 0 0 0 0    0.6470468586E-03    -0.4162871217E-04     0    -0.3551828069E-03    -0.1895664023E-03    0 0 0 0 0   -0.3193058847E-03     0.1847089496E-04     0     0.1614522399E-03     0.8012581170E-04
    0.7639999829E+01    0 0 0 0 0    0.5991755619E-03    -0.3814989722E-04     0    -0.3276877632E-03    -0.1743014799E-03    0 0 0 0 0   -0.2927480711E-03     0.1677290378E-04     0     0.1476004189E-03     0.7305254579E-04
    0.7679999828E+01    0 0 0 0 0    0.5545966090E-03    -0.3494798312E-04     0    -0.3021926679E-03    -0.1602006742E-03    0 0 0 0 0   -0.2682875882E-03     0.1522539019E-04     0     0.1348826210E-03     0.6657758922E-04
    0.7719999827E+01    0 0 0 0 0    0.5131037731E-03    -0.3200214602E-04     0    -0.2785627694E-03    -0.1471807847E-03    0 0 0 0 0   -0.2457687763E-03     0.1381555617E-04     0     0.1232109799E-03     0.6065277115E-04
    0.7759999827E+01    0 0 0 0 0    0.4745021724E-03    -0.2929302496E-04     0    -0.2566715381E-03    -0.1351640986E-03    0 0 0 0 0   -0.2250466630E-03     0.1253164214E-04     0     0.1125039952E-03     0.5523357720E-04
    0.7799999826E+01    0 0 0 0 0    0.4386077634E-03    -0.2680262751E-04     0    -0.2364002275E-03    -0.1240780643E-03    0 0 0 0 0   -0.2059863023E-03     0.1136284718E-04     0     0.1026861090E-03     0.5027889147E-04
    0.7839999825E+01    0 0 0 0 0    0.4052468484E-03    -0.2451424083E-04     0    -0.2176374542E-03    -0.1138549813E-03    0 0 0 0 0   -0.1884621491E-03     0.1029925509E-04     0     0.9368730776E-04     0.4575075503E-04
    0.7879999824E+01    0 0 0 0 0    0.3742555985E-03    -0.2241234788E-04     0    -0.2002787936E-03    -0.1044317056E-03    0 0 0 0 0   -0.1723574667E-03     0.9331765672E-05     0     0.8544274830E-04     0.4161414012E-04
    0.7919999823E+01    0 0 0 0 0    0.3454795909E-03    -0.2048254858E-04     0    -0.1842263917E-03    -0.9574936982E-04    0 0 0 0 0   -0.1575637670E-03     0.8452031092E-05     0     0.7789240569E-04     0.3783673903E-04
    0.7959999822E+01    0 0 0 0 0    0.3187733632E-03    -0.1871148566E-04     0    -0.1693885914E-03    -0.8775311689E-04    0 0 0 0 0   -0.1439802807E-03     0.7652396879E-05     0     0.7098074304E-04     0.3438876698E-04
    0.7999999821E+01    0 0 0 0 0    0.2939999834E-03    -0.1708677483E-04     0    -0.1556795713E-03    -0.8039184738E-04    0 0 0 0 0   -0.1315134579E-03     0.6925847242E-05     0     0.6465640155E-04     0.3124277806E-04
    0.8039999820E+01    0 0 0 0 0    0.2710306377E-03    -0.1559693921E-04     0    -0.1430190117E-03    -0.7361798315E-04    0 0 0 0 0   -0.1200764957E-03     0.6265954459E-05     0     0.5887190990E-04     0.2837349360E-04
    0.8079999819E+01    0 0 0 0 0    0.2497442207E-03    -0.1423134772E-04     0    -0.1313319601E-03    -0.6738730536E-04    0 0 0 0 0   -0.1095888939E-03     0.5666832025E-05     0     0.5358341193E-04     0.2575764220E-04
    0.8119999819E+01    0 0 0 0 0    0.2300269167E-03    -0.1298015730E-04     0    -0.1205485060E-03    -0.6165873654E-04    0 0 0 0 0   -0.9997603506E-04     0.5123091323E-05     0     0.4875041112E-04     0.2337381029E-04
    0.8159999818E+01    0 0 0 0 0    0.2117718227E-03    -0.1183425874E-04     0    -0.1106033278E-03    -0.5639408693E-04    0 0 0 0 0   -0.9116879078E-04     0.4629801557E-05     0     0.4433553113E-04     0.2120230276E-04
    0.8199999817E+01    0 0 0 0 0    0.1948785939E-03    -0.1078522601E-04     0    -0.1014354277E-03    -0.5155786988E-04    0 0 0 0 0   -0.8310315002E-04     0.4182452726E-05     0     0.4030429181E-04     0.1922501325E-04
    0.8239999816E+01    0 0 0 0 0    0.1792531015E-03    -0.9825268552E-05     0    -0.9298788249E-04    -0.4711712895E-04    0 0 0 0 0   -0.7571987071E-04     0.3776921424E-05     0     0.3662490000E-04     0.1742530348E-04
    0.8279999815E+01    0 0 0 0 0    0.1648071020E-03    -0.8947186779E-05     0    -0.8520760550E-04    -0.4304127412E-04    0 0 0 0 0   -0.6896415218E-04     0.3409439260E-05     0     0.3326805402E-04     0.1578789123E-04
    0.8319999814E+01    0 0 0 0 0    0.1514579202E-03    -0.8144330273E-05     0    -0.7804511729E-04    -0.3930192683E-04    0 0 0 0 0   -0.6278532790E-04     0.3076563720E-05     0     0.3020676139E-04     0.1429874607E-04
    0.8359999813E+01    0 0 0 0 0    0.1391281441E-03    -0.7410558759E-05     0    -0.7145432758E-04    -0.3587277372E-04    0 0 0 0 0   -0.5713657716E-04     0.2775151291E-05     0     0.2741616859E-04     0.1294499276E-04
    0.8399999812E+01    0 0 0 0 0    0.1277453331E-03    -0.6740205580E-05     0    -0.6539232731E-04    -0.3272942869E-04    0 0 0 0 0   -0.5197465491E-04     0.2502332670E-05     0     0.2487340248E-04     0.1171482140E-04
    0.8439999811E+01    0 0 0 0 0    0.1172417388E-03    -0.6128043581E-05     0    -0.5981919121E-04    -0.2984930312E-04    0 0 0 0 0   -0.4725963872E-04     0.2255489933E-05     0     0.2255742246E-04     0.1059740423E-04
    0.8479999810E+01    0 0 0 0 0    0.1075540381E-03    -0.5569253242E-05     0    -0.5469779060E-04    -0.2721148377E-04    0 0 0 0 0   -0.4295469184E-04     0.2032235498E-05     0     0.2044888278E-04     0.9582818427E-05
    0.8519999810E+01    0 0 0 0 0    0.9862307858E-04    -0.5059392934E-05     0    -0.4999361602E-04    -0.2479661800E-04    0 0 0 0 0   -0.3902584162E-04     0.1830392754E-05     0     0.1853000446E-04     0.8661974563E-05
    0.8559999809E+01    0 0 0 0 0    0.9039363592E-04    -0.4594371177E-05     0    -0.4567460962E-04    -0.2258680617E-04    0 0 0 0 0   -0.3544177238E-04     0.1647978239E-05     0     0.1678445606E-04     0.7826550361E-05
    0.8599999808E+01    0 0 0 0 0    0.8281418262E-04    -0.4170420766E-05     0    -0.4171100671E-04    -0.2056550055E-04    0 0 0 0 0   -0.3217363184E-04     0.1483185246E-05     0     0.1519724289E-04     0.7068929381E-05
    0.8639999807E+01    0 0 0 0 0    0.7583666810E-04    -0.3784074668E-05     0    -0.3807518619E-04    -0.1871741067E-04    0 0 0 0 0   -0.2919485044E-04     0.1334368751E-05     0     0.1375460402E-04     0.6382144275E-05
    0.8679999806E+01    0 0 0 0 0    0.6941630959E-04    -0.3432143568E-05     0    -0.3474152962E-04    -0.1702841464E-04    0 0 0 0 0   -0.2648097274E-04     0.1200031558E-05     0     0.1244391673E-04     0.5759824331E-05
    0.8719999805E+01    0 0 0 0 0    0.6351139366E-04    -0.3111694972E-05     0    -0.3168628833E-04    -0.1548547613E-04    0 0 0 0 0   -0.2400950024E-04     0.1078811576E-05     0     0.1125360770E-04     0.5196146984E-05
    0.8759999804E+01    0 0 0 0 0    0.5808308777E-04    -0.2820033762E-05     0    -0.2888745834E-04    -0.1407656669E-04    0 0 0 0 0   -0.2175974483E-04     0.9694701408E-06     0     0.1017307074E-04     0.4685793032E-05
    0.8799999803E+01    0 0 0 0 0    0.5309526172E-04    -0.2554684117E-05     0    -0.2632466272E-04    -0.1279059319E-04    0 0 0 0 0   -0.1971269243E-04     0.8708812902E-06     0     0.9192590516E-05     0.4223905283E-05
    0.8839999802E+01    0 0 0 0 0    0.4851431839E-04    -0.2313372712E-05     0    -0.2397904098E-04    -0.1161732999E-04    0 0 0 0 0   -0.1785087596E-04     0.7820219319E-06     0     0.8303271781E-05     0.3806050400E-05
    0.8879999802E+01    0 0 0 0 0    0.4430903369E-04    -0.2094013114E-05     0    -0.2183314518E-04    -0.1054735561E-04    0 0 0 0 0   -0.1615825723E-04     0.7019628275E-06     0     0.7496973975E-05     0.3428183717E-05
    0.8919999801E+01    0 0 0 0 0    0.4045040506E-04    -0.1894691289E-05     0    -0.1987084236E-04    -0.9571993645E-05    0 0 0 0 0   -0.1462011720E-04     0.6298603295E-06     0     0.6766250607E-05     0.3086616795E-05
    0.8959999800E+01    0 0 0 0 0    0.3691150840E-04    -0.1713652162E-05     0    -0.1807722310E-04    -0.8683257665E-05    0 0 0 0 0   -0.1322295392E-04     0.5649488121E-06     0     0.6104293222E-05     0.2777987544E-05
    0.8999999799E+01    0 0 0 0 0    0.3366736294E-04    -0.1549287153E-05     0    -0.1643851570E-04    -0.7873799838E-05    0 0 0 0 0   -0.1195438787E-04     0.5065337412E-06     0     0.5504879594E-05     0.2499232697E-05
    0.9039999798E+01    0 0 0 0 0    0.3069480373E-04    -0.1400122619E-05     0    -0.1494200585E-04    -0.7136863100E-05    0 0 0 0 0   -0.1080307406E-04     0.4539853320E-06     0     0.4962325859E-05     0.2247562489E-05
    0.9079999797E+01    0 0 0 0 0    0.2797236147E-04    -0.1264809152E-05     0    -0.1357596138E-04    -0.6466236605E-05    0 0 0 0 0   -0.9758620550E-05     0.4067327474E-06     0     0.4471442310E-05     0.2020437356E-05
    0.9119999796E+01    0 0 0 0 0    0.2548014926E-04    -0.1142111668E-05     0    -0.1232956187E-04    -0.5856214288E-05    0 0 0 0 0   -0.8811512923E-05     0.3642587922E-06     0     0.4027492603E-05     0.1815546514E-05
    0.9159999795E+01    0 0 0 0 0    0.2319975607E-04    -0.1030900239E-05     0    -0.1119283285E-04    -0.5301556328E-05    0 0 0 0 0   -0.7953044311E-05     0.3260950657E-06     0     0.3626156121E-05     0.1630788271E-05
    0.9199999794E+01    0 0 0 0 0    0.2111414640E-04    -0.9301416066E-06     0    -0.1015658426E-04    -0.4797453327E-05    0 0 0 0 0   -0.7175250636E-05     0.2918175316E-06     0     0.3263493283E-05     0.1464251952E-05
    0.9239999793E+01    0 0 0 0 0    0.1920756613E-04    -0.8388913441E-06     0    -0.9212353055E-05    -0.4339493047E-05    0 0 0 0 0   -0.6470850686E-05     0.2610424739E-06     0     0.2935913571E-05     0.1314201298E-05
    0.9279999793E+01    0 0 0 0 0    0.1746545397E-04    -0.7562866107E-06     0    -0.8352349585E-05    -0.3923629524E-05    0 0 0 0 0   -0.5833190707E-05     0.2334228057E-06     0     0.2640146087E-05     0.1179059232E-05
    0.9319999792E+01    0 0 0 0 0    0.1587435839E-04    -0.6815394619E-06     0    -0.7569407601E-05    -0.3546154421E-05    0 0 0 0 0   -0.5256193190E-05     0.2086447013E-06     0     0.2373212453E-05     0.1057393900E-05
    0.9359999791E+01    0 0 0 0 0    0.1442185974E-04    -0.6139306751E-06     0    -0.6856937670E-05    -0.3203670448E-05    0 0 0 0 0   -0.4734309580E-05     0.1864245253E-06     0     0.2132401877E-05     0.9479058582E-06
    0.9399999790E+01    0 0 0 0 0    0.1309649720E-04    -0.5528040535E-06     0    -0.6208883759E-05    -0.2893066747E-05    0 0 0 0 0   -0.4262476611E-05     0.1665060336E-06     0     0.1915248226E-05     0.8494163500E-06
    0.9439999789E+01    0 0 0 0 0    0.1188770041E-04    -0.4975611747E-06     0    -0.5619682839E-05    -0.2611496082E-05    0 0 0 0 0   -0.3836076026E-05     0.1486578235E-06     0     0.1719508960E-05     0.7608565600E-06
    0.9479999788E+01    0 0 0 0 0    0.1078572549E-04    -0.4476565510E-06     0    -0.5084227283E-05    -0.2356353722E-05    0 0 0 0 0   -0.3450897433E-05     0.1326710109E-06     0     0.1543145776E-05     0.6812577837E-06
    0.9519999787E+01    0 0 0 0 0    0.9781595167E-05    -0.4025931723E-06     0    -0.4597829916E-05    -0.2125257906E-05    0 0 0 0 0   -0.3103104077E-05     0.1183571167E-06     0     0.1384306843E-05     0.6097424326E-06
    0.9559999786E+01    0 0 0 0 0    0.8867042831E-05    -0.3619184025E-06     0    -0.4156191534E-05    -0.1916031783E-05    0 0 0 0 0   -0.2789201308E-05     0.1055461434E-06     0     0.1241310498E-05     0.5455158101E-06
    0.9599999785E+01    0 0 0 0 0    0.8034460307E-05    -0.3252202043E-06     0    -0.3755370739E-05    -0.1726686710E-05    0 0 0 0 0   -0.2506007560E-05     0.9408482587E-07     0     0.1112630293E-05     0.4878585948E-06
    0.9639999785E+01    0 0 0 0 0    0.7276849090E-05    -0.2921236670E-06     0    -0.3391755945E-05    -0.1555406834E-05    0 0 0 0 0   -0.2250627644E-05     0.8383504142E-07     0     0.9968812968E-06     0.4361199744E-06
    0.9679999784E+01    0 0 0 0 0    0.6587774861E-05    -0.2622878154E-06     0    -0.3062039407E-05    -0.1400534856E-05    0 0 0 0 0   -0.2020428195E-05     0.7467236481E-07     0     0.8928075293E-06     0.3897113763E-06
    0.9719999783E+01    0 0 0 0 0    0.5961325111E-05    -0.2354026780E-06     0    -0.2763193155E-05    -0.1260558888E-05    0 0 0 0 0   -0.1813015101E-05     0.6648475619E-07     0     0.7992704709E-06     0.3481007464E-06
    0.9759999782E+01    0 0 0 0 0    0.5392069647E-05    -0.2111865951E-06     0    -0.2492446684E-05    -0.1134100345E-05    0 0 0 0 0   -0.1626212774E-05     0.5917136976E-07     0     0.7152385366E-06     0.3108073308E-06
    0.9799999781E+01    0 0 0 0 0    0.4875023853E-05    -0.1893837482E-06     0    -0.2247266312E-05    -0.1019902773E-05    0 0 0 0 0   -0.1458045114E-05     0.5264147282E-07     0     0.6397774506E-06     0.2773969174E-06
    0.9839999780E+01    0 0 0 0 0    0.4405614496E-05    -0.1697618937E-06     0    -0.2025336065E-05    -0.9168215683E-06    0 0 0 0 0   -0.1306718049E-05     0.4681346531E-07     0     0.5720414446E-06     0.2474775003E-06
    0.9879999779E+01    0 0 0 0 0    0.3979647951E-05    -0.1521102856E-06     0    -0.1824540008E-05    -0.8238145014E-06    0 0 0 0 0   -0.1170603513E-05     0.4161399083E-07     0     0.5112652151E-06     0.2206953306E-06
    0.9919999778E+01    0 0 0 0 0    0.3593280678E-05    -0.1362377716E-06     0    -0.1642945911E-05    -0.7399330047E-06    0 0 0 0 0   -0.1048224769E-05     0.3697713113E-07     0     0.4567565766E-06     0.1967313211E-06
    0.9959999777E+01    0 0 0 0 0    0.3242991811E-05    -0.1219710491E-06     0    -0.1478790156E-05    -0.6643141562E-06    0 0 0 0 0   -0.9382429598E-06     0.3284367638E-07     0     0.4078897552E-06     0.1752977746E-06
    0.9999999776E+01    0 0 0 0 0    0.2925557727E-05    -0.1091530697E-06     0    -0.1330463810E-05    -0.5961733113E-06    0 0 0 0 0   -0.8394447868E-06     0.2916046450E-07     0     0.3640992684E-06     0.1561354082E-06
    0.1003999978E+02    0 0 0 0 0    0.2638028467E-05    -0.9764157792E-07     0    -0.1196499770E-05    -0.5347973333E-06    0 0 0 0 0   -0.7507312443E-06     0.2587978320E-07     0     0.3248743440E-06     0.1390106482E-06
    0.1007999977E+02    0 0 0 0 0    0.2377705886E-05    -0.8730777630E-07     0    -0.1075560909E-05    -0.4795383771E-06    0 0 0 0 0   -0.6711073078E-06     0.2295882911E-07     0     0.2897538322E-06     0.1237131717E-06
    0.1011999977E+02    0 0 0 0 0    0.2142123415E-05    -0.7803510433E-07     0    -0.9664291530E-06    -0.4298081843E-06    0 0 0 0 0   -0.5996725090E-06     0.2035921866E-07     0     0.2583215699E-06     0.1100536745E-06
    0.1015999977E+02    0 0 0 0 0    0.1929027338E-05    -0.6971812324E-07     0    -0.8679954155E-06    -0.3850728498E-06    0 0 0 0 0   -0.5356123236E-06     0.1804654601E-07     0     0.2302021591E-06     0.9786184437E-07
    0.1019999977E+02    0 0 0 0 0    0.1736359470E-05    -0.6226149767E-07     0    -0.7792503361E-06    -0.3448480241E-06    0 0 0 0 0   -0.4781903055E-06     0.1598998368E-07     0     0.2050571245E-06     0.8698452152E-07
    0.1023999977E+02    0 0 0 0 0    0.1562241145E-05    -0.5557906617E-07     0    -0.6992757555E-06    -0.3086945170E-06    0 0 0 0 0   -0.4267409071E-06     0.1416192192E-07     0     0.1825814178E-06     0.7728403132E-07
    0.1027999977E+02    0 0 0 0 0    0.1404958429E-05    -0.4959299341E-07     0    -0.6272368785E-06    -0.2762142708E-06    0 0 0 0 0   -0.3806629291E-06     0.1253764315E-07     0     0.1625002385E-06     0.6863667206E-07
    0.1031999977E+02    0 0 0 0 0    0.1262948464E-05    -0.4423299712E-07     0    -0.5623750698E-06    -0.2470466750E-06    0 0 0 0 0   -0.3394135473E-06     0.1109502827E-07     0     0.1445661449E-06     0.6093134502E-07
    0.1035999977E+02    0 0 0 0 0    0.1134786870E-05    -0.3943564363E-07     0    -0.5040012380E-06    -0.2208651941E-06    0 0 0 0 0   -0.3025028681E-06     0.9814291783E-08     0     0.1285564296E-06     0.5406831374E-07
    0.1039999977E+02    0 0 0 0 0    0.1019176132E-05    -0.3514370620E-07     0    -0.4514897606E-06    -0.1973742843E-06    0 0 0 0 0   -0.2694889698E-06     0.8677743027E-08     0     0.1142707359E-06     0.4795808080E-07
    0.1043999977E+02    0 0 0 0 0    0.9149348903E-06    -0.3130558082E-07     0    -0.4042729116E-06    -0.1763065752E-06    0 0 0 0 0   -0.2399733873E-06     0.7669571012E-08     0     0.1015288952E-06     0.4252037154E-07
    0.1047999977E+02    0 0 0 0 0    0.8209880845E-06    -0.2787475467E-07     0    -0.3618357501E-06    -0.1574202959E-06    0 0 0 0 0   -0.2135970025E-06     0.6775650667E-08     0     0.9016896473E-07     0.3768321496E-07
    0.1051999976E+02    0 0 0 0 0    0.7363578784E-06    -0.2480932260E-07     0    -0.3237114363E-06    -0.1404969245E-06    0 0 0 0 0   -0.1900363072E-06     0.5983368388E-08     0     0.8004544910E-07     0.3338211279E-07
    0.1055999976E+02    0 0 0 0 0    0.6601553118E-06    -0.2207154765E-07     0    -0.2894769414E-06    -0.1253390434E-06    0 0 0 0 0   -0.1690000053E-06     0.5281465067E-08     0     0.7102768774E-07     0.2955928881E-07
    0.1059999976E+02    0 0 0 0 0    0.5915726261E-06    -0.1962746172E-07     0    -0.2587491190E-06    -0.1117683832E-06    0 0 0 0 0   -0.1502259252E-06     0.4659894899E-08     0     0.6299839487E-07     0.2616301077E-07
    0.1063999976E+02    0 0 0 0 0    0.5298762133E-06    -0.1744650283E-07     0    -0.2311811108E-06    -0.9962403985E-07    0 0 0 0 0   -0.1334782161E-06     0.4109698441E-08     0     0.5585233734E-07     0.2314697834E-07
    0.1067999976E+02    0 0 0 0 0    0.4744001406E-06    -0.1550118600E-07     0    -0.2064590601E-06    -0.8876084940E-07    0 0 0 0 0   -0.1185448021E-06     0.3622888530E-08     0     0.4949513834E-07     0.2046977086E-07
    0.1071999976E+02    0 0 0 0 0    0.4245402078E-06    -0.1376680451E-07     0    -0.1842991071E-06    -0.7904790892E-07    0 0 0 0 0   -0.1052350735E-06     0.3192347809E-08     0     0.4384219520E-07     0.1809434925E-07
    0.1075999976E+02    0 0 0 0 0    0.3797484973E-06    -0.1222115908E-07     0    -0.1644446443E-06    -0.7036722963E-07    0 0 0 0 0   -0.9337779230E-07     0.2811736719E-08     0     0.3881770112E-07     0.1598760700E-07
    0.1079999976E+02    0 0 0 0 0    0.3395283770E-06    -0.1084431234E-07     0    -0.1466638108E-06    -0.6261251182E-07    0 0 0 0 0   -0.8281919383E-07     0.2475410919E-08     0     0.3435376111E-07     0.1411996563E-07
    0.1083999976E+02    0 0 0 0 0    0.3034299234E-06    -0.9618366419E-08     0    -0.1307472059E-06    -0.5568803082E-07    0 0 0 0 0   -0.7342126740E-07     0.2178347208E-08     0     0.3038959359E-07     0.1246501030E-07
    0.1087999976E+02    0 0 0 0 0    0.2710457301E-06    -0.8527261574E-08     0    -0.1165058026E-06    -0.4950762468E-07    0 0 0 0 0   -0.6506019907E-07     0.1916077096E-08     0     0.2687080952E-07     0.1099916183E-07
    0.1091999976E+02    0 0 0 0 0    0.2420070725E-06    -0.7556593884E-08     0    -0.1037690476E-06    -0.4399377452E-07    0 0 0 0 0   -0.5762496234E-07     0.1684627269E-08     0     0.2374876201E-07     0.9701381512E-08
    0.1095999976E+02    0 0 0 0 0    0.2159803997E-06    -0.6693450363E-08     0    -0.9238312824E-07    -0.3907676961E-07    0 0 0 0 0   -0.5101604337E-07     0.1480466244E-08     0     0.2097995970E-07     0.8552905738E-08
    0.1099999975E+02    0 0 0 0 0    0.1926641282E-06    -0.5926259858E-08     0    -0.8220939581E-07    -0.3469394978E-07    0 0 0 0 0   -0.4514428833E-07     0.1300456609E-08     0     0.1852553794E-07     0.7537007332E-08
    0.1103999975E+02    0 0 0 0 0    0.1717857123E-06    -0.5244658305E-08     0    -0.7312292981E-07    -0.3078901820E-07    0 0 0 0 0   -0.3992986176E-07     0.1141812259E-08     0     0.1635078230E-07     0.6638781149E-08
    0.1107999975E+02    0 0 0 0 0    0.1530989702E-06    -0.4639367000E-08     0    -0.6501123227E-07    -0.2731141850E-07    0 0 0 0 0   -0.3530130567E-07     0.1002060149E-08     0     0.1442469942E-07     0.5844951510E-08
    0.1111999975E+02    0 0 0 0 0    0.1363816424E-06    -0.4102082704E-08     0    -0.5777304059E-07    -0.2421577035E-07    0 0 0 0 0   -0.3119469014E-07     0.8790060762E-09     0     0.1271963076E-07     0.5143699319E-08
    0.1115999975E+02    0 0 0 0 0    0.1214331666E-06    -0.3625378463E-08     0    -0.5131724878E-07    -0.2146135827E-07    0 0 0 0 0   -0.2755284676E-07     0.7707041032E-09     0     0.1121090494E-07     0.4524506948E-08
    0.1119999975E+02    0 0 0 0 0    0.1080726481E-06    -0.3202614142E-08     0    -0.4556192781E-07    -0.1901166902E-07    0 0 0 0 0   -0.2432467729E-07     0.6754292283E-09     0     0.9876525226E-08     0.3978019108E-08
    0.1123999975E+02    0 0 0 0 0    0.9613701172E-07    -0.2827855775E-08     0    -0.4043343623E-07    -0.1683397295E-07    0 0 0 0 0   -0.2146453045E-07     0.5916529820E-09     0     0.8696888491E-08     0.3495918125E-08
    0.1127999975E+02    0 0 0 0 0    0.8547931849E-07    -0.2495802875E-08     0    -0.3586561340E-07    -0.1489894553E-07    0 0 0 0 0   -0.1893164029E-07     0.5180216399E-09     0     0.7654532782E-08     0.3070812182E-08
    0.1131999975E+02    0 0 0 0 0    0.7596723422E-07    -0.2201722972E-08     0    -0.3179904786E-07    -0.1318032523E-07    0 0 0 0 0   -0.1668962047E-07     0.4533367819E-09     0     0.6733910591E-08     0.2696135222E-08
    0.1135999975E+02    0 0 0 0 0    0.6748163638E-07    -0.1941392676E-08     0    -0.2818041424E-07    -0.1165460446E-07    0 0 0 0 0   -0.1470600899E-07     0.3965379522E-09     0     0.5921185338E-08     0.2366057335E-08
    0.1139999975E+02    0 0 0 0 0    0.5991534788E-07    -0.1711044637E-08     0    -0.2496187266E-07    -0.1030075056E-07    0 0 0 0 0   -0.1295185857E-07     0.3466872005E-09     0     0.5204048787E-08     0.2075404578E-08
    0.1143999974E+02    0 0 0 0 0    0.5317198660E-07    -0.1507319846E-08     0    -0.2210052493E-07    -0.9099953911E-08    0 0 0 0 0   -0.1140136827E-07     0.3029553069E-09     0     0.4571557304E-08     0.1819587253E-08
    0.1147999974E+02    0 0 0 0 0    0.4716492074E-07    -0.1327224756E-08     0    -0.1955792245E-07    -0.8035400852E-08    0 0 0 0 0   -0.1003155242E-07     0.2646095113E-09     0     0.4013985089E-08     0.1594535795E-08
    0.1151999974E+02    0 0 0 0 0    0.4181632079E-07    -0.1168092749E-08     0    -0.1729962118E-07    -0.7092068834E-08    0 0 0 0 0   -0.8821943139E-08     0.2310025898E-09     0     0.3522692685E-08     0.1396643481E-08
    0.1155999974E+02    0 0 0 0 0    0.3705629960E-07    -0.1027549526E-08     0    -0.1529477933E-07    -0.6256541886E-08    0 0 0 0 0   -0.7754323216E-08     0.2015631327E-09     0     0.3090009230E-08     0.1222715260E-08
    0.1159999974E+02    0 0 0 0 0    0.3282213280E-07    -0.9034820507E-09     0    -0.1351579384E-07    -0.5516844394E-08    0 0 0 0 0   -0.6812486386E-08     0.1757868975E-09     0     0.2709127062E-08     0.1069922071E-08
    0.1163999974E+02    0 0 0 0 0    0.2905755243E-07    -0.7940106664E-09     0    -0.1193797217E-07    -0.4862291461E-08    0 0 0 0 0   -0.5982022251E-08     0.1532291204E-09     0     0.2374007438E-08     0.9357600802E-09
    0.1167999974E+02    0 0 0 0 0    0.2571210735E-07    -0.6974641050E-09     0    -0.1053923601E-07    -0.4283354263E-08    0 0 0 0 0   -0.5250123446E-08     0.1334976842E-09     0     0.2079296214E-08     0.8180143255E-09
    0.1171999974E+02    0 0 0 0 0    0.2274058418E-07    -0.6123570766E-09     0    -0.9299854014E-08    -0.3771538955E-08    0 0 0 0 0   -0.4605412806E-08     0.1162470487E-09     0     0.1820248495E-08     0.7147263040E-09
    0.1175999974E+02    0 0 0 0 0    0.2010248367E-07    -0.5373701939E-09     0    -0.8202200842E-08    -0.3319277819E-08    0 0 0 0 0   -0.4037788564E-08     0.1011728621E-09     0     0.1592661311E-08     0.6241650910E-09
    0.1179999974E+02    0 0 0 0 0    0.1776154711E-07    -0.4713319927E-09     0    -0.7230539969E-08    -0.2919831465E-08    0 0 0 0 0   -0.3538285737E-08     0.8800717911E-10     0     0.1392813512E-08     0.5448016170E-09
    0.1183999974E+02    0 0 0 0 0    0.1568532846E-07    -0.4132028389E-09     0    -0.6370828085E-08    -0.2567201001E-08    0 0 0 0 0   -0.3098952096E-08     0.7651421866E-10     0     0.1217412112E-08     0.4752857675E-09
    0.1187999973E+02    0 0 0 0 0    0.1384480786E-07    -0.3620605307E-09     0    -0.5610538991E-08    -0.2256049207E-08    0 0 0 0 0   -0.2712737218E-08     0.6648660269E-10     0     0.1063544441E-08     0.4144260070E-09
    0.1191999973E+02    0 0 0 0 0    0.1221404279E-07    -0.3170874228E-09     0    -0.4938505144E-08    -0.1981629805E-08    0 0 0 0 0   -0.2373393301E-08     0.5774202301E-10     0     0.9286354657E-09     0.3611712555E-09
    0.1195999973E+02    0 0 0 0 0    0.1076985331E-07    -0.2775589190E-09     0    -0.4344775146E-08    -0.1739724042E-08    0 0 0 0 0   -0.2075386543E-08     0.5012028868E-10     0     0.8104097682E-09     0.3145947785E-09
    0.1199999973E+02    0 0 0 0 0    0.9491538253E-08    -0.2428331906E-09     0    -0.3820485643E-08    -0.1526583857E-08    0 0 0 0 0   -0.1813817980E-08     0.4348071184E-10     0     0.7068576672E-09     0.2738798708E-09
    0.1203999973E+02    0 0 0 0 0    0.8360619401E-08    -0.2123419965E-09     0    -0.3357746236E-08    -0.1338880956E-08    0 0 0 0 0   -0.1584352833E-08     0.3769979419E-10     0     0.6162050613E-09     0.2383071434E-09
    0.1207999973E+02    0 0 0 0 0    0.7360611101E-08    -0.1855824895E-09     0    -0.2949536133E-08    -0.1173661226E-08    0 0 0 0 0   -0.1383157463E-08     0.3266918062E-10     0     0.5368865903E-09     0.2072432371E-09
    0.1211999973E+02    0 0 0 0 0    0.6476812803E-08    -0.1621099069E-09     0    -0.2589611395E-08    -0.1028303933E-08    0 0 0 0 0   -0.1206843147E-08     0.2829384996E-10     0     0.4675217630E-09     0.1801308083E-09
    0.1215999973E+02    0 0 0 0 0    0.5696122399E-08    -0.1415310535E-09     0    -0.2272421721E-08    -0.9004852279E-09    0 0 0 0 0   -0.1052415970E-08     0.2449051612E-10     0     0.4068937353E-09     0.1564796485E-09
    0.1219999973E+02    0 0 0 0 0    0.5006868338E-08    -0.1234984929E-09     0    -0.1993035850E-08    -0.7881455171E-09    0 0 0 0 0   -0.9172321763E-09     0.2118621584E-10     0     0.3539304517E-09     0.1358588117E-09
    0.1223999973E+02    0 0 0 0 0    0.4398658725E-08    -0.1077053742E-09     0    -0.1747074698E-08    -0.6894603034E-09    0 0 0 0 0   -0.7989584206E-09     0.1831706197E-10     0     0.3076878970E-09     0.1178896397E-09
    0.1227999973E+02    0 0 0 0 0    0.3862245745E-08    -0.9388082491E-10     0    -0.1530651478E-08    -0.6028141445E-09    0 0 0 0 0   -0.6955363853E-09     0.1582714324E-10     0     0.2673352282E-09     0.1022395856E-09
    0.1231999972E+02    0 0 0 0 0    0.3389403925E-08    -0.8178585217E-10     0    -0.1340318088E-08    -0.5267774036E-09    0 0 0 0 0   -0.6051513094E-09     0.1366755395E-10     0     0.2321415828E-09     0.8861674653E-10
    0.1235999972E+02    0 0 0 0 0    0.2972820878E-08    -0.7120969620E-10     0    -0.1173017144E-08    -0.4600855047E-09    0 0 0 0 0   -0.5262040076E-09     0.1179553854E-10     0     0.2014643798E-09     0.7676502676E-10
    0.1239999972E+02    0 0 0 0 0    0.2605999304E-08    -0.6196658889E-10     0    -0.1026039080E-08    -0.4016204313E-09    0 0 0 0 0   -0.4572860050E-09     0.1017373792E-10     0     0.1747389505E-09     0.6645986099E-10
    0.1243999972E+02    0 0 0 0 0    0.2283169126E-08    -0.5389287336E-10     0    -0.8969838017E-09    -0.3503942350E-09    0 0 0 0 0   -0.3971574526E-09     0.8769525687E-11     0     0.1514693517E-09     0.5750443411E-10
    0.1247999972E+02    0 0 0 0 0    0.1999208764E-08    -0.4684444577E-10     0    -0.7837264272E-09    -0.3055343420E-09    0 0 0 0 0   -0.3447275222E-09     0.7554423838E-11     0     0.1312202308E-09     0.4972634190E-10
    0.1251999972E+02    0 0 0 0 0    0.1749574634E-08    -0.4069448433E-10     0    -0.6843866981E-09    -0.2662704680E-09    0 0 0 0 0   -0.2990370123E-09     0.6503588768E-11     0     0.1136096270E-09     0.4297464266E-10
    0.1255999972E+02    0 0 0 0 0    0.1530238031E-08    -0.3533143446E-10     0    -0.5973016760E-09    -0.2319229730E-09    0 0 0 0 0   -0.2592429215E-09     0.5595359244E-11     0     0.9830260200E-10     0.3711725525E-10
    0.1259999972E+02    0 0 0 0 0    0.1337628677E-08    -0.3065722193E-10     0    -0.5210013889E-09    -0.2018925001E-09    0 0 0 0 0   -0.2246047771E-09     0.4810859145E-11     0     0.8500561020E-10     0.3203866398E-10
    0.1263999972E+02    0 0 0 0 0    0.1168584232E-08    -0.2658566903E-10     0    -0.4541871182E-09    -0.1756507633E-09    0 0 0 0 0   -0.1944725223E-09     0.4133648488E-11     0     0.7346152271E-10     0.2763789522E-10
    0.1267999972E+02    0 0 0 0 0    0.1020305182E-08    -0.2304109148E-10     0    -0.3957120499E-09    -0.1527323608E-09    0 0 0 0 0   -0.1682757927E-09     0.3549417039E-11     0     0.6344523302E-10     0.2382673456E-10
    0.1271999972E+02    0 0 0 0 0    0.8903145383E-09    -0.1995705602E-10     0    -0.3445640422E-09    -0.1327275021E-09    0 0 0 0 0   -0.1455144259E-09     0.3045715448E-11     0     0.5475977779E-10     0.2052815653E-10
    0.1275999971E+02    0 0 0 0 0    0.7764218665E-09    -0.1727528087E-10     0    -0.2998502849E-09    -0.1152755521E-09    0 0 0 0 0   -0.1257500680E-09     0.2611719434E-11     0     0.4723291423E-10     0.1767494244E-10
    0.1279999971E+02    0 0 0 0 0    0.6766911862E-09    -0.1494466305E-10     0    -0.2607836518E-09    -0.1000593013E-09    0 0 0 0 0   -0.1085987532E-09     0.2238023083E-11     0     0.4071410197E-10     0.1520846434E-10
    0.1283999971E+02    0 0 0 0 0    0.5894123476E-09    -0.1292041856E-10     0    -0.2266705633E-09    -0.8679988474E-10    0 0 0 0 0   -0.9372434847E-10     0.1916457736E-11     0     0.3507184299E-10     0.1307761567E-10
    0.1287999971E+02    0 0 0 0 0    0.5130755189E-09    -0.1116332245E-10     0    -0.1969002001E-09    -0.7525227739E-10    0 0 0 0 0   -0.8083276456E-10     0.1639933408E-11     0     0.3019133848E-10     0.1123787155E-10
    0.1291999971E+02    0 0 0 0 0    0.4463484599E-09    -0.9639037785E-11     0    -0.1709349212E-09    -0.6520130347E-10    0 0 0 0 0   -0.6966684672E-10     0.1402299997E-11     0     0.2597242578E-10     0.9650463170E-11
    0.1295999971E+02    0 0 0 0 0    0.3880562874E-09    -0.8317523233E-11     0    -0.1483017560E-09    -0.5645810219E-10    0 0 0 0 0   -0.6000186822E-10     0.1198225884E-11     0     0.2232776315E-10     0.8281653128E-11
    0.1299999971E+02    0 0 0 0 0    0.3371634717E-09    -0.7172510440E-11     0    -0.1285848565E-09    -0.4885700009E-10    0 0 0 0 0   -0.5164155737E-10     0.1023091805E-11     0     0.1918123323E-10     0.7102099423E-11
    0.1303999971E+02    0 0 0 0 0    0.2927578232E-09    -0.6181043165E-11     0    -0.1114188016E-09    -0.4225274386E-10    0 0 0 0 0   -0.4441459693E-10     0.8728981203E-12     0     0.1646653983E-10     0.6086297751E-11
    0.1307999971E+02    0 0 0 0 0    0.2540362568E-09    -0.5323071122E-11     0    -0.9648266134E-10    -0.3651805369E-10    0 0 0 0 0   -0.3817154154E-10     0.7441838415E-12     0     0.1412597518E-10     0.5212092664E-11
    0.1311999971E+02    0 0 0 0 0    0.2202921472E-09    -0.4581092214E-11     0    -0.8349473943E-10    -0.3154146134E-10    0 0 0 0 0   -0.3278210474E-10     0.6339559616E-12     0     0.1210933758E-10     0.4460249320E-11
    0.1315999971E+02    0 0 0 0 0    0.1909041019E-09    -0.3939837560E-11     0    -0.7220791758E-10    -0.2722540073E-10    0 0 0 0 0   -0.2813277264E-10     0.5396278136E-12     0     0.1037298163E-10     0.3814078542E-11
    0.1319999970E+02    0 0 0 0 0    0.1653259987E-09    -0.3385994365E-11     0    -0.6240553551E-10    -0.2348452248E-10    0 0 0 0 0   -0.2412470610E-10     0.4589653342E-12     0     0.8878985368E-11     0.3259108724E-11
    0.1323999970E+02    0 0 0 0 0    0.1430781492E-09    -0.2907962196E-11     0    -0.5389774683E-10    -0.2024420681E-10    0 0 0 0 0   -0.2067189762E-10     0.3900402480E-12     0     0.7594420106E-11     0.2782798889E-11
    0.1327999970E+02    0 0 0 0 0    0.1237394667E-09    -0.2495638778E-11     0    -0.4651829763E-10    -0.1743925229E-10    0 0 0 0 0   -0.1769955294E-10     0.3311893025E-12     0     0.6490710949E-11     0.2374287880E-11
    0.1331999970E+02    0 0 0 0 0    0.1069405277E-09    -0.2140231819E-11     0    -0.4012168023E-10    -0.1501272014E-10    0 0 0 0 0   -0.1514267077E-10     0.2809787946E-12     0     0.5543076840E-11     0.2024175271E-11
    0.1335999970E+02    0 0 0 0 0    0.9235742769E-10    -0.1834093812E-11     0    -0.3458061999E-10    -0.1291491632E-10    0 0 0 0 0   -0.1294479716E-10     0.2381737198E-12     0     0.4730040642E-11     0.1724330075E-11
    0.1339999970E+02    0 0 0 0 0    0.7970634546E-10    -0.1570577078E-11     0    -0.2978385722E-10    -0.1110249542E-10    0 0 0 0 0   -0.1105693365E-10     0.2017109570E-12     0     0.4033000704E-11     0.1467723840E-11
    0.1343999970E+02    0 0 0 0 0    0.6873873451E-10    -0.1343906641E-11     0    -0.2563419084E-10    -0.9537672120E-11    0 0 0 0 0   -0.9436580847E-11     0.1706759773E-12     0     0.3435856437E-11     0.1248285092E-11
    0.1347999970E+02    0 0 0 0 0    0.5923707362E-10    -0.1149068821E-11     0    -0.2204675371E-10    -0.8187527870E-11    0 0 0 0 0   -0.8046901068E-11     0.1442826236E-12     0     0.2924681275E-11     0.1060772491E-11
    0.1351999970E+02    0 0 0 0 0    0.5101111270E-10    -0.9817136398E-12     0    -0.1894749323E-10    -0.7023401501E-11    0 0 0 0 0   -0.6855985712E-11     0.1218555693E-12     0     0.2487437199E-11     0.9006643314E-12
    0.1355999970E+02    0 0 0 0 0    0.4389455850E-10    -0.8380693836E-12     0    -0.1627183341E-10    -0.6020353948E-11    0 0 0 0 0   -0.5836214670E-11     0.1028151096E-12     0     0.2113725703E-11     0.7640623671E-12
    0.1359999970E+02    0 0 0 0 0    0.3774215026E-10    -0.7148678624E-12     0    -0.1396349746E-10    -0.5156698361E-11    0 0 0 0 0   -0.4963696533E-11     0.8666398357E-13     0     0.1794570668E-11     0.6476081375E-12
    0.1363999970E+02    0 0 0 0 0    0.3242708101E-10    -0.6092790418E-12     0    -0.1197347235E-10    -0.4413587817E-11    0 0 0 0 0   -0.4217779731E-11     0.7297596415E-13     0     0.1522229189E-11     0.5484102214E-12
    0.1367999969E+02    0 0 0 0 0    0.2783872497E-10    -0.5188539382E-12     0    -0.1025909855E-10    -0.3774653818E-11    0 0 0 0 0   -0.3580625873E-11     0.6138598402E-13     0     0.1290026850E-11     0.4639810287E-12
    0.1371999969E+02    0 0 0 0 0    0.2388063598E-10    -0.4414747309E-12     0    -0.8783270499E-11    -0.3225689471E-11    0 0 0 0 0   -0.3036837632E-11     0.5158159738E-13     0     0.1092214383E-11     0.3921819155E-12
    0.1375999969E+02    0 0 0 0 0    0.2046878562E-10    -0.3753112278E-12     0    -0.7513734593E-11    -0.2754372017E-11    0 0 0 0 0   -0.2573134394E-11     0.4329560127E-13     0     0.9238430097E-12     0.3311755551E-12
    0.1379999969E+02    0 0 0 0 0    0.1753001337E-10    -0.3187828944E-12     0    -0.6422473318E-11    -0.2350019956E-11    0 0 0 0 0   -0.2178069734E-11     0.3629966331E-13     0     0.7806561122E-12     0.2793846336E-12
    0.1383999969E+02    0 0 0 0 0    0.1500066408E-10    -0.2705257442E-12     0    -0.5485165129E-11    -0.2003380570E-11    0 0 0 0 0   -0.1841785489E-11     0.3039882253E-13     0     0.6589951407E-12     0.2354560527E-12
    0.1387999969E+02    0 0 0 0 0    0.1282539079E-10    -0.2293635031E-12     0    -0.4680711173E-11    -0.1706444180E-11    0 0 0 0 0   -0.1555797830E-11     0.2542674684E-13     0     0.5557179534E-12     0.1982299260E-12
    0.1391999969E+02    0 0 0 0 0    0.1095610370E-10    -0.1942825029E-12     0    -0.3990820786E-11    -0.1452281848E-11    0 0 0 0 0   -0.1312811286E-11     0.2124164588E-13     0     0.4681279879E-12     0.1667127449E-12
    0.1395999969E+02    0 0 0 0 0    0.9351047749E-11    -0.1644098333E-12     0    -0.3399648690E-11    -0.1234903658E-11    0 0 0 0 0   -0.1106557198E-11     0.1772275130E-13     0     0.3939128688E-12     0.1400541690E-12
    0.1399999969E+02    0 0 0 0 0    0.7973993833E-11    -0.1389943486E-12     0    -0.2893477662E-11    -0.1049135053E-11    0 0 0 0 0   -0.9316534713E-12     0.1476728779E-13     0     0.3310912337E-12     0.1175269641E-12
    0.1403999969E+02    0 0 0 0 0    0.6793529976E-11    -0.1173901641E-12     0    -0.2460441143E-11    -0.8905089832E-12    0 0 0 0 0   -0.7834829168E-12     0.1228786835E-13     0     0.2779667066E-12     0.9850967471E-13
    0.1407999969E+02    0 0 0 0 0    0.5782440573E-11    -0.9904232478E-13     0    -0.2090280915E-11    -0.7551719163E-12    0 0 0 0 0   -0.6580877828E-12     0.1021025609E-13     0     0.2330880872E-12     0.8247166693E-13
    0.1411999968E+02    0 0 0 0 0    0.4917163074E-11    -0.8347436759E-13     0    -0.1774135545E-11    -0.6398019641E-12    0 0 0 0 0   -0.5520783970E-12     0.8471442353E-14     0     0.1952149416E-12     0.6896022770E-13
    0.1415999968E+02    0 0 0 0 0    0.4177312801E-11    -0.7027753804E-13     0    -0.1504355830E-11    -0.5415376266E-12    0 0 0 0 0   -0.4625540816E-12     0.7017997823E-14     0     0.1632878813E-12     0.5758944512E-13
    0.1419999968E+02    0 0 0 0 0    0.3545267615E-11    -0.5910144430E-13     0    -0.1274343875E-11    -0.4579158072E-12    0 0 0 0 0   -0.3870347472E-12     0.5804658797E-14     0     0.1364029126E-12     0.4803063110E-13
    0.1423999968E+02    0 0 0 0 0    0.3005805148E-11    -0.4964596468E-13     0    -0.1078412905E-11    -0.3868179322E-12    0 0 0 0 0   -0.3234017651E-12     0.4793116159E-14     0     0.1137893133E-12     0.4000407833E-13
    0.1427999968E+02    0 0 0 0 0    0.2545786161E-11    -0.4165424436E-13     0    -0.9116651880E-12    -0.3264231450E-12    0 0 0 0 0   -0.2698469000E-12     0.3950978757E-14     0     0.9479056718E-13     0.3327197106E-13
    0.1431999968E+02    0 0 0 0 0    0.2153878353E-11    -0.3490663913E-13     0    -0.7698858317E-12    -0.2751676744E-12    0 0 0 0 0   -0.2248282370E-12     0.3250886799E-14     0     0.7884794562E-13     0.2763229271E-13
    0.1435999968E+02    0 0 0 0 0    0.1820315626E-11    -0.2921548240E-13     0    -0.6494504334E-12    -0.2317095866E-12    0 0 0 0 0   -0.1870321746E-12     0.2669754184E-14     0     0.6548637968E-13     0.2291359409E-13
    0.1439999968E+02    0 0 0 0 0    0.1536688407E-11    -0.2442056647E-13     0    -0.5472448428E-12    -0.1948982283E-12    0 0 0 0 0   -0.1553406748E-12     0.2188121560E-14     0     0.5430231279E-13     0.1897050431E-13
    0.1443999968E+02    0 0 0 0 0    0.1295761139E-11    -0.2038524357E-13     0    -0.4605954952E-12    -0.1637477561E-12    0 0 0 0 0   -0.1288030655E-12     0.1789604400E-14     0     0.4495326451E-13     0.1567988181E-13
    0.1447999968E+02    0 0 0 0 0    0.1091313549E-11    -0.1699306419E-13     0    -0.3872089652E-12    -0.1374142208E-12    0 0 0 0 0   -0.1066117824E-12     0.1460422541E-14     0     0.3714887152E-13     0.1293751690E-13
    0.1451999968E+02    0 0 0 0 0    0.9180026854E-12    -0.1414488081E-13     0    -0.3251195605E-12    -0.1151757448E-12    0 0 0 0 0   -0.8808151651E-13     0.1188999530E-14     0     0.3064320316E-13     0.1065530923E-13
    0.1455999967E+02    0 0 0 0 0    0.7712431112E-12    -0.1175635470E-13     0    -0.2726439184E-12    -0.9641538629E-13    0 0 0 0 0   -0.7263130489E-13     0.9656217068E-15     0     0.2522817544E-13     0.8758853497E-14
    0.1459999967E+02    0 0 0 0 0    0.6471029218E-12    -0.9755811093E-14     0    -0.2283416988E-12    -0.8060633805E-13    0 0 0 0 0   -0.5976916152E-13     0.7821484052E-15     0     0.2072791143E-13     0.7185376349E-14
    0.1463999967E+02    0 0 0 0 0    0.5422135836E-12    -0.8082395761E-14     0    -0.1909815808E-12    -0.6729915162E-13    0 0 0 0 0   -0.4907890003E-13     0.6317658201E-15     0     0.1699391612E-13     0.5881974719E-14
    0.1467999967E+02    0 0 0 0 0    0.4536918066E-12    -0.6684491724E-14     0    -0.1595118698E-12    -0.5611071823E-13    0 0 0 0 0   -0.4020884508E-13     0.5087781709E-15     0     0.1390095163E-13     0.4804112923E-14
    0.1471999967E+02    0 0 0 0 0    0.3790719037E-12    -0.5518360765E-14     0    -0.1330351098E-12    -0.4671477252E-13    0 0 0 0 0   -0.3286217065E-13     0.4084306777E-15     0     0.1134351437E-13     0.3914341625E-14
    0.1475999967E+02    0 0 0 0 0    0.3162472715E-12    -0.4546978645E-14     0    -0.1107861723E-12    -0.3883371475E-13    0 0 0 0 0   -0.2678863803E-13     0.3267596566E-15     0     0.9232828898E-14     0.3181206899E-14
    0.1479999967E+02    0 0 0 0 0    0.2634198032E-12    -0.3739036931E-14     0    -0.9211335922E-13    -0.3223157354E-13    0 0 0 0 0   -0.2177753747E-13     0.2604657068E-15     0     0.7494285107E-14     0.2578322026E-14
    0.1483999967E+02    0 0 0 0 0    0.2190561942E-12    -0.3068088764E-14     0    -0.7646212053E-13    -0.2670795547E-13    0 0 0 0 0   -0.1765166357E-13     0.2068065463E-15     0     0.6065255403E-14     0.2083578487E-14
    0.1487999967E+02    0 0 0 0 0    0.1818502417E-12    -0.2511818858E-14     0    -0.6336103706E-13    -0.2209284812E-13    0 0 0 0 0   -0.1426217814E-13     0.1635065469E-15     0     0.4893237268E-14     0.1678475909E-14
    0.1491999967E+02    0 0 0 0 0    0.1506903192E-12    -0.2051418449E-14     0    -0.5240975699E-13    -0.1824215706E-13    0 0 0 0 0   -0.1148423396E-13     0.1286804510E-15     0     0.3934274263E-14     0.1347553587E-14
    0.1495999967E+02    0 0 0 0 0    0.1246313752E-12    -0.1671053413E-14     0    -0.4326863383E-13    -0.1503388075E-13    0 0 0 0 0   -0.9213250477E-14     0.1007691196E-15     0     0.3151615065E-14     0.1077908663E-14
    0.1499999966E+02    0 0 0 0 0    0.1028708062E-12    -0.1357408785E-14     0    -0.3564981944E-13    -0.1236482970E-13    0 0 0 0 0   -0.7361747578E-14     0.7848547591E-16     0     0.2514575796E-14     0.8587881544E-15
    0.1503999966E+02    0 0 0 0 0    0.8472772823E-13    -0.1099302412E-14     0    -0.2930962924E-13    -0.1014782043E-13    0 0 0 0 0   -0.5856656555E-14     0.6076908140E-16     0     0.1997575831E-14     0.6812438838E-15
    0.1507999966E+02    0 0 0 0 0    0.6962514708E-13    -0.8873546217E-15     0    -0.2404199020E-13    -0.8309272498E-14    0 0 0 0 0   -0.4637038824E-14     0.4674801228E-16     0     0.1579321496E-14     0.5378409072E-15
    0.1511999966E+02    0 0 0 0 0    0.5707466053E-13    -0.7137080528E-15     0    -0.1967283252E-13    -0.6787156213E-14    0 0 0 0 0   -0.3652152651E-14     0.3570690390E-16     0     0.1242115727E-14     0.4224114241E-15
    0.1515999966E+02    0 0 0 0 0    0.4666333720E-13    -0.5717895629E-15     0    -0.1605529012E-13    -0.5529239990E-14    0 0 0 0 0   -0.2859816622E-14     0.2706020002E-16     0     0.9712748905E-15     0.3298472994E-15
    0.1519999966E+02    0 0 0 0 0    0.3804246914E-13    -0.4561078792E-15     0    -0.1306559603E-13    -0.4491594776E-14    0 0 0 0 0   -0.2225025916E-14     0.2032978953E-16     0     0.7546367129E-15     0.2559253412E-15
    0.1523999966E+02    0 0 0 0 0    0.3091794510E-13    -0.3620821666E-15     0    -0.1059957727E-13    -0.3637319623E-14    0 0 0 0 0   -0.1718783681E-14     0.1512633733E-16     0     0.5821455530E-15     0.1971603355E-15
    0.1527999966E+02    0 0 0 0 0    0.2504201785E-13    -0.2858968339E-15     0    -0.8569664069E-14    -0.2935456618E-14    0 0 0 0 0   -0.1317115298E-14     0.1113372167E-16     0     0.4455032982E-15     0.1506815773E-15
    0.1531999966E+02    0 0 0 0 0    0.2020627052E-13    -0.2243786646E-15     0    -0.6902340512E-14    -0.2360067915E-14    0 0 0 0 0   -0.1000237933E-14     0.8096080828E-17     0     0.3378758611E-15     0.1141292716E-15
    0.1535999966E+02    0 0 0 0 0    0.1623561352E-13    -0.1748929464E-15     0    -0.5535973570E-14    -0.1889451462E-14    0 0 0 0 0   -0.7518618308E-15     0.5807048490E-17     0     0.2536467428E-15     0.8556771987E-16
    0.1539999966E+02    0 0 0 0 0    0.1298316733E-13    -0.1352557875E-15     0    -0.4418966681E-14    -0.1505475374E-14    0 0 0 0 0   -0.5586032473E-15     0.4100822720E-17     0     0.1882103944E-15     0.6341266900E-16
    0.1543999965E+02    0 0 0 0 0    0.1032590578E-13    -0.1036601756E-15     0    -0.3508191204E-14    -0.1193013665E-14    0 0 0 0 0   -0.4094918727E-15     0.2844768831E-17     0     0.1377991935E-15     0.4637059974E-16
    0.1547999965E+02    0 0 0 0 0    0.8160949440E-14    -0.7861361482E-16     0    -0.2767654917E-14    -0.9394682796E-15    0 0 0 0 0   -0.2955581629E-15     0.1933303635E-17     0     0.9933878372E-16     0.3338806680E-16
    0.1551999965E+02    0 0 0 0 0    0.6402421205E-14    -0.5888576473E-16     0    -0.2167374862E-14    -0.7343652900E-15    0 0 0 0 0   -0.2094881622E-15     0.1282848357E-17     0     0.7032731948E-16     0.2360949392E-16
    0.1555999965E+02    0 0 0 0 0    0.4978776899E-14    -0.4346428404E-16     0    -0.1682422598E-14    -0.5690135813E-15    0 0 0 0 0   -0.1453352804E-15     0.8276715046E-18     0     0.4873483938E-16     0.1634207309E-16
    0.1559999965E+02    0 0 0 0 0    0.3830547786E-14    -0.3151780481E-16     0    -0.1292118424E-14    -0.4362173623E-15    0 0 0 0 0   -0.9828008728E-16     0.5164713802E-18     0     0.3291957208E-16     0.1102662704E-16
    0.1563999965E+02    0 0 0 0 0    0.2908434412E-14    -0.2236485626E-16     0    -0.9793524109E-15    -0.3300343899E-15    0 0 0 0 0   -0.6443055823E-16     0.3095721590E-18     0     0.2155847472E-16     0.7213473512E-17
    0.1567999965E+02    0 0 0 0 0    0.2171700138E-14    -0.1544775480E-16     0    -0.7300133104E-15    -0.2455729949E-15    0 0 0 0 0   -0.4065638092E-16     0.1766277763E-18     0     0.1358972801E-16     0.4542482128E-17
    0.1571999965E+02    0 0 0 0 0    0.1586823029E-14    -0.1031070886E-16     0    -0.5325101880E-15    -0.1788223654E-15    0 0 0 0 0   -0.2445193748E-16     0.9474494283E-19     0     0.8165273938E-17     0.2726644752E-17
    0.1575999965E+02    0 0 0 0 0    0.1126369491E-14    -0.6581436007E-17     0    -0.3773734213E-15    -0.1265112146E-15    0 0 0 0 0   -0.1382343906E-16     0.4695097775E-19     0     0.4611791136E-17     0.1538590945E-17
    0.1579999965E+02    0 0 0 0 0    0.7680588113E-15    -0.3955699273E-17     0    -0.2569238089E-15    -0.8599074022E-16    0 0 0 0 0   -0.7196429736E-17     0.2094413769E-19     0     0.2398768373E-17     0.7995747573E-18
    0.1583999965E+02    0 0 0 0 0    0.4939929833E-15    -0.2184256796E-17     0    -0.1650004565E-15    -0.5513848028E-16    0 0 0 0 0   -0.3340513516E-17     0.8074105245E-20     0     0.1112563349E-17     0.3705400538E-18
    0.1587999965E+02    0 0 0 0 0    0.2900305081E-15    -0.1061790434E-17     0    -0.9673968437E-16    -0.3228024478E-16    0 0 0 0 0   -0.1308709687E-17     0.2508573404E-20     0     0.4355303759E-18     0.1449411359E-18
    0.1591999964E+02    0 0 0 0 0    0.1452841794E-15    -0.4174109776E-18     0    -0.4839775199E-16    -0.1612753135E-16    0 0 0 0 0   -0.3893211120E-18     0.5486491578E-21     0     0.1294703500E-18     0.4305560402E-19
    0.1595999964E+02    0 0 0 0 0    0.5170547257E-16    -0.1062977772E-18     0    -0.1720450179E-16    -0.5725967904E-17    0 0 0 0 0   -0.6862283035E-19     0.6131551792E-22     0     0.2280561972E-19     0.7578976156E-20
    0.1599999964E+02    0 0 0 0 0    0.3658521194E-17    -0.2824018409E-20     0    -0.1215568615E-17    -0.4039843981E-18    0 0 0 0 0   -0.3061626243E-20     0.1585258528E-23     0     0.1017002107E-20     0.3378201175E-21

