

# H Cl repulsion (30.11 2005; nice dimer)
# 110
repulsion=
      0.000000000000      9.279705323223
      0.216666667612      6.222169996480
      0.433333335224      4.172050524945
      0.650000002837      2.797417234268
      0.866666670449      1.875706714429
      1.083333338061      1.257687139214
      1.300000005673      0.843296517508
      1.516666673285      0.565441908618
      1.733333340898      0.379136573416
      1.950000008510      0.254216284840
      2.050000010000      0.211389681142
      2.072727282626      0.202698900462
      2.095454555253      0.194349631335
      2.118181827879      0.186339910918
      2.140909100505      0.178666467810
      2.163636373131      0.171324722046
      2.186363645758      0.164308785100
      2.209090918384      0.157611459886
      2.231818191010      0.151224240755
      2.254545463636      0.145137313498
      2.277272736263      0.139339555345
      2.300000008889      0.133818534965
      2.322727281515      0.128560512464
      2.345454554141      0.123550439389
      2.368181826768      0.118771958724
      2.390909099394      0.114207404892
      2.413636372020      0.109837803756
      2.436363644646      0.105642876377
      2.459090917273      0.101602042905
      2.481818189899      0.097699024288
      2.504545462525      0.093924070137
      2.527272735152      0.090272579544
      2.550000007778      0.086741173538
      2.572727280404      0.083326532948
      2.595454553030      0.080025386886
      2.618181825657      0.076834512743
      2.640909098283      0.073750736195
      2.663636370909      0.070770931198
      2.686363643535      0.067892019990
      2.709090916162      0.065110973091
      2.731818188788      0.062424809304
      2.754545461414      0.059830595711
      2.777272734040      0.057325447678
      2.800000006667      0.054906528853
      2.822727279293      0.052571051165
      2.845454551919      0.050316274824
      2.868181824545      0.048139508325
      2.890909097172      0.046038108440
      2.913636369798      0.044009480227
      2.936363642424      0.042051077024
      2.959090915051      0.040160400451
      2.981818187677      0.038335000411
      3.004545460303      0.036572475086
      3.027272732929      0.034870470942
      3.050000005556      0.033226682728
      3.072727278182      0.031638853723
      3.095454550808      0.030104791354
      3.118181823434      0.028622410597
      3.140909096061      0.027189747137
      3.163636368687      0.025804957511
      3.186363641313      0.024466319104
      3.209090913939      0.023172230154
      3.231818186566      0.021921209750
      3.254545459192      0.020711897828
      3.277272731818      0.019543055179
      3.300000004444      0.018413563441
      3.322727277071      0.017322425104
      3.345454549697      0.016268763508
      3.368181822323      0.015251822844
      3.390909094949      0.014270968154
      3.413636367576      0.013325685329
      3.436363640202      0.012415581112
      3.459090912828      0.011540383095
      3.481818185455      0.010699939722
      3.504545458081      0.009894220273
      3.527272730707      0.009123298368
      3.550000003333      0.008387247560
      3.572727275960      0.007686073860
      3.595454548586      0.007019712460
      3.618181821212      0.006388027737
      3.640909093838      0.005790813247
      3.663636366465      0.005227791733
      3.686363639091      0.004698615118
      3.709090911717      0.004202864509
      3.731818184343      0.003740050195
      3.754545456970      0.003309611648
      3.777272729596      0.002910917523
      3.800000002222      0.002543265657
      3.822727274848      0.002205883071
      3.845454547475      0.001897925967
      3.868181820101      0.001618479730
      3.890909092727      0.001366558931
      3.913636365354      0.001141107319
      3.936363637980      0.000940997828
      3.959090910606      0.000765032575
      3.981818183232      0.000611942860
      4.004545455859      0.000480389164
      4.027272728485      0.000368961152
      4.050000001111      0.000276177672
      4.072727273737      0.000200486754
      4.095454546364      0.000140265611
      4.118181818990      0.000093820639
      4.140909091616      0.000059387416
      4.163636364242      0.000035130704
      4.186363636869      0.000019144446
      4.209090909495      0.000009452344
      4.231818182121      0.000004091085
      4.254545454747      0.000001429098
      4.277272727374      0.000000298900
      4.300000000000      0.000000000000


# Cl H Slater-Koster 0 0 0 0 0  (30.11 2005) r0=3.46, r0=1.3
Cl_H_table=
    0                 0 0 0 0 0 0 0 0 0  -0.3599450912E+00  0 0 0 0 0 0 0 0 0   0.5857052144E+00
    0.3999999911E-01  0 0 0 0 0 0 0 0 0  -0.3535461050E+00  0 0 0 0 0 0 0 0 0   0.5857976217E+00
    0.7999999821E-01  0 0 0 0 0 0 0 0 0  -0.3407121440E+00  0 0 0 0 0 0 0 0 0   0.5860848677E+00
    0.1199999973E+00  0 0 0 0 0 0 0 0 0  -0.3294806969E+00  0 0 0 0 0 0 0 0 0   0.5865858769E+00
    0.1599999964E+00  0 0 0 0 0 0 0 0 0  -0.3237635686E+00  0 0 0 0 0 0 0 0 0   0.5873130970E+00
    0.1999999955E+00  0 0 0 0 0 0 0 0 0  -0.3249017945E+00  0 0 0 0 0 0 0 0 0   0.5882652401E+00
    0.2399999946E+00  0 0 0 0 0 0 0 0 0  -0.3328199685E+00  0 0 0 0 0 0 0 0 0   0.5894255260E+00
    0.2799999937E+00  0 0 0 0 0 0 0 0 0  -0.3467187086E+00  0 0 0 0 0 0 0 0 0   0.5907627825E+00
    0.3199999928E+00  0 0 0 0 0 0 0 0 0  -0.3654815495E+00  0 0 0 0 0 0 0 0 0   0.5922338785E+00
    0.3599999920E+00  0 0 0 0 0 0 0 0 0  -0.3879086586E+00  0 0 0 0 0 0 0 0 0   0.5937866253E+00
    0.3999999911E+00  0 0 0 0 0 0 0 0 0  -0.4128456990E+00  0 0 0 0 0 0 0 0 0   0.5953626758E+00
    0.4399999902E+00  0 0 0 0 0 0 0 0 0  -0.4392496074E+00  0 0 0 0 0 0 0 0 0   0.5969001816E+00
    0.4799999893E+00  0 0 0 0 0 0 0 0 0  -0.4662169785E+00  0 0 0 0 0 0 0 0 0   0.5983360985E+00
    0.5199999884E+00  0 0 0 0 0 0 0 0 0  -0.4929908089E+00  0 0 0 0 0 0 0 0 0   0.5996081118E+00
    0.5599999875E+00  0 0 0 0 0 0 0 0 0  -0.5189551854E+00  0 0 0 0 0 0 0 0 0   0.6006561873E+00
    0.5999999866E+00  0 0 0 0 0 0 0 0 0  -0.5436236939E+00  0 0 0 0 0 0 0 0 0   0.6014237803E+00
    0.6399999857E+00  0 0 0 0 0 0 0 0 0  -0.5666249955E+00  0 0 0 0 0 0 0 0 0   0.6018587419E+00
    0.6799999848E+00  0 0 0 0 0 0 0 0 0  -0.5876875949E+00  0 0 0 0 0 0 0 0 0   0.6019139617E+00
    0.7199999839E+00  0 0 0 0 0 0 0 0 0  -0.6066249732E+00  0 0 0 0 0 0 0 0 0   0.6015477913E+00
    0.7599999830E+00  0 0 0 0 0 0 0 0 0  -0.6233217318E+00  0 0 0 0 0 0 0 0 0   0.6007242827E+00
    0.7999999821E+00  0 0 0 0 0 0 0 0 0  -0.6377210734E+00  0 0 0 0 0 0 0 0 0   0.5994132775E+00
    0.8399999812E+00  0 0 0 0 0 0 0 0 0  -0.6498137471E+00  0 0 0 0 0 0 0 0 0   0.5975903751E+00
    0.8799999803E+00  0 0 0 0 0 0 0 0 0  -0.6596284562E+00  0 0 0 0 0 0 0 0 0   0.5952368060E+00
    0.9199999794E+00  0 0 0 0 0 0 0 0 0  -0.6672236499E+00  0 0 0 0 0 0 0 0 0   0.5923392318E+00
    0.9599999785E+00  0 0 0 0 0 0 0 0 0  -0.6726805766E+00  0 0 0 0 0 0 0 0 0   0.5888894882E+00
    0.9999999776E+00  0 0 0 0 0 0 0 0 0  -0.6760974583E+00  0 0 0 0 0 0 0 0 0   0.5848842889E+00
    0.1039999977E+01  0 0 0 0 0 0 0 0 0  -0.6775846450E+00  0 0 0 0 0 0 0 0 0   0.5803248996E+00
    0.1079999976E+01  0 0 0 0 0 0 0 0 0  -0.6772606153E+00  0 0 0 0 0 0 0 0 0   0.5752167939E+00
    0.1119999975E+01  0 0 0 0 0 0 0 0 0  -0.6752487030E+00  0 0 0 0 0 0 0 0 0   0.5695692991E+00
    0.1159999974E+01  0 0 0 0 0 0 0 0 0  -0.6716744436E+00  0 0 0 0 0 0 0 0 0   0.5633952377E+00
    0.1199999973E+01  0 0 0 0 0 0 0 0 0  -0.6666634471E+00  0 0 0 0 0 0 0 0 0   0.5567105712E+00
    0.1239999972E+01  0 0 0 0 0 0 0 0 0  -0.6603397162E+00  0 0 0 0 0 0 0 0 0   0.5495340485E+00
    0.1279999971E+01  0 0 0 0 0 0 0 0 0  -0.6528243384E+00  0 0 0 0 0 0 0 0 0   0.5418868639E+00
    0.1319999970E+01  0 0 0 0 0 0 0 0 0  -0.6442344927E+00  0 0 0 0 0 0 0 0 0   0.5337923270E+00
    0.1359999970E+01  0 0 0 0 0 0 0 0 0  -0.6346827156E+00  0 0 0 0 0 0 0 0 0   0.5252755448E+00
    0.1399999969E+01  0 0 0 0 0 0 0 0 0  -0.6242763826E+00  0 0 0 0 0 0 0 0 0   0.5163631198E+00
    0.1439999968E+01  0 0 0 0 0 0 0 0 0  -0.6131173660E+00  0 0 0 0 0 0 0 0 0   0.5070828635E+00
    0.1479999967E+01  0 0 0 0 0 0 0 0 0  -0.6013018345E+00  0 0 0 0 0 0 0 0 0   0.4974635258E+00
    0.1519999966E+01  0 0 0 0 0 0 0 0 0  -0.5889201674E+00  0 0 0 0 0 0 0 0 0   0.4875345419E+00
    0.1559999965E+01  0 0 0 0 0 0 0 0 0  -0.5760569597E+00  0 0 0 0 0 0 0 0 0   0.4773257962E+00
    0.1599999964E+01  0 0 0 0 0 0 0 0 0  -0.5627910966E+00  0 0 0 0 0 0 0 0 0   0.4668674028E+00
    0.1639999963E+01  0 0 0 0 0 0 0 0 0  -0.5491958835E+00  0 0 0 0 0 0 0 0 0   0.4561895030E+00
    0.1679999962E+01  0 0 0 0 0 0 0 0 0  -0.5353392149E+00  0 0 0 0 0 0 0 0 0   0.4453220797E+00
    0.1719999962E+01  0 0 0 0 0 0 0 0 0  -0.5212837732E+00  0 0 0 0 0 0 0 0 0   0.4342947874E+00
    0.1759999961E+01  0 0 0 0 0 0 0 0 0  -0.5070872475E+00  0 0 0 0 0 0 0 0 0   0.4231367991E+00
    0.1799999960E+01  0 0 0 0 0 0 0 0 0  -0.4928025648E+00  0 0 0 0 0 0 0 0 0   0.4118766671E+00
    0.1839999959E+01  0 0 0 0 0 0 0 0 0  -0.4784781291E+00  0 0 0 0 0 0 0 0 0   0.4005422002E+00
    0.1879999958E+01  0 0 0 0 0 0 0 0 0  -0.4641580623E+00  0 0 0 0 0 0 0 0 0   0.3891603544E+00
    0.1919999957E+01  0 0 0 0 0 0 0 0 0  -0.4498824449E+00  0 0 0 0 0 0 0 0 0   0.3777571372E+00
    0.1959999956E+01  0 0 0 0 0 0 0 0 0  -0.4356875523E+00  0 0 0 0 0 0 0 0 0   0.3663575259E+00
    0.1999999955E+01  0 0 0 0 0 0 0 0 0  -0.4216060868E+00  0 0 0 0 0 0 0 0 0   0.3549853976E+00
    0.2039999954E+01  0 0 0 0 0 0 0 0 0  -0.4076674015E+00  0 0 0 0 0 0 0 0 0   0.3436634715E+00
    0.2079999954E+01  0 0 0 0 0 0 0 0 0  -0.3938977174E+00  0 0 0 0 0 0 0 0 0   0.3324132628E+00
    0.2119999953E+01  0 0 0 0 0 0 0 0 0  -0.3803203308E+00  0 0 0 0 0 0 0 0 0   0.3212550468E+00
    0.2159999952E+01  0 0 0 0 0 0 0 0 0  -0.3669558129E+00  0 0 0 0 0 0 0 0 0   0.3102078331E+00
    0.2199999951E+01  0 0 0 0 0 0 0 0 0  -0.3538221997E+00  0 0 0 0 0 0 0 0 0   0.2992893494E+00
    0.2239999950E+01  0 0 0 0 0 0 0 0 0  -0.3409351727E+00  0 0 0 0 0 0 0 0 0   0.2885160336E+00
    0.2279999949E+01  0 0 0 0 0 0 0 0 0  -0.3283082307E+00  0 0 0 0 0 0 0 0 0   0.2779030347E+00
    0.2319999948E+01  0 0 0 0 0 0 0 0 0  -0.3159528526E+00  0 0 0 0 0 0 0 0 0   0.2674642199E+00
    0.2359999947E+01  0 0 0 0 0 0 0 0 0  -0.3038786519E+00  0 0 0 0 0 0 0 0 0   0.2572121896E+00
    0.2399999946E+01  0 0 0 0 0 0 0 0 0  -0.2920935218E+00  0 0 0 0 0 0 0 0 0   0.2471582982E+00
    0.2439999945E+01  0 0 0 0 0 0 0 0 0  -0.2806037732E+00  0 0 0 0 0 0 0 0 0   0.2373126799E+00
    0.2479999945E+01  0 0 0 0 0 0 0 0 0  -0.2694142642E+00  0 0 0 0 0 0 0 0 0   0.2276842802E+00
    0.2519999944E+01  0 0 0 0 0 0 0 0 0  -0.2585285221E+00  0 0 0 0 0 0 0 0 0   0.2182808908E+00
    0.2559999943E+01  0 0 0 0 0 0 0 0 0  -0.2479488583E+00  0 0 0 0 0 0 0 0 0   0.2091091897E+00
    0.2599999942E+01  0 0 0 0 0 0 0 0 0  -0.2376764761E+00  0 0 0 0 0 0 0 0 0   0.2001747826E+00
    0.2639999941E+01  0 0 0 0 0 0 0 0 0  -0.2277115715E+00  0 0 0 0 0 0 0 0 0   0.1914822488E+00
    0.2679999940E+01  0 0 0 0 0 0 0 0 0  -0.2180534284E+00  0 0 0 0 0 0 0 0 0   0.1830351880E+00
    0.2719999939E+01  0 0 0 0 0 0 0 0 0  -0.2087005072E+00  0 0 0 0 0 0 0 0 0   0.1748362697E+00
    0.2759999938E+01  0 0 0 0 0 0 0 0 0  -0.1996505274E+00  0 0 0 0 0 0 0 0 0   0.1668872831E+00
    0.2799999937E+01  0 0 0 0 0 0 0 0 0  -0.1909005448E+00  0 0 0 0 0 0 0 0 0   0.1591891886E+00
    0.2839999937E+01  0 0 0 0 0 0 0 0 0  -0.1824470241E+00  0 0 0 0 0 0 0 0 0   0.1517421695E+00
    0.2879999936E+01  0 0 0 0 0 0 0 0 0  -0.1742859051E+00  0 0 0 0 0 0 0 0 0   0.1445456833E+00
    0.2919999935E+01  0 0 0 0 0 0 0 0 0  -0.1664126656E+00  0 0 0 0 0 0 0 0 0   0.1375985138E+00
    0.2959999934E+01  0 0 0 0 0 0 0 0 0  -0.1588223788E+00  0 0 0 0 0 0 0 0 0   0.1308988219E+00
    0.2999999933E+01  0 0 0 0 0 0 0 0 0  -0.1515097667E+00  0 0 0 0 0 0 0 0 0   0.1244441959E+00
    0.3039999932E+01  0 0 0 0 0 0 0 0 0  -0.1444692496E+00  0 0 0 0 0 0 0 0 0   0.1182317009E+00
    0.3079999931E+01  0 0 0 0 0 0 0 0 0  -0.1376949917E+00  0 0 0 0 0 0 0 0 0   0.1122579269E+00
    0.3119999930E+01  0 0 0 0 0 0 0 0 0  -0.1311809428E+00  0 0 0 0 0 0 0 0 0   0.1065190353E+00
    0.3159999929E+01  0 0 0 0 0 0 0 0 0  -0.1249208773E+00  0 0 0 0 0 0 0 0 0   0.1010108041E+00
    0.3199999928E+01  0 0 0 0 0 0 0 0 0  -0.1189084289E+00  0 0 0 0 0 0 0 0 0   0.9572867121E-01
    0.3239999928E+01  0 0 0 0 0 0 0 0 0  -0.1131371235E+00  0 0 0 0 0 0 0 0 0   0.9066777628E-01
    0.3279999927E+01  0 0 0 0 0 0 0 0 0  -0.1076004086E+00  0 0 0 0 0 0 0 0 0   0.8582300016E-01
    0.3319999926E+01  0 0 0 0 0 0 0 0 0  -0.1022916801E+00  0 0 0 0 0 0 0 0 0   0.8118900274E-01
    0.3359999925E+01  0 0 0 0 0 0 0 0 0  -0.9720430654E-01  0 0 0 0 0 0 0 0 0   0.7676025870E-01
    0.3399999924E+01  0 0 0 0 0 0 0 0 0  -0.9233165164E-01  0 0 0 0 0 0 0 0 0   0.7253109113E-01
    0.3439999923E+01  0 0 0 0 0 0 0 0 0  -0.8766709373E-01  0 0 0 0 0 0 0 0 0   0.6849570326E-01
    0.3479999922E+01  0 0 0 0 0 0 0 0 0  -0.8320404386E-01  0 0 0 0 0 0 0 0 0   0.6464820799E-01
    0.3519999921E+01  0 0 0 0 0 0 0 0 0  -0.7893596188E-01  0 0 0 0 0 0 0 0 0   0.6098265547E-01
    0.3559999920E+01  0 0 0 0 0 0 0 0 0  -0.7485637101E-01  0 0 0 0 0 0 0 0 0   0.5749305865E-01
    0.3599999920E+01  0 0 0 0 0 0 0 0 0  -0.7095887073E-01  0 0 0 0 0 0 0 0 0   0.5417341688E-01
    0.3639999919E+01  0 0 0 0 0 0 0 0 0  -0.6723714803E-01  0 0 0 0 0 0 0 0 0   0.5101773759E-01
    0.3679999918E+01  0 0 0 0 0 0 0 0 0  -0.6368498732E-01  0 0 0 0 0 0 0 0 0   0.4802005606E-01
    0.3719999917E+01  0 0 0 0 0 0 0 0 0  -0.6029627909E-01  0 0 0 0 0 0 0 0 0   0.4517445345E-01
    0.3759999916E+01  0 0 0 0 0 0 0 0 0  -0.5706502741E-01  0 0 0 0 0 0 0 0 0   0.4247507304E-01
    0.3799999915E+01  0 0 0 0 0 0 0 0 0  -0.5398535632E-01  0 0 0 0 0 0 0 0 0   0.3991613489E-01
    0.3839999914E+01  0 0 0 0 0 0 0 0 0  -0.5105151539E-01  0 0 0 0 0 0 0 0 0   0.3749194882E-01
    0.3879999913E+01  0 0 0 0 0 0 0 0 0  -0.4825788421E-01  0 0 0 0 0 0 0 0 0   0.3519692593E-01
    0.3919999912E+01  0 0 0 0 0 0 0 0 0  -0.4559897621E-01  0 0 0 0 0 0 0 0 0   0.3302558872E-01
    0.3959999911E+01  0 0 0 0 0 0 0 0 0  -0.4306944165E-01  0 0 0 0 0 0 0 0 0   0.3097257979E-01
    0.3999999911E+01  0 0 0 0 0 0 0 0 0  -0.4066406995E-01  0 0 0 0 0 0 0 0 0   0.2903266937E-01
    0.4039999910E+01  0 0 0 0 0 0 0 0 0  -0.3837779140E-01  0 0 0 0 0 0 0 0 0   0.2720076158E-01
    0.4079999909E+01  0 0 0 0 0 0 0 0 0  -0.3620567826E-01  0 0 0 0 0 0 0 0 0   0.2547189964E-01
    0.4119999908E+01  0 0 0 0 0 0 0 0 0  -0.3414294540E-01  0 0 0 0 0 0 0 0 0   0.2384127006E-01
    0.4159999907E+01  0 0 0 0 0 0 0 0 0  -0.3218495045E-01  0 0 0 0 0 0 0 0 0   0.2230420581E-01
    0.4199999906E+01  0 0 0 0 0 0 0 0 0  -0.3032719349E-01  0 0 0 0 0 0 0 0 0   0.2085618873E-01
    0.4239999905E+01  0 0 0 0 0 0 0 0 0  -0.2856531646E-01  0 0 0 0 0 0 0 0 0   0.1949285104E-01
    0.4279999904E+01  0 0 0 0 0 0 0 0 0  -0.2689510206E-01  0 0 0 0 0 0 0 0 0   0.1820997619E-01
    0.4319999903E+01  0 0 0 0 0 0 0 0 0  -0.2531247256E-01  0 0 0 0 0 0 0 0 0   0.1700349896E-01
    0.4359999903E+01  0 0 0 0 0 0 0 0 0  -0.2381348816E-01  0 0 0 0 0 0 0 0 0   0.1586950509E-01
    0.4399999902E+01  0 0 0 0 0 0 0 0 0  -0.2239434516E-01  0 0 0 0 0 0 0 0 0   0.1480423023E-01
    0.4439999901E+01  0 0 0 0 0 0 0 0 0  -0.2105137402E-01  0 0 0 0 0 0 0 0 0   0.1380405847E-01
    0.4479999900E+01  0 0 0 0 0 0 0 0 0  -0.1978103705E-01  0 0 0 0 0 0 0 0 0   0.1286552048E-01
    0.4519999899E+01  0 0 0 0 0 0 0 0 0  -0.1857992609E-01  0 0 0 0 0 0 0 0 0   0.1198529120E-01
    0.4559999898E+01  0 0 0 0 0 0 0 0 0  -0.1744476001E-01  0 0 0 0 0 0 0 0 0   0.1116018724E-01
    0.4599999897E+01  0 0 0 0 0 0 0 0 0  -0.1637238202E-01  0 0 0 0 0 0 0 0 0   0.1038716398E-01
    0.4639999896E+01  0 0 0 0 0 0 0 0 0  -0.1535975698E-01  0 0 0 0 0 0 0 0 0   0.9663312404E-02
    0.4679999895E+01  0 0 0 0 0 0 0 0 0  -0.1440396857E-01  0 0 0 0 0 0 0 0 0   0.8985855797E-02
    0.4719999894E+01  0 0 0 0 0 0 0 0 0  -0.1350221639E-01  0 0 0 0 0 0 0 0 0   0.8352146185E-02
    0.4759999894E+01  0 0 0 0 0 0 0 0 0  -0.1265181305E-01  0 0 0 0 0 0 0 0 0   0.7759660688E-02
    0.4799999893E+01  0 0 0 0 0 0 0 0 0  -0.1185018113E-01  0 0 0 0 0 0 0 0 0   0.7205997748E-02
    0.4839999892E+01  0 0 0 0 0 0 0 0 0  -0.1109485023E-01  0 0 0 0 0 0 0 0 0   0.6688873276E-02
    0.4879999891E+01  0 0 0 0 0 0 0 0 0  -0.1038345390E-01  0 0 0 0 0 0 0 0 0   0.6206116742E-02
    0.4919999890E+01  0 0 0 0 0 0 0 0 0  -0.9713726597E-02  0 0 0 0 0 0 0 0 0   0.5755667228E-02
    0.4959999889E+01  0 0 0 0 0 0 0 0 0  -0.9083500666E-02  0 0 0 0 0 0 0 0 0   0.5335569474E-02
    0.4999999888E+01  0 0 0 0 0 0 0 0 0  -0.8490703295E-02  0 0 0 0 0 0 0 0 0   0.4943969918E-02
    0.5039999887E+01  0 0 0 0 0 0 0 0 0  -0.7933353499E-02  0 0 0 0 0 0 0 0 0   0.4579112759E-02
    0.5079999886E+01  0 0 0 0 0 0 0 0 0  -0.7409559125E-02  0 0 0 0 0 0 0 0 0   0.4239336058E-02
    0.5119999886E+01  0 0 0 0 0 0 0 0 0  -0.6917513888E-02  0 0 0 0 0 0 0 0 0   0.3923067884E-02
    0.5159999885E+01  0 0 0 0 0 0 0 0 0  -0.6455494436E-02  0 0 0 0 0 0 0 0 0   0.3628822513E-02
    0.5199999884E+01  0 0 0 0 0 0 0 0 0  -0.6021857456E-02  0 0 0 0 0 0 0 0 0   0.3355196703E-02
    0.5239999883E+01  0 0 0 0 0 0 0 0 0  -0.5615036821E-02  0 0 0 0 0 0 0 0 0   0.3100866039E-02
    0.5279999882E+01  0 0 0 0 0 0 0 0 0  -0.5233540786E-02  0 0 0 0 0 0 0 0 0   0.2864581366E-02
    0.5319999881E+01  0 0 0 0 0 0 0 0 0  -0.4875949231E-02  0 0 0 0 0 0 0 0 0   0.2645165302E-02
    0.5359999880E+01  0 0 0 0 0 0 0 0 0  -0.4540910957E-02  0 0 0 0 0 0 0 0 0   0.2441508859E-02
    0.5399999879E+01  0 0 0 0 0 0 0 0 0  -0.4227141041E-02  0 0 0 0 0 0 0 0 0   0.2252568152E-02
    0.5439999878E+01  0 0 0 0 0 0 0 0 0  -0.3933418241E-02  0 0 0 0 0 0 0 0 0   0.2077361206E-02
    0.5479999878E+01  0 0 0 0 0 0 0 0 0  -0.3658582469E-02  0 0 0 0 0 0 0 0 0   0.1914964880E-02
    0.5519999877E+01  0 0 0 0 0 0 0 0 0  -0.3401532316E-02  0 0 0 0 0 0 0 0 0   0.1764511880E-02
    0.5559999876E+01  0 0 0 0 0 0 0 0 0  -0.3161222648E-02  0 0 0 0 0 0 0 0 0   0.1625187890E-02
    0.5599999875E+01  0 0 0 0 0 0 0 0 0  -0.2936662258E-02  0 0 0 0 0 0 0 0 0   0.1496228801E-02
    0.5639999874E+01  0 0 0 0 0 0 0 0 0  -0.2726911583E-02  0 0 0 0 0 0 0 0 0   0.1376918051E-02
    0.5679999873E+01  0 0 0 0 0 0 0 0 0  -0.2531080493E-02  0 0 0 0 0 0 0 0 0   0.1266584068E-02
    0.5719999872E+01  0 0 0 0 0 0 0 0 0  -0.2348326134E-02  0 0 0 0 0 0 0 0 0   0.1164597817E-02
    0.5759999871E+01  0 0 0 0 0 0 0 0 0  -0.2177850844E-02  0 0 0 0 0 0 0 0 0   0.1070370453E-02
    0.5799999870E+01  0 0 0 0 0 0 0 0 0  -0.2018900130E-02  0 0 0 0 0 0 0 0 0   0.9833510701E-03
    0.5839999869E+01  0 0 0 0 0 0 0 0 0  -0.1870760706E-02  0 0 0 0 0 0 0 0 0   0.9030245555E-03
    0.5879999869E+01  0 0 0 0 0 0 0 0 0  -0.1732758604E-02  0 0 0 0 0 0 0 0 0   0.8289095378E-03
    0.5919999868E+01  0 0 0 0 0 0 0 0 0  -0.1604257338E-02  0 0 0 0 0 0 0 0 0   0.7605564307E-03
    0.5959999867E+01  0 0 0 0 0 0 0 0 0  -0.1484656138E-02  0 0 0 0 0 0 0 0 0   0.6975455697E-03
    0.5999999866E+01  0 0 0 0 0 0 0 0 0  -0.1373388246E-02  0 0 0 0 0 0 0 0 0   0.6394854381E-03
    0.6039999865E+01  0 0 0 0 0 0 0 0 0  -0.1269919270E-02  0 0 0 0 0 0 0 0 0   0.5860109809E-03
    0.6079999864E+01  0 0 0 0 0 0 0 0 0  -0.1173745598E-02  0 0 0 0 0 0 0 0 0   0.5367820030E-03
    0.6119999863E+01  0 0 0 0 0 0 0 0 0  -0.1084392881E-02  0 0 0 0 0 0 0 0 0   0.4914816481E-03
    0.6159999862E+01  0 0 0 0 0 0 0 0 0  -0.1001414560E-02  0 0 0 0 0 0 0 0 0   0.4498149578E-03
    0.6199999861E+01  0 0 0 0 0 0 0 0 0  -0.9243904628E-03  0 0 0 0 0 0 0 0 0   0.4115075055E-03
    0.6239999861E+01  0 0 0 0 0 0 0 0 0  -0.8529254488E-03  0 0 0 0 0 0 0 0 0   0.3763041034E-03
    0.6279999860E+01  0 0 0 0 0 0 0 0 0  -0.7866481155E-03  0 0 0 0 0 0 0 0 0   0.3439675803E-03
    0.6319999859E+01  0 0 0 0 0 0 0 0 0  -0.7252095531E-03  0 0 0 0 0 0 0 0 0   0.3142776255E-03
    0.6359999858E+01  0 0 0 0 0 0 0 0 0  -0.6682821541E-03  0 0 0 0 0 0 0 0 0   0.2870296984E-03
    0.6399999857E+01  0 0 0 0 0 0 0 0 0  -0.6155584739E-03  0 0 0 0 0 0 0 0 0   0.2620339983E-03
    0.6439999856E+01  0 0 0 0 0 0 0 0 0  -0.5667501405E-03  0 0 0 0 0 0 0 0 0   0.2391144945E-03
    0.6479999855E+01  0 0 0 0 0 0 0 0 0  -0.5215868125E-03  0 0 0 0 0 0 0 0 0   0.2181080115E-03
    0.6519999854E+01  0 0 0 0 0 0 0 0 0  -0.4798151841E-03  0 0 0 0 0 0 0 0 0   0.1988633684E-03
    0.6559999853E+01  0 0 0 0 0 0 0 0 0  -0.4411980354E-03  0 0 0 0 0 0 0 0 0   0.1812405695E-03
    0.6599999852E+01  0 0 0 0 0 0 0 0 0  -0.4055133270E-03  0 0 0 0 0 0 0 0 0   0.1651100425E-03
    0.6639999852E+01  0 0 0 0 0 0 0 0 0  -0.3725533369E-03  0 0 0 0 0 0 0 0 0   0.1503519244E-03
    0.6679999851E+01  0 0 0 0 0 0 0 0 0  -0.3421238383E-03  0 0 0 0 0 0 0 0 0   0.1368553896E-03
    0.6719999850E+01  0 0 0 0 0 0 0 0 0  -0.3140433179E-03  0 0 0 0 0 0 0 0 0   0.1245180208E-03
    0.6759999849E+01  0 0 0 0 0 0 0 0 0  -0.2881422318E-03  0 0 0 0 0 0 0 0 0   0.1132452188E-03
    0.6799999848E+01  0 0 0 0 0 0 0 0 0  -0.2642622987E-03  0 0 0 0 0 0 0 0 0   0.1029496498E-03
    0.6839999847E+01  0 0 0 0 0 0 0 0 0  -0.2422558289E-03  0 0 0 0 0 0 0 0 0   0.9355072748E-04
    0.6879999846E+01  0 0 0 0 0 0 0 0 0  -0.2219850869E-03  0 0 0 0 0 0 0 0 0   0.8497412933E-04
    0.6919999845E+01  0 0 0 0 0 0 0 0 0  -0.2033216874E-03  0 0 0 0 0 0 0 0 0   0.7715134375E-04
    0.6959999844E+01  0 0 0 0 0 0 0 0 0  -0.1861460230E-03  0 0 0 0 0 0 0 0 0   0.7001924727E-04
    0.6999999844E+01  0 0 0 0 0 0 0 0 0  -0.1703467217E-03  0 0 0 0 0 0 0 0 0   0.6351970961E-04
    0.7039999843E+01  0 0 0 0 0 0 0 0 0  -0.1558201338E-03  0 0 0 0 0 0 0 0 0   0.5759922529E-04
    0.7079999842E+01  0 0 0 0 0 0 0 0 0  -0.1424698467E-03  0 0 0 0 0 0 0 0 0   0.5220856997E-04
    0.7119999841E+01  0 0 0 0 0 0 0 0 0  -0.1302062259E-03  0 0 0 0 0 0 0 0 0   0.4730248026E-04
    0.7159999840E+01  0 0 0 0 0 0 0 0 0  -0.1189459817E-03  0 0 0 0 0 0 0 0 0   0.4283935551E-04
    0.7199999839E+01  0 0 0 0 0 0 0 0 0  -0.1086117605E-03  0 0 0 0 0 0 0 0 0   0.3878098013E-04
    0.7239999838E+01  0 0 0 0 0 0 0 0 0  -0.9913175882E-04  0 0 0 0 0 0 0 0 0   0.3509226541E-04
    0.7279999837E+01  0 0 0 0 0 0 0 0 0  -0.9043935948E-04  0 0 0 0 0 0 0 0 0   0.3174100941E-04
    0.7319999836E+01  0 0 0 0 0 0 0 0 0  -0.8247278920E-04  0 0 0 0 0 0 0 0 0   0.2869767392E-04
    0.7359999835E+01  0 0 0 0 0 0 0 0 0  -0.7517479597E-04  0 0 0 0 0 0 0 0 0   0.2593517730E-04
    0.7399999835E+01  0 0 0 0 0 0 0 0 0  -0.6849234559E-04  0 0 0 0 0 0 0 0 0   0.2342870227E-04
    0.7439999834E+01  0 0 0 0 0 0 0 0 0  -0.6237633635E-04  0 0 0 0 0 0 0 0 0   0.2115551765E-04
    0.7479999833E+01  0 0 0 0 0 0 0 0 0  -0.5678133097E-04  0 0 0 0 0 0 0 0 0   0.1909481310E-04
    0.7519999832E+01  0 0 0 0 0 0 0 0 0  -0.5166530481E-04  0 0 0 0 0 0 0 0 0   0.1722754605E-04
    0.7559999831E+01  0 0 0 0 0 0 0 0 0  -0.4698940967E-04  0 0 0 0 0 0 0 0 0   0.1553629994E-04
    0.7599999830E+01  0 0 0 0 0 0 0 0 0  -0.4271775223E-04  0 0 0 0 0 0 0 0 0   0.1400515308E-04
    0.7639999829E+01  0 0 0 0 0 0 0 0 0  -0.3881718640E-04  0 0 0 0 0 0 0 0 0   0.1261955741E-04
    0.7679999828E+01  0 0 0 0 0 0 0 0 0  -0.3525711885E-04  0 0 0 0 0 0 0 0 0   0.1136622633E-04
    0.7719999827E+01  0 0 0 0 0 0 0 0 0  -0.3200932696E-04  0 0 0 0 0 0 0 0 0   0.1023303124E-04
    0.7759999827E+01  0 0 0 0 0 0 0 0 0  -0.2904778855E-04  0 0 0 0 0 0 0 0 0   0.9208905864E-05
    0.7799999826E+01  0 0 0 0 0 0 0 0 0  -0.2634852265E-04  0 0 0 0 0 0 0 0 0   0.8283758112E-05
    0.7839999825E+01  0 0 0 0 0 0 0 0 0  -0.2388944078E-04  0 0 0 0 0 0 0 0 0   0.7448388706E-05
    0.7879999824E+01  0 0 0 0 0 0 0 0 0  -0.2165020807E-04  0 0 0 0 0 0 0 0 0   0.6694416225E-05
    0.7919999823E+01  0 0 0 0 0 0 0 0 0  -0.1961211366E-04  0 0 0 0 0 0 0 0 0   0.6014208052E-05
    0.7959999822E+01  0 0 0 0 0 0 0 0 0  -0.1775794987E-04  0 0 0 0 0 0 0 0 0   0.5400816802E-05
    0.7999999821E+01  0 0 0 0 0 0 0 0 0  -0.1607189957E-04  0 0 0 0 0 0 0 0 0   0.4847921827E-05
    0.8039999820E+01  0 0 0 0 0 0 0 0 0  -0.1453943125E-04  0 0 0 0 0 0 0 0 0   0.4349775421E-05
    0.8079999819E+01  0 0 0 0 0 0 0 0 0  -0.1314720144E-04  0 0 0 0 0 0 0 0 0   0.3901153385E-05
    0.8119999819E+01  0 0 0 0 0 0 0 0 0  -0.1188296379E-04  0 0 0 0 0 0 0 0 0   0.3497309610E-05
    0.8159999818E+01  0 0 0 0 0 0 0 0 0  -0.1073548469E-04  0 0 0 0 0 0 0 0 0   0.3133934376E-05
    0.8199999817E+01  0 0 0 0 0 0 0 0 0  -0.9694464804E-05  0 0 0 0 0 0 0 0 0   0.2807116094E-05
    0.8239999816E+01  0 0 0 0 0 0 0 0 0  -0.8750466153E-05  0 0 0 0 0 0 0 0 0   0.2513306219E-05
    0.8279999815E+01  0 0 0 0 0 0 0 0 0  -0.7894844564E-05  0 0 0 0 0 0 0 0 0   0.2249287082E-05
    0.8319999814E+01  0 0 0 0 0 0 0 0 0  -0.7119686936E-05  0 0 0 0 0 0 0 0 0   0.2012142429E-05
    0.8359999813E+01  0 0 0 0 0 0 0 0 0  -0.6417753120E-05  0 0 0 0 0 0 0 0 0   0.1799230440E-05
    0.8399999812E+01  0 0 0 0 0 0 0 0 0  -0.5782422084E-05  0 0 0 0 0 0 0 0 0   0.1608159040E-05
    0.8439999811E+01  0 0 0 0 0 0 0 0 0  -0.5207642061E-05  0 0 0 0 0 0 0 0 0   0.1436763317E-05
    0.8479999810E+01  0 0 0 0 0 0 0 0 0  -0.4687884438E-05  0 0 0 0 0 0 0 0 0   0.1283084880E-05
    0.8519999810E+01  0 0 0 0 0 0 0 0 0  -0.4218101110E-05  0 0 0 0 0 0 0 0 0   0.1145353000E-05
    0.8559999809E+01  0 0 0 0 0 0 0 0 0  -0.3793685071E-05  0 0 0 0 0 0 0 0 0   0.1021967382E-05
    0.8599999808E+01  0 0 0 0 0 0 0 0 0  -0.3410434022E-05  0 0 0 0 0 0 0 0 0   0.9114824469E-06
    0.8639999807E+01  0 0 0 0 0 0 0 0 0  -0.3064516769E-05  0 0 0 0 0 0 0 0 0   0.8125929951E-06
    0.8679999806E+01  0 0 0 0 0 0 0 0 0  -0.2752442241E-05  0 0 0 0 0 0 0 0 0   0.7241211293E-06
    0.8719999805E+01  0 0 0 0 0 0 0 0 0  -0.2471030908E-05  0 0 0 0 0 0 0 0 0   0.6450043420E-06
    0.8759999804E+01  0 0 0 0 0 0 0 0 0  -0.2217388464E-05  0 0 0 0 0 0 0 0 0   0.5742846651E-06
    0.8799999803E+01  0 0 0 0 0 0 0 0 0  -0.1988881576E-05  0 0 0 0 0 0 0 0 0   0.5110987931E-06
    0.8839999802E+01  0 0 0 0 0 0 0 0 0  -0.1783115579E-05  0 0 0 0 0 0 0 0 0   0.4546690963E-06
    0.8879999802E+01  0 0 0 0 0 0 0 0 0  -0.1597913949E-05  0 0 0 0 0 0 0 0 0   0.4042954496E-06
    0.8919999801E+01  0 0 0 0 0 0 0 0 0  -0.1431299442E-05  0 0 0 0 0 0 0 0 0   0.3593478057E-06
    0.8959999800E+01  0 0 0 0 0 0 0 0 0  -0.1281476759E-05  0 0 0 0 0 0 0 0 0   0.3192594485E-06
    0.8999999799E+01  0 0 0 0 0 0 0 0 0  -0.1146816634E-05  0 0 0 0 0 0 0 0 0   0.2835208680E-06
    0.9039999798E+01  0 0 0 0 0 0 0 0 0  -0.1025841232E-05  0 0 0 0 0 0 0 0 0   0.2516742024E-06
    0.9079999797E+01  0 0 0 0 0 0 0 0 0  -0.9172107532E-06  0 0 0 0 0 0 0 0 0   0.2233081961E-06
    0.9119999796E+01  0 0 0 0 0 0 0 0 0  -0.8197111588E-06  0 0 0 0 0 0 0 0 0   0.1980536311E-06
    0.9159999795E+01  0 0 0 0 0 0 0 0 0  -0.7322429245E-06  0 0 0 0 0 0 0 0 0   0.1755791854E-06
    0.9199999794E+01  0 0 0 0 0 0 0 0 0  -0.6538107444E-06  0 0 0 0 0 0 0 0 0   0.1555876845E-06
    0.9239999793E+01  0 0 0 0 0 0 0 0 0  -0.5835141103E-06  0 0 0 0 0 0 0 0 0   0.1378127074E-06
    0.9279999793E+01  0 0 0 0 0 0 0 0 0  -0.5205386957E-06  0 0 0 0 0 0 0 0 0   0.1220155169E-06
    0.9319999792E+01  0 0 0 0 0 0 0 0 0  -0.4641484816E-06  0 0 0 0 0 0 0 0 0   0.1079822839E-06
    0.9359999791E+01  0 0 0 0 0 0 0 0 0  -0.4136785636E-06  0 0 0 0 0 0 0 0 0   0.9552157886E-07
    0.9399999790E+01  0 0 0 0 0 0 0 0 0  -0.3685285849E-06  0 0 0 0 0 0 0 0 0   0.8446210646E-07
    0.9439999789E+01  0 0 0 0 0 0 0 0 0  -0.3281567452E-06  0 0 0 0 0 0 0 0 0   0.7465065997E-07
    0.9479999788E+01  0 0 0 0 0 0 0 0 0  -0.2920743369E-06  0 0 0 0 0 0 0 0 0   0.6595027588E-07
    0.9519999787E+01  0 0 0 0 0 0 0 0 0  -0.2598407651E-06  0 0 0 0 0 0 0 0 0   0.5823856946E-07
    0.9559999786E+01  0 0 0 0 0 0 0 0 0  -0.2310590128E-06  0 0 0 0 0 0 0 0 0   0.5140623456E-07
    0.9599999785E+01  0 0 0 0 0 0 0 0 0  -0.2053715111E-06  0 0 0 0 0 0 0 0 0   0.4535569202E-07
    0.9639999785E+01  0 0 0 0 0 0 0 0 0  -0.1824563830E-06  0 0 0 0 0 0 0 0 0   0.3999987255E-07
    0.9679999784E+01  0 0 0 0 0 0 0 0 0  -0.1620240266E-06  0 0 0 0 0 0 0 0 0   0.3526112148E-07
    0.9719999783E+01  0 0 0 0 0 0 0 0 0  -0.1438140113E-06  0 0 0 0 0 0 0 0 0   0.3107021336E-07
    0.9759999782E+01  0 0 0 0 0 0 0 0 0  -0.1275922571E-06  0 0 0 0 0 0 0 0 0   0.2736546612E-07
    0.9799999781E+01  0 0 0 0 0 0 0 0 0  -0.1131484752E-06  0 0 0 0 0 0 0 0 0   0.2409194502E-07
    0.9839999780E+01  0 0 0 0 0 0 0 0 0  -0.1002938449E-06  0 0 0 0 0 0 0 0 0   0.2120074759E-07
    0.9879999779E+01  0 0 0 0 0 0 0 0 0  -0.8885890809E-07  0 0 0 0 0 0 0 0 0   0.1864836181E-07
    0.9919999778E+01  0 0 0 0 0 0 0 0 0  -0.7869165992E-07  0 0 0 0 0 0 0 0 0   0.1639609016E-07
    0.9959999777E+01  0 0 0 0 0 0 0 0 0  -0.6965582034E-07  0 0 0 0 0 0 0 0 0   0.1440953316E-07
    0.9999999776E+01  0 0 0 0 0 0 0 0 0  -0.6162926894E-07  0 0 0 0 0 0 0 0 0   0.1265812638E-07
    0.1003999978E+02  0 0 0 0 0 0 0 0 0  -0.5450262891E-07  0 0 0 0 0 0 0 0 0   0.1111472575E-07
    0.1007999977E+02  0 0 0 0 0 0 0 0 0  -0.4817798661E-07  0 0 0 0 0 0 0 0 0   0.9755236106E-08
    0.1011999977E+02  0 0 0 0 0 0 0 0 0  -0.4256773435E-07  0 0 0 0 0 0 0 0 0   0.8558278869E-08
    0.1015999977E+02  0 0 0 0 0 0 0 0 0  -0.3759352511E-07  0 0 0 0 0 0 0 0 0   0.7504894679E-08
    0.1019999977E+02  0 0 0 0 0 0 0 0 0  -0.3318532894E-07  0 0 0 0 0 0 0 0 0   0.6578277579E-08
    0.1023999977E+02  0 0 0 0 0 0 0 0 0  -0.2928058154E-07  0 0 0 0 0 0 0 0 0   0.5763537453E-08
    0.1027999977E+02  0 0 0 0 0 0 0 0 0  -0.2582341654E-07  0 0 0 0 0 0 0 0 0   0.5047487853E-08
    0.1031999977E+02  0 0 0 0 0 0 0 0 0  -0.2276397351E-07  0 0 0 0 0 0 0 0 0   0.4418456573E-08
    0.1035999977E+02  0 0 0 0 0 0 0 0 0  -0.2005777470E-07  0 0 0 0 0 0 0 0 0   0.3866116647E-08
    0.1039999977E+02  0 0 0 0 0 0 0 0 0  -0.1766516389E-07  0 0 0 0 0 0 0 0 0   0.3381335612E-08
    0.1043999977E+02  0 0 0 0 0 0 0 0 0  -0.1555080149E-07  0 0 0 0 0 0 0 0 0   0.2956041153E-08
    0.1047999977E+02  0 0 0 0 0 0 0 0 0  -0.1368321053E-07  0 0 0 0 0 0 0 0 0   0.2583101406E-08
    0.1051999976E+02  0 0 0 0 0 0 0 0 0  -0.1203436854E-07  0 0 0 0 0 0 0 0 0   0.2256218359E-08
    0.1055999976E+02  0 0 0 0 0 0 0 0 0  -0.1057934095E-07  0 0 0 0 0 0 0 0 0   0.1969832990E-08
    0.1059999976E+02  0 0 0 0 0 0 0 0 0  -0.9295951981E-08  0 0 0 0 0 0 0 0 0   0.1719040865E-08
    0.1063999976E+02  0 0 0 0 0 0 0 0 0  -0.8164489314E-08  0 0 0 0 0 0 0 0 0   0.1499517106E-08
    0.1067999976E+02  0 0 0 0 0 0 0 0 0  -0.7167439208E-08  0 0 0 0 0 0 0 0 0   0.1307449701E-08
    0.1071999976E+02  0 0 0 0 0 0 0 0 0  -0.6289249101E-08  0 0 0 0 0 0 0 0 0   0.1139480276E-08
    0.1075999976E+02  0 0 0 0 0 0 0 0 0  -0.5516114926E-08  0 0 0 0 0 0 0 0 0   0.9926515019E-09
    0.1079999976E+02  0 0 0 0 0 0 0 0 0  -0.4835790676E-08  0 0 0 0 0 0 0 0 0   0.8643604384E-09
    0.1083999976E+02  0 0 0 0 0 0 0 0 0  -0.4237417996E-08  0 0 0 0 0 0 0 0 0   0.7523171432E-09
    0.1087999976E+02  0 0 0 0 0 0 0 0 0  -0.3711373767E-08  0 0 0 0 0 0 0 0 0   0.6545079878E-09
    0.1091999976E+02  0 0 0 0 0 0 0 0 0  -0.3249133854E-08  0 0 0 0 0 0 0 0 0   0.5691631519E-09
    0.1095999976E+02  0 0 0 0 0 0 0 0 0  -0.2843151388E-08  0 0 0 0 0 0 0 0 0   0.4947278376E-09
    0.1099999975E+02  0 0 0 0 0 0 0 0 0  -0.2486748067E-08  0 0 0 0 0 0 0 0 0   0.4298367907E-09
    0.1103999975E+02  0 0 0 0 0 0 0 0 0  -0.2174017151E-08  0 0 0 0 0 0 0 0 0   0.3732917595E-09
    0.1107999975E+02  0 0 0 0 0 0 0 0 0  -0.1899736938E-08  0 0 0 0 0 0 0 0 0   0.3240415632E-09
    0.1111999975E+02  0 0 0 0 0 0 0 0 0  -0.1659293624E-08  0 0 0 0 0 0 0 0 0   0.2811644763E-09
    0.1115999975E+02  0 0 0 0 0 0 0 0 0  -0.1448612571E-08  0 0 0 0 0 0 0 0 0   0.2438526674E-09
    0.1119999975E+02  0 0 0 0 0 0 0 0 0  -0.1264097103E-08  0 0 0 0 0 0 0 0 0   0.2113984602E-09
    0.1123999975E+02  0 0 0 0 0 0 0 0 0  -0.1102574024E-08  0 0 0 0 0 0 0 0 0   0.1831822092E-09
    0.1127999975E+02  0 0 0 0 0 0 0 0 0  -0.9612451562E-09  0 0 0 0 0 0 0 0 0   0.1586616054E-09
    0.1131999975E+02  0 0 0 0 0 0 0 0 0  -0.8376442531E-09  0 0 0 0 0 0 0 0 0   0.1373622482E-09
    0.1135999975E+02  0 0 0 0 0 0 0 0 0  -0.7295987092E-09  0 0 0 0 0 0 0 0 0   0.1188693380E-09
    0.1139999975E+02  0 0 0 0 0 0 0 0 0  -0.6351955539E-09  0 0 0 0 0 0 0 0 0   0.1028203596E-09
    0.1143999974E+02  0 0 0 0 0 0 0 0 0  -0.5527512647E-09  0 0 0 0 0 0 0 0 0   0.8889864160E-10
    0.1147999974E+02  0 0 0 0 0 0 0 0 0  -0.4807849857E-09  0 0 0 0 0 0 0 0 0   0.7682768955E-10
    0.1151999974E+02  0 0 0 0 0 0 0 0 0  -0.4179947805E-09  0 0 0 0 0 0 0 0 0   0.6636620285E-10
    0.1155999974E+02  0 0 0 0 0 0 0 0 0  -0.3632365851E-09  0 0 0 0 0 0 0 0 0   0.5730369445E-10
    0.1159999974E+02  0 0 0 0 0 0 0 0 0  -0.3155055661E-09  0 0 0 0 0 0 0 0 0   0.4945664283E-10
    0.1163999974E+02  0 0 0 0 0 0 0 0 0  -0.2739196163E-09  0 0 0 0 0 0 0 0 0   0.4266511305E-10
    0.1167999974E+02  0 0 0 0 0 0 0 0 0  -0.2377047516E-09  0 0 0 0 0 0 0 0 0   0.3678979122E-10
    0.1171999974E+02  0 0 0 0 0 0 0 0 0  -0.2061821961E-09  0 0 0 0 0 0 0 0 0   0.3170938312E-10
    0.1175999974E+02  0 0 0 0 0 0 0 0 0  -0.1787569673E-09  0 0 0 0 0 0 0 0 0   0.2731833331E-10
    0.1179999974E+02  0 0 0 0 0 0 0 0 0  -0.1549077916E-09  0 0 0 0 0 0 0 0 0   0.2352482635E-10
    0.1183999974E+02  0 0 0 0 0 0 0 0 0  -0.1341782005E-09  0 0 0 0 0 0 0 0 0   0.2024903604E-10
    0.1187999973E+02  0 0 0 0 0 0 0 0 0  -0.1161686729E-09  0 0 0 0 0 0 0 0 0   0.1742159265E-10
    0.1191999973E+02  0 0 0 0 0 0 0 0 0  -0.1005297048E-09  0 0 0 0 0 0 0 0 0   0.1498224170E-10
    0.1195999973E+02  0 0 0 0 0 0 0 0 0  -0.8695569994E-10  0 0 0 0 0 0 0 0 0   0.1287867099E-10
    0.1199999973E+02  0 0 0 0 0 0 0 0 0  -0.7517958647E-10  0 0 0 0 0 0 0 0 0   0.1106548513E-10
    0.1203999973E+02  0 0 0 0 0 0 0 0 0  -0.6496807683E-10  0 0 0 0 0 0 0 0 0   0.9503309598E-11
    0.1207999973E+02  0 0 0 0 0 0 0 0 0  -0.5611749195E-10  0 0 0 0 0 0 0 0 0   0.8158008345E-11
    0.1211999973E+02  0 0 0 0 0 0 0 0 0  -0.4845009150E-10  0 0 0 0 0 0 0 0 0   0.7000000805E-11
    0.1215999973E+02  0 0 0 0 0 0 0 0 0  -0.4181084999E-10  0 0 0 0 0 0 0 0 0   0.6003666095E-11
    0.1219999973E+02  0 0 0 0 0 0 0 0 0  -0.3606462119E-10  0 0 0 0 0 0 0 0 0   0.5146823458E-11
    0.1223999973E+02  0 0 0 0 0 0 0 0 0  -0.3109364741E-10  0 0 0 0 0 0 0 0 0   0.4410279435E-11
    0.1227999973E+02  0 0 0 0 0 0 0 0 0  -0.2679537317E-10  0 0 0 0 0 0 0 0 0   0.3777433388E-11
    0.1231999972E+02  0 0 0 0 0 0 0 0 0  -0.2308052696E-10  0 0 0 0 0 0 0 0 0   0.3233934026E-11
    0.1235999972E+02  0 0 0 0 0 0 0 0 0  -0.1987143912E-10  0 0 0 0 0 0 0 0 0   0.2767380492E-11
    0.1239999972E+02  0 0 0 0 0 0 0 0 0  -0.1710056756E-10  0 0 0 0 0 0 0 0 0   0.2367062353E-11
    0.1243999972E+02  0 0 0 0 0 0 0 0 0  -0.1470920632E-10  0 0 0 0 0 0 0 0 0   0.2023733542E-11
    0.1247999972E+02  0 0 0 0 0 0 0 0 0  -0.1264635491E-10  0 0 0 0 0 0 0 0 0   0.1729415922E-11
    0.1251999972E+02  0 0 0 0 0 0 0 0 0  -0.1086772886E-10  0 0 0 0 0 0 0 0 0   0.1477228662E-11
    0.1255999972E+02  0 0 0 0 0 0 0 0 0  -0.9334894393E-11  0 0 0 0 0 0 0 0 0   0.1261240128E-11
    0.1259999972E+02  0 0 0 0 0 0 0 0 0  -0.8014511961E-11  0 0 0 0 0 0 0 0 0   0.1076339356E-11
    0.1263999972E+02  0 0 0 0 0 0 0 0 0  -0.6877675364E-11  0 0 0 0 0 0 0 0 0   0.9181245943E-12
    0.1267999972E+02  0 0 0 0 0 0 0 0 0  -0.5899334627E-11  0 0 0 0 0 0 0 0 0   0.7828066806E-12
    0.1271999972E+02  0 0 0 0 0 0 0 0 0  -0.5057792309E-11  0 0 0 0 0 0 0 0 0   0.6671253343E-12
    0.1275999971E+02  0 0 0 0 0 0 0 0 0  -0.4334264122E-11  0 0 0 0 0 0 0 0 0   0.5682766621E-12
    0.1279999971E+02  0 0 0 0 0 0 0 0 0  -0.3712495848E-11  0 0 0 0 0 0 0 0 0   0.4838504118E-12
    0.1283999971E+02  0 0 0 0 0 0 0 0 0  -0.3178429522E-11  0 0 0 0 0 0 0 0 0   0.4117756893E-12
    0.1287999971E+02  0 0 0 0 0 0 0 0 0  -0.2719912690E-11  0 0 0 0 0 0 0 0 0   0.3502740196E-12
    0.1291999971E+02  0 0 0 0 0 0 0 0 0  -0.2326445315E-11  0 0 0 0 0 0 0 0 0   0.2978187791E-12
    0.1295999971E+02  0 0 0 0 0 0 0 0 0  -0.1988959577E-11  0 0 0 0 0 0 0 0 0   0.2531001507E-12
    0.1299999971E+02  0 0 0 0 0 0 0 0 0  -0.1699628387E-11  0 0 0 0 0 0 0 0 0   0.2149948662E-12
    0.1303999971E+02  0 0 0 0 0 0 0 0 0  -0.1451698958E-11  0 0 0 0 0 0 0 0 0   0.1825400937E-12
    0.1307999971E+02  0 0 0 0 0 0 0 0 0  -0.1239348229E-11  0 0 0 0 0 0 0 0 0   0.1549109131E-12
    0.1311999971E+02  0 0 0 0 0 0 0 0 0  -0.1057557343E-11  0 0 0 0 0 0 0 0 0   0.1314008979E-12
    0.1315999971E+02  0 0 0 0 0 0 0 0 0  -0.9020027109E-12  0 0 0 0 0 0 0 0 0   0.1114053812E-12
    0.1319999970E+02  0 0 0 0 0 0 0 0 0  -0.7689615389E-12  0 0 0 0 0 0 0 0 0   0.9440704312E-13
    0.1323999970E+02  0 0 0 0 0 0 0 0 0  -0.6552299224E-12  0 0 0 0 0 0 0 0 0   0.7996350325E-13
    0.1327999970E+02  0 0 0 0 0 0 0 0 0  -0.5580518835E-12  0 0 0 0 0 0 0 0 0   0.6769664482E-13
    0.1331999970E+02  0 0 0 0 0 0 0 0 0  -0.4750579170E-12  0 0 0 0 0 0 0 0 0   0.5728343298E-13
    0.1335999970E+02  0 0 0 0 0 0 0 0 0  -0.4042118000E-12  0 0 0 0 0 0 0 0 0   0.4844802226E-13
    0.1339999970E+02  0 0 0 0 0 0 0 0 0  -0.3437645767E-12  0 0 0 0 0 0 0 0 0   0.4095497541E-13
    0.1343999970E+02  0 0 0 0 0 0 0 0 0  -0.2922147719E-12  0 0 0 0 0 0 0 0 0   0.3460344005E-13
    0.1347999970E+02  0 0 0 0 0 0 0 0 0  -0.2482740076E-12  0 0 0 0 0 0 0 0 0   0.2922215020E-13
    0.1351999970E+02  0 0 0 0 0 0 0 0 0  -0.2108373037E-12  0 0 0 0 0 0 0 0 0   0.2466513810E-13
    0.1355999970E+02  0 0 0 0 0 0 0 0 0  -0.1789574393E-12  0 0 0 0 0 0 0 0 0   0.2080805703E-13
    0.1359999970E+02  0 0 0 0 0 0 0 0 0  -0.1518228292E-12  0 0 0 0 0 0 0 0 0   0.1754502973E-13
    0.1363999970E+02  0 0 0 0 0 0 0 0 0  -0.1287384446E-12  0 0 0 0 0 0 0 0 0   0.1478594858E-13
    0.1367999969E+02  0 0 0 0 0 0 0 0 0  -0.1091093674E-12  0 0 0 0 0 0 0 0 0   0.1245416391E-13
    0.1371999969E+02  0 0 0 0 0 0 0 0 0  -0.9242662154E-13  0 0 0 0 0 0 0 0 0   0.1048450561E-13
    0.1375999969E+02  0 0 0 0 0 0 0 0 0  -0.7825497271E-13  0 0 0 0 0 0 0 0 0   0.8821590876E-14
    0.1379999969E+02  0 0 0 0 0 0 0 0 0  -0.6622242808E-13  0 0 0 0 0 0 0 0 0   0.7418377273E-14
    0.1383999969E+02  0 0 0 0 0 0 0 0 0  -0.5601120414E-13  0 0 0 0 0 0 0 0 0   0.6234926349E-14
    0.1387999969E+02  0 0 0 0 0 0 0 0 0  -0.4734996119E-13  0 0 0 0 0 0 0 0 0   0.5237347525E-14
    0.1391999969E+02  0 0 0 0 0 0 0 0 0  -0.4000713022E-13  0 0 0 0 0 0 0 0 0   0.4396896495E-14
    0.1395999969E+02  0 0 0 0 0 0 0 0 0  -0.3378518160E-13  0 0 0 0 0 0 0 0 0   0.3689205886E-14
    0.1399999969E+02  0 0 0 0 0 0 0 0 0  -0.2851570501E-13  0 0 0 0 0 0 0 0 0   0.3093629103E-14
    0.1403999969E+02  0 0 0 0 0 0 0 0 0  -0.2405518815E-13  0 0 0 0 0 0 0 0 0   0.2592680981E-14
    0.1407999969E+02  0 0 0 0 0 0 0 0 0  -0.2028139662E-13  0 0 0 0 0 0 0 0 0   0.2171561198E-14
    0.1411999968E+02  0 0 0 0 0 0 0 0 0  -0.1709027109E-13  0 0 0 0 0 0 0 0 0   0.1817748399E-14
    0.1415999968E+02  0 0 0 0 0 0 0 0 0  -0.1439326913E-13  0 0 0 0 0 0 0 0 0   0.1520654718E-14
    0.1419999968E+02  0 0 0 0 0 0 0 0 0  -0.1211508921E-13  0 0 0 0 0 0 0 0 0   0.1271331847E-14
    0.1423999968E+02  0 0 0 0 0 0 0 0 0  -0.1019172276E-13  0 0 0 0 0 0 0 0 0   0.1062221091E-14
    0.1427999968E+02  0 0 0 0 0 0 0 0 0  -0.8568788102E-14  0 0 0 0 0 0 0 0 0   0.8869409319E-15
    0.1431999968E+02  0 0 0 0 0 0 0 0 0  -0.7200105931E-14  0 0 0 0 0 0 0 0 0   0.7401065561E-15
    0.1435999968E+02  0 0 0 0 0 0 0 0 0  -0.6046482130E-14  0 0 0 0 0 0 0 0 0   0.6171766223E-15
    0.1439999968E+02  0 0 0 0 0 0 0 0 0  -0.5074668181E-14  0 0 0 0 0 0 0 0 0   0.5143232157E-15
    0.1443999968E+02  0 0 0 0 0 0 0 0 0  -0.4256473747E-14  0 0 0 0 0 0 0 0 0   0.4283215397E-15
    0.1447999968E+02  0 0 0 0 0 0 0 0 0  -0.3568009513E-14  0 0 0 0 0 0 0 0 0   0.3564563959E-15
    0.1451999968E+02  0 0 0 0 0 0 0 0 0  -0.2989041516E-14  0 0 0 0 0 0 0 0 0   0.2964429366E-15
    0.1455999967E+02  0 0 0 0 0 0 0 0 0  -0.2502440815E-14  0 0 0 0 0 0 0 0 0   0.2463595479E-15
    0.1459999967E+02  0 0 0 0 0 0 0 0 0  -0.2093714661E-14  0 0 0 0 0 0 0 0 0   0.2045910340E-15
    0.1463999967E+02  0 0 0 0 0 0 0 0 0  -0.1750607309E-14  0 0 0 0 0 0 0 0 0   0.1697805481E-15
    0.1467999967E+02  0 0 0 0 0 0 0 0 0  -0.1462760298E-14  0 0 0 0 0 0 0 0 0   0.1407889434E-15
    0.1471999967E+02  0 0 0 0 0 0 0 0 0  -0.1221423478E-14  0 0 0 0 0 0 0 0 0   0.1166604176E-15
    0.1475999967E+02  0 0 0 0 0 0 0 0 0  -0.1019209348E-14  0 0 0 0 0 0 0 0 0   0.9659349214E-16
    0.1479999967E+02  0 0 0 0 0 0 0 0 0  -0.8498842998E-15  0 0 0 0 0 0 0 0 0   0.7991651034E-16
    0.1483999967E+02  0 0 0 0 0 0 0 0 0  -0.7081913332E-15  0 0 0 0 0 0 0 0 0   0.6606696229E-16
    0.1487999967E+02  0 0 0 0 0 0 0 0 0  -0.5896995629E-15  0 0 0 0 0 0 0 0 0   0.5457404855E-16
    0.1491999967E+02  0 0 0 0 0 0 0 0 0  -0.4906765405E-15  0 0 0 0 0 0 0 0 0   0.4504398320E-16
    0.1495999967E+02  0 0 0 0 0 0 0 0 0  -0.4079799891E-15  0 0 0 0 0 0 0 0 0   0.3714761291E-16
    0.1499999966E+02  0 0 0 0 0 0 0 0 0  -0.3389660445E-15  0 0 0 0 0 0 0 0 0   0.3060999308E-16
    0.1503999966E+02  0 0 0 0 0 0 0 0 0  -0.2814115304E-15  0 0 0 0 0 0 0 0 0   0.2520161659E-16
    0.1507999966E+02  0 0 0 0 0 0 0 0 0  -0.2334481534E-15  0 0 0 0 0 0 0 0 0   0.2073103757E-16
    0.1511999966E+02  0 0 0 0 0 0 0 0 0  -0.1935068223E-15  0 0 0 0 0 0 0 0 0   0.1703867203E-16
    0.1515999966E+02  0 0 0 0 0 0 0 0 0  -0.1602705568E-15  0 0 0 0 0 0 0 0 0   0.1399159063E-16
    0.1519999966E+02  0 0 0 0 0 0 0 0 0  -0.1326346848E-15  0 0 0 0 0 0 0 0 0   0.1147914753E-16
    0.1523999966E+02  0 0 0 0 0 0 0 0 0  -0.1096732165E-15  0 0 0 0 0 0 0 0 0   0.9409313417E-17
    0.1527999966E+02  0 0 0 0 0 0 0 0 0  -0.9061045451E-16  0 0 0 0 0 0 0 0 0   0.7705601135E-17
    0.1531999966E+02  0 0 0 0 0 0 0 0 0  -0.7479703683E-16  0 0 0 0 0 0 0 0 0   0.6304489843E-17
    0.1535999966E+02  0 0 0 0 0 0 0 0 0  -0.6168973258E-16  0 0 0 0 0 0 0 0 0   0.5153268300E-17
    0.1539999966E+02  0 0 0 0 0 0 0 0 0  -0.5083441227E-16  0 0 0 0 0 0 0 0 0   0.4208230252E-17
    0.1543999965E+02  0 0 0 0 0 0 0 0 0  -0.4185170255E-16  0 0 0 0 0 0 0 0 0   0.3433165490E-17
    0.1547999965E+02  0 0 0 0 0 0 0 0 0  -0.3442491031E-16  0 0 0 0 0 0 0 0 0   0.2798098994E-17
    0.1551999965E+02  0 0 0 0 0 0 0 0 0  -0.2828986163E-16  0 0 0 0 0 0 0 0 0   0.2278238137E-17
    0.1555999965E+02  0 0 0 0 0 0 0 0 0  -0.2322635687E-16  0 0 0 0 0 0 0 0 0   0.1853094236E-17
    0.1559999965E+02  0 0 0 0 0 0 0 0 0  -0.1905099124E-16  0 0 0 0 0 0 0 0 0   0.1505750134E-17
    0.1563999965E+02  0 0 0 0 0 0 0 0 0  -0.1561112569E-16  0 0 0 0 0 0 0 0 0   0.1222249986E-17
    0.1567999965E+02  0 0 0 0 0 0 0 0 0  -0.1277982729E-16  0 0 0 0 0 0 0 0 0   0.9910912541E-18
    0.1571999965E+02  0 0 0 0 0 0 0 0 0  -0.1045162567E-16  0 0 0 0 0 0 0 0 0   0.8028021142E-18
    0.1575999965E+02  0 0 0 0 0 0 0 0 0  -0.8538956594E-17  0 0 0 0 0 0 0 0 0   0.6495902037E-18
    0.1579999965E+02  0 0 0 0 0 0 0 0 0  -0.6969183325E-17  0 0 0 0 0 0 0 0 0   0.5250508964E-18
    0.1583999965E+02  0 0 0 0 0 0 0 0 0  -0.5682103704E-17  0 0 0 0 0 0 0 0 0   0.4239252193E-18
    0.1587999965E+02  0 0 0 0 0 0 0 0 0  -0.4627865249E-17  0 0 0 0 0 0 0 0 0   0.3418991348E-18
    0.1591999964E+02  0 0 0 0 0 0 0 0 0  -0.3765222783E-17  0 0 0 0 0 0 0 0 0   0.2754372616E-18
    0.1595999964E+02  0 0 0 0 0 0 0 0 0  -0.3060083405E-17  0 0 0 0 0 0 0 0 0   0.2216452484E-18
    0.1599999964E+02  0 0 0 0 0 0 0 0 0  -0.2484292356E-17  0 0 0 0 0 0 0 0 0   0.1781559629E-18


# H Cl Slater-Koster 0 0 0 0 0  (30.11 2005) r0=1.3, r0=3.46
H_Cl_table=
    0                 0 0 0 0 0 0 0 0    0.1872079655E-02    -0.3599450912E+00  0 0 0 0 0 0 0 0   -0.2367030257E-05     0.5857052144E+00
    0.3999999911E-01  0 0 0 0 0 0 0 0    0.2439379255E-01    -0.3535461050E+00  0 0 0 0 0 0 0 0    0.2709516894E-01     0.5857976217E+00
    0.7999999821E-01  0 0 0 0 0 0 0 0    0.3995026518E-01    -0.3407121440E+00  0 0 0 0 0 0 0 0    0.5422252048E-01     0.5860848677E+00
    0.1199999973E+00  0 0 0 0 0 0 0 0    0.4552683241E-01    -0.3294806969E+00  0 0 0 0 0 0 0 0    0.8139457981E-01     0.5865858769E+00
    0.1599999964E+00  0 0 0 0 0 0 0 0    0.4060229947E-01    -0.3237635686E+00  0 0 0 0 0 0 0 0    0.1086046094E+00     0.5873130970E+00
    0.1999999955E+00  0 0 0 0 0 0 0 0    0.2596559890E-01    -0.3249017945E+00  0 0 0 0 0 0 0 0    0.1358233358E+00     0.5882652401E+00
    0.2399999946E+00  0 0 0 0 0 0 0 0    0.3015357221E-02    -0.3328199685E+00  0 0 0 0 0 0 0 0    0.1630010937E+00     0.5894255260E+00
    0.2799999937E+00  0 0 0 0 0 0 0 0   -0.2663398953E-01    -0.3467187086E+00  0 0 0 0 0 0 0 0    0.1900713188E+00     0.5907627825E+00
    0.3199999928E+00  0 0 0 0 0 0 0 0   -0.6136941327E-01    -0.3654815495E+00  0 0 0 0 0 0 0 0    0.2169544616E+00     0.5922338785E+00
    0.3599999920E+00  0 0 0 0 0 0 0 0   -0.9969314364E-01    -0.3879086586E+00  0 0 0 0 0 0 0 0    0.2435618269E+00     0.5937866253E+00
    0.3999999911E+00  0 0 0 0 0 0 0 0   -0.1402758082E+00    -0.4128456990E+00  0 0 0 0 0 0 0 0    0.2697990867E+00     0.5953626758E+00
    0.4399999902E+00  0 0 0 0 0 0 0 0   -0.1819745117E+00    -0.4392496074E+00  0 0 0 0 0 0 0 0    0.2955693579E+00     0.5969001816E+00
    0.4799999893E+00  0 0 0 0 0 0 0 0   -0.2238313717E+00    -0.4662169785E+00  0 0 0 0 0 0 0 0    0.3207758139E+00     0.5983360985E+00
    0.5199999884E+00  0 0 0 0 0 0 0 0   -0.2650617670E+00    -0.4929908089E+00  0 0 0 0 0 0 0 0    0.3453238445E+00     0.5996081118E+00
    0.5599999875E+00  0 0 0 0 0 0 0 0   -0.3050377147E+00    -0.5189551854E+00  0 0 0 0 0 0 0 0    0.3691227967E+00     0.6006561873E+00
    0.5999999866E+00  0 0 0 0 0 0 0 0   -0.3432694737E+00    -0.5436236939E+00  0 0 0 0 0 0 0 0    0.3920873420E+00     0.6014237803E+00
    0.6399999857E+00  0 0 0 0 0 0 0 0   -0.3793871108E+00    -0.5666249955E+00  0 0 0 0 0 0 0 0    0.4141385145E+00     0.6018587419E+00
    0.6799999848E+00  0 0 0 0 0 0 0 0   -0.4131229760E+00    -0.5876875949E+00  0 0 0 0 0 0 0 0    0.4352044669E+00     0.6019139617E+00
    0.7199999839E+00  0 0 0 0 0 0 0 0   -0.4442955762E+00    -0.6066249732E+00  0 0 0 0 0 0 0 0    0.4552209840E+00     0.6015477913E+00
    0.7599999830E+00  0 0 0 0 0 0 0 0   -0.4727950756E+00    -0.6233217318E+00  0 0 0 0 0 0 0 0    0.4741317948E+00     0.6007242827E+00
    0.7999999821E+00  0 0 0 0 0 0 0 0   -0.4985704918E+00    -0.6377210734E+00  0 0 0 0 0 0 0 0    0.4918887153E+00     0.5994132775E+00
    0.8399999812E+00  0 0 0 0 0 0 0 0   -0.5216185558E+00    -0.6498137471E+00  0 0 0 0 0 0 0 0    0.5084516529E+00     0.5975903751E+00
    0.8799999803E+00  0 0 0 0 0 0 0 0   -0.5419741386E+00    -0.6596284562E+00  0 0 0 0 0 0 0 0    0.5237884976E+00     0.5952368060E+00
    0.9199999794E+00  0 0 0 0 0 0 0 0   -0.5597021047E+00    -0.6672236499E+00  0 0 0 0 0 0 0 0    0.5378749231E+00     0.5923392318E+00
    0.9599999785E+00  0 0 0 0 0 0 0 0   -0.5748904350E+00    -0.6726805766E+00  0 0 0 0 0 0 0 0    0.5506941159E+00     0.5888894882E+00
    0.9999999776E+00  0 0 0 0 0 0 0 0   -0.5876444550E+00    -0.6760974583E+00  0 0 0 0 0 0 0 0    0.5622364487E+00     0.5848842889E+00
    0.1039999977E+01  0 0 0 0 0 0 0 0   -0.5980820190E+00    -0.6775846450E+00  0 0 0 0 0 0 0 0    0.5724991108E+00     0.5803248996E+00
    0.1079999976E+01  0 0 0 0 0 0 0 0   -0.6063295129E+00    -0.6772606153E+00  0 0 0 0 0 0 0 0    0.5814857082E+00     0.5752167939E+00
    0.1119999975E+01  0 0 0 0 0 0 0 0   -0.6125185587E+00    -0.6752487030E+00  0 0 0 0 0 0 0 0    0.5892058412E+00     0.5695692991E+00
    0.1159999974E+01  0 0 0 0 0 0 0 0   -0.6167833177E+00    -0.6716744436E+00  0 0 0 0 0 0 0 0    0.5956746687E+00     0.5633952377E+00
    0.1199999973E+01  0 0 0 0 0 0 0 0   -0.6192583067E+00    -0.6666634471E+00  0 0 0 0 0 0 0 0    0.6009124647E+00     0.5567105712E+00
    0.1239999972E+01  0 0 0 0 0 0 0 0   -0.6200766505E+00    -0.6603397162E+00  0 0 0 0 0 0 0 0    0.6049441740E+00     0.5495340485E+00
    0.1279999971E+01  0 0 0 0 0 0 0 0   -0.6193687056E+00    -0.6528243384E+00  0 0 0 0 0 0 0 0    0.6077989698E+00     0.5418868639E+00
    0.1319999970E+01  0 0 0 0 0 0 0 0   -0.6172609980E+00    -0.6442344927E+00  0 0 0 0 0 0 0 0    0.6095098188E+00     0.5337923270E+00
    0.1359999970E+01  0 0 0 0 0 0 0 0   -0.6138754258E+00    -0.6346827156E+00  0 0 0 0 0 0 0 0    0.6101130551E+00     0.5252755448E+00
    0.1399999969E+01  0 0 0 0 0 0 0 0   -0.6093286827E+00    -0.6242763826E+00  0 0 0 0 0 0 0 0    0.6096479669E+00     0.5163631198E+00
    0.1439999968E+01  0 0 0 0 0 0 0 0   -0.6037318643E+00    -0.6131173660E+00  0 0 0 0 0 0 0 0    0.6081563965E+00     0.5070828635E+00
    0.1479999967E+01  0 0 0 0 0 0 0 0   -0.5971902264E+00    -0.6013018345E+00  0 0 0 0 0 0 0 0    0.6056823570E+00     0.4974635258E+00
    0.1519999966E+01  0 0 0 0 0 0 0 0   -0.5898030641E+00    -0.5889201674E+00  0 0 0 0 0 0 0 0    0.6022716648E+00     0.4875345419E+00
    0.1559999965E+01  0 0 0 0 0 0 0 0   -0.5816636913E+00    -0.5760569597E+00  0 0 0 0 0 0 0 0    0.5979715897E+00     0.4773257962E+00
    0.1599999964E+01  0 0 0 0 0 0 0 0   -0.5728594967E+00    -0.5627910966E+00  0 0 0 0 0 0 0 0    0.5928305247E+00     0.4668674028E+00
    0.1639999963E+01  0 0 0 0 0 0 0 0   -0.5634720612E+00    -0.5491958835E+00  0 0 0 0 0 0 0 0    0.5868976724E+00     0.4561895030E+00
    0.1679999962E+01  0 0 0 0 0 0 0 0   -0.5535773212E+00    -0.5353392149E+00  0 0 0 0 0 0 0 0    0.5802227525E+00     0.4453220797E+00
    0.1719999962E+01  0 0 0 0 0 0 0 0   -0.5432457667E+00    -0.5212837732E+00  0 0 0 0 0 0 0 0    0.5728557269E+00     0.4342947874E+00
    0.1759999961E+01  0 0 0 0 0 0 0 0   -0.5325426631E+00    -0.5070872475E+00  0 0 0 0 0 0 0 0    0.5648465444E+00     0.4231367991E+00
    0.1799999960E+01  0 0 0 0 0 0 0 0   -0.5215282894E+00    -0.4928025648E+00  0 0 0 0 0 0 0 0    0.5562449046E+00     0.4118766671E+00
    0.1839999959E+01  0 0 0 0 0 0 0 0   -0.5102581865E+00    -0.4784781291E+00  0 0 0 0 0 0 0 0    0.5471000398E+00     0.4005422002E+00
    0.1879999958E+01  0 0 0 0 0 0 0 0   -0.4987834092E+00    -0.4641580623E+00  0 0 0 0 0 0 0 0    0.5374605161E+00     0.3891603544E+00
    0.1919999957E+01  0 0 0 0 0 0 0 0   -0.4871507798E+00    -0.4498824449E+00  0 0 0 0 0 0 0 0    0.5273740521E+00     0.3777571372E+00
    0.1959999956E+01  0 0 0 0 0 0 0 0   -0.4754031379E+00    -0.4356875523E+00  0 0 0 0 0 0 0 0    0.5168873551E+00     0.3663575259E+00
    0.1999999955E+01  0 0 0 0 0 0 0 0   -0.4635795858E+00    -0.4216060868E+00  0 0 0 0 0 0 0 0    0.5060459748E+00     0.3549853976E+00
    0.2039999954E+01  0 0 0 0 0 0 0 0   -0.4517157264E+00    -0.4076674015E+00  0 0 0 0 0 0 0 0    0.4948941733E+00     0.3436634715E+00
    0.2079999954E+01  0 0 0 0 0 0 0 0   -0.4398438932E+00    -0.3938977174E+00  0 0 0 0 0 0 0 0    0.4834748110E+00     0.3324132628E+00
    0.2119999953E+01  0 0 0 0 0 0 0 0   -0.4279933714E+00    -0.3803203308E+00  0 0 0 0 0 0 0 0    0.4718292486E+00     0.3212550468E+00
    0.2159999952E+01  0 0 0 0 0 0 0 0   -0.4161906081E+00    -0.3669558129E+00  0 0 0 0 0 0 0 0    0.4599972627E+00     0.3102078331E+00
    0.2199999951E+01  0 0 0 0 0 0 0 0   -0.4044594140E+00    -0.3538221997E+00  0 0 0 0 0 0 0 0    0.4480169766E+00     0.2992893494E+00
    0.2239999950E+01  0 0 0 0 0 0 0 0   -0.3928211537E+00    -0.3409351727E+00  0 0 0 0 0 0 0 0    0.4359248040E+00     0.2885160336E+00
    0.2279999949E+01  0 0 0 0 0 0 0 0   -0.3812949263E+00    -0.3283082307E+00  0 0 0 0 0 0 0 0    0.4237554053E+00     0.2779030347E+00
    0.2319999948E+01  0 0 0 0 0 0 0 0   -0.3698977356E+00    -0.3159528526E+00  0 0 0 0 0 0 0 0    0.4115416559E+00     0.2674642199E+00
    0.2359999947E+01  0 0 0 0 0 0 0 0   -0.3586446508E+00    -0.3038786519E+00  0 0 0 0 0 0 0 0    0.3993146260E+00     0.2572121896E+00
    0.2399999946E+01  0 0 0 0 0 0 0 0   -0.3475489571E+00    -0.2920935218E+00  0 0 0 0 0 0 0 0    0.3871035704E+00     0.2471582982E+00
    0.2439999945E+01  0 0 0 0 0 0 0 0   -0.3366222975E+00    -0.2806037732E+00  0 0 0 0 0 0 0 0    0.3749359286E+00     0.2373126799E+00
    0.2479999945E+01  0 0 0 0 0 0 0 0   -0.3258748048E+00    -0.2694142642E+00  0 0 0 0 0 0 0 0    0.3628373332E+00     0.2276842802E+00
    0.2519999944E+01  0 0 0 0 0 0 0 0   -0.3153152261E+00    -0.2585285221E+00  0 0 0 0 0 0 0 0    0.3508316271E+00     0.2182808908E+00
    0.2559999943E+01  0 0 0 0 0 0 0 0   -0.3049510379E+00    -0.2479488583E+00  0 0 0 0 0 0 0 0    0.3389408880E+00     0.2091091897E+00
    0.2599999942E+01  0 0 0 0 0 0 0 0   -0.2947885539E+00    -0.2376764761E+00  0 0 0 0 0 0 0 0    0.3271854594E+00     0.2001747826E+00
    0.2639999941E+01  0 0 0 0 0 0 0 0   -0.2848330253E+00    -0.2277115715E+00  0 0 0 0 0 0 0 0    0.3155839886E+00     0.1914822488E+00
    0.2679999940E+01  0 0 0 0 0 0 0 0   -0.2750887338E+00    -0.2180534284E+00  0 0 0 0 0 0 0 0    0.3041534684E+00     0.1830351880E+00
    0.2719999939E+01  0 0 0 0 0 0 0 0   -0.2655590778E+00    -0.2087005072E+00  0 0 0 0 0 0 0 0    0.2929092859E+00     0.1748362697E+00
    0.2759999938E+01  0 0 0 0 0 0 0 0   -0.2562466524E+00    -0.1996505274E+00  0 0 0 0 0 0 0 0    0.2818652729E+00     0.1668872831E+00
    0.2799999937E+01  0 0 0 0 0 0 0 0   -0.2471533232E+00    -0.1909005448E+00  0 0 0 0 0 0 0 0    0.2710337617E+00     0.1591891886E+00
    0.2839999937E+01  0 0 0 0 0 0 0 0   -0.2382802944E+00    -0.1824470241E+00  0 0 0 0 0 0 0 0    0.2604256428E+00     0.1517421695E+00
    0.2879999936E+01  0 0 0 0 0 0 0 0   -0.2296281717E+00    -0.1742859051E+00  0 0 0 0 0 0 0 0    0.2500504255E+00     0.1445456833E+00
    0.2919999935E+01  0 0 0 0 0 0 0 0   -0.2211970200E+00    -0.1664126656E+00  0 0 0 0 0 0 0 0    0.2399162996E+00     0.1375985138E+00
    0.2959999934E+01  0 0 0 0 0 0 0 0   -0.2129864167E+00    -0.1588223788E+00  0 0 0 0 0 0 0 0    0.2300301994E+00     0.1308988219E+00
    0.2999999933E+01  0 0 0 0 0 0 0 0   -0.2049955004E+00    -0.1515097667E+00  0 0 0 0 0 0 0 0    0.2203978679E+00     0.1244441959E+00
    0.3039999932E+01  0 0 0 0 0 0 0 0   -0.1972230154E+00    -0.1444692496E+00  0 0 0 0 0 0 0 0    0.2110239216E+00     0.1182317009E+00
    0.3079999931E+01  0 0 0 0 0 0 0 0   -0.1896673530E+00    -0.1376949917E+00  0 0 0 0 0 0 0 0    0.2019119156E+00     0.1122579269E+00
    0.3119999930E+01  0 0 0 0 0 0 0 0   -0.1823265886E+00    -0.1311809428E+00  0 0 0 0 0 0 0 0    0.1930644081E+00     0.1065190353E+00
    0.3159999929E+01  0 0 0 0 0 0 0 0   -0.1751985158E+00    -0.1249208773E+00  0 0 0 0 0 0 0 0    0.1844830247E+00     0.1010108041E+00
    0.3199999928E+01  0 0 0 0 0 0 0 0   -0.1682806778E+00    -0.1189084289E+00  0 0 0 0 0 0 0 0    0.1761685212E+00     0.9572867121E-01
    0.3239999928E+01  0 0 0 0 0 0 0 0   -0.1615703958E+00    -0.1131371235E+00  0 0 0 0 0 0 0 0    0.1681208459E+00     0.9066777628E-01
    0.3279999927E+01  0 0 0 0 0 0 0 0   -0.1550647947E+00    -0.1076004086E+00  0 0 0 0 0 0 0 0    0.1603392002E+00     0.8582300016E-01
    0.3319999926E+01  0 0 0 0 0 0 0 0   -0.1487608267E+00    -0.1022916801E+00  0 0 0 0 0 0 0 0    0.1528220976E+00     0.8118900274E-01
    0.3359999925E+01  0 0 0 0 0 0 0 0   -0.1426552929E+00    -0.9720430654E-01  0 0 0 0 0 0 0 0    0.1455674208E+00     0.7676025870E-01
    0.3399999924E+01  0 0 0 0 0 0 0 0   -0.1367448629E+00    -0.9233165164E-01  0 0 0 0 0 0 0 0    0.1385724772E+00     0.7253109113E-01
    0.3439999923E+01  0 0 0 0 0 0 0 0   -0.1310260923E+00    -0.8766709373E-01  0 0 0 0 0 0 0 0    0.1318340525E+00     0.6849570326E-01
    0.3479999922E+01  0 0 0 0 0 0 0 0   -0.1254954391E+00    -0.8320404386E-01  0 0 0 0 0 0 0 0    0.1253484614E+00     0.6464820799E-01
    0.3519999921E+01  0 0 0 0 0 0 0 0   -0.1201492787E+00    -0.7893596188E-01  0 0 0 0 0 0 0 0    0.1191115971E+00     0.6098265547E-01
    0.3559999920E+01  0 0 0 0 0 0 0 0   -0.1149839171E+00    -0.7485637101E-01  0 0 0 0 0 0 0 0    0.1131189776E+00     0.5749305865E-01
    0.3599999920E+01  0 0 0 0 0 0 0 0   -0.1099956032E+00    -0.7095887073E-01  0 0 0 0 0 0 0 0    0.1073657905E+00     0.5417341688E-01
    0.3639999919E+01  0 0 0 0 0 0 0 0   -0.1051805396E+00    -0.6723714803E-01  0 0 0 0 0 0 0 0    0.1018469351E+00     0.5101773759E-01
    0.3679999918E+01  0 0 0 0 0 0 0 0   -0.1005348927E+00    -0.6368498732E-01  0 0 0 0 0 0 0 0    0.9655706199E-01     0.4802005606E-01
    0.3719999917E+01  0 0 0 0 0 0 0 0   -0.9605480226E-01    -0.6029627909E-01  0 0 0 0 0 0 0 0    0.9149061081E-01     0.4517445345E-01
    0.3759999916E+01  0 0 0 0 0 0 0 0   -0.9173638930E-01    -0.5706502741E-01  0 0 0 0 0 0 0 0    0.8664184533E-01     0.4247507304E-01
    0.3799999915E+01  0 0 0 0 0 0 0 0   -0.8757576435E-01    -0.5398535632E-01  0 0 0 0 0 0 0 0    0.8200488642E-01     0.3991613489E-01
    0.3839999914E+01  0 0 0 0 0 0 0 0   -0.8356903430E-01    -0.5105151539E-01  0 0 0 0 0 0 0 0    0.7757374289E-01     0.3749194882E-01
    0.3879999913E+01  0 0 0 0 0 0 0 0   -0.7971230911E-01    -0.4825788421E-01  0 0 0 0 0 0 0 0    0.7334233998E-01     0.3519692593E-01
    0.3919999912E+01  0 0 0 0 0 0 0 0   -0.7600170776E-01    -0.4559897621E-01  0 0 0 0 0 0 0 0    0.6930454592E-01     0.3302558872E-01
    0.3959999911E+01  0 0 0 0 0 0 0 0   -0.7243336389E-01    -0.4306944165E-01  0 0 0 0 0 0 0 0    0.6545419636E-01     0.3097257979E-01
    0.3999999911E+01  0 0 0 0 0 0 0 0   -0.6900343092E-01    -0.4066406995E-01  0 0 0 0 0 0 0 0    0.6178511688E-01     0.2903266937E-01
    0.4039999910E+01  0 0 0 0 0 0 0 0   -0.6570808680E-01    -0.3837779140E-01  0 0 0 0 0 0 0 0    0.5829114356E-01     0.2720076158E-01
    0.4079999909E+01  0 0 0 0 0 0 0 0   -0.6254353841E-01    -0.3620567826E-01  0 0 0 0 0 0 0 0    0.5496614182E-01     0.2547189964E-01
    0.4119999908E+01  0 0 0 0 0 0 0 0   -0.5950602562E-01    -0.3414294540E-01  0 0 0 0 0 0 0 0    0.5180402341E-01     0.2384127006E-01
    0.4159999907E+01  0 0 0 0 0 0 0 0   -0.5659182503E-01    -0.3218495045E-01  0 0 0 0 0 0 0 0    0.4879876188E-01     0.2230420581E-01
    0.4199999906E+01  0 0 0 0 0 0 0 0   -0.5379725347E-01    -0.3032719349E-01  0 0 0 0 0 0 0 0    0.4594440636E-01     0.2085618873E-01
    0.4239999905E+01  0 0 0 0 0 0 0 0   -0.5111867120E-01    -0.2856531646E-01  0 0 0 0 0 0 0 0    0.4323509396E-01     0.1949285104E-01
    0.4279999904E+01  0 0 0 0 0 0 0 0   -0.4855248489E-01    -0.2689510206E-01  0 0 0 0 0 0 0 0    0.4066506067E-01     0.1820997619E-01
    0.4319999903E+01  0 0 0 0 0 0 0 0   -0.4609515033E-01    -0.2531247256E-01  0 0 0 0 0 0 0 0    0.3822865097E-01     0.1700349896E-01
    0.4359999903E+01  0 0 0 0 0 0 0 0   -0.4374317501E-01    -0.2381348816E-01  0 0 0 0 0 0 0 0    0.3592032628E-01     0.1586950509E-01
    0.4399999902E+01  0 0 0 0 0 0 0 0   -0.4149312038E-01    -0.2239434516E-01  0 0 0 0 0 0 0 0    0.3373467210E-01     0.1480423023E-01
    0.4439999901E+01  0 0 0 0 0 0 0 0   -0.3934160402E-01    -0.2105137402E-01  0 0 0 0 0 0 0 0    0.3166640417E-01     0.1380405847E-01
    0.4479999900E+01  0 0 0 0 0 0 0 0   -0.3728530154E-01    -0.1978103705E-01  0 0 0 0 0 0 0 0    0.2971037357E-01     0.1286552048E-01
    0.4519999899E+01  0 0 0 0 0 0 0 0   -0.3532094839E-01    -0.1857992609E-01  0 0 0 0 0 0 0 0    0.2786157093E-01     0.1198529120E-01
    0.4559999898E+01  0 0 0 0 0 0 0 0   -0.3344534140E-01    -0.1744476001E-01  0 0 0 0 0 0 0 0    0.2611512969E-01     0.1116018724E-01
    0.4599999897E+01  0 0 0 0 0 0 0 0   -0.3165534026E-01    -0.1637238202E-01  0 0 0 0 0 0 0 0    0.2446632866E-01     0.1038716398E-01
    0.4639999896E+01  0 0 0 0 0 0 0 0   -0.2994786874E-01    -0.1535975698E-01  0 0 0 0 0 0 0 0    0.2291059372E-01     0.9663312404E-02
    0.4679999895E+01  0 0 0 0 0 0 0 0   -0.2831991581E-01    -0.1440396857E-01  0 0 0 0 0 0 0 0    0.2144349898E-01     0.8985855797E-02
    0.4719999894E+01  0 0 0 0 0 0 0 0   -0.2676853662E-01    -0.1350221639E-01  0 0 0 0 0 0 0 0    0.2006076720E-01     0.8352146185E-02
    0.4759999894E+01  0 0 0 0 0 0 0 0   -0.2529085333E-01    -0.1265181305E-01  0 0 0 0 0 0 0 0    0.1875826973E-01     0.7759660688E-02
    0.4799999893E+01  0 0 0 0 0 0 0 0   -0.2388405576E-01    -0.1185018113E-01  0 0 0 0 0 0 0 0    0.1753202591E-01     0.7205997748E-02
    0.4839999892E+01  0 0 0 0 0 0 0 0   -0.2254540191E-01    -0.1109485023E-01  0 0 0 0 0 0 0 0    0.1637820201E-01     0.6688873276E-02
    0.4879999891E+01  0 0 0 0 0 0 0 0   -0.2127221846E-01    -0.1038345390E-01  0 0 0 0 0 0 0 0    0.1529310977E-01     0.6206116742E-02
    0.4919999890E+01  0 0 0 0 0 0 0 0   -0.2006190095E-01    -0.9713726597E-02  0 0 0 0 0 0 0 0    0.1427320457E-01     0.5755667228E-02
    0.4959999889E+01  0 0 0 0 0 0 0 0   -0.1891191401E-01    -0.9083500666E-02  0 0 0 0 0 0 0 0    0.1331508324E-01     0.5335569474E-02
    0.4999999888E+01  0 0 0 0 0 0 0 0   -0.1781979138E-01    -0.8490703295E-02  0 0 0 0 0 0 0 0    0.1241548168E-01     0.4943969918E-02
    0.5039999887E+01  0 0 0 0 0 0 0 0   -0.1678313583E-01    -0.7933353499E-02  0 0 0 0 0 0 0 0    0.1157127211E-01     0.4579112759E-02
    0.5079999886E+01  0 0 0 0 0 0 0 0   -0.1579961898E-01    -0.7409559125E-02  0 0 0 0 0 0 0 0    0.1077946016E-01     0.4239336058E-02
    0.5119999886E+01  0 0 0 0 0 0 0 0   -0.1486698105E-01    -0.6917513888E-02  0 0 0 0 0 0 0 0    0.1003718183E-01     0.3923067884E-02
    0.5159999885E+01  0 0 0 0 0 0 0 0   -0.1398303042E-01    -0.6455494436E-02  0 0 0 0 0 0 0 0    0.9341700173E-02     0.3628822513E-02
    0.5199999884E+01  0 0 0 0 0 0 0 0   -0.1314564316E-01    -0.6021857456E-02  0 0 0 0 0 0 0 0    0.8690401973E-02     0.3355196703E-02
    0.5239999883E+01  0 0 0 0 0 0 0 0   -0.1235276250E-01    -0.5615036821E-02  0 0 0 0 0 0 0 0    0.8080794228E-02     0.3100866039E-02
    0.5279999882E+01  0 0 0 0 0 0 0 0   -0.1160239813E-01    -0.5233540786E-02  0 0 0 0 0 0 0 0    0.7510500603E-02     0.2864581366E-02
    0.5319999881E+01  0 0 0 0 0 0 0 0   -0.1089262546E-01    -0.4875949231E-02  0 0 0 0 0 0 0 0    0.6977257808E-02     0.2645165302E-02
    0.5359999880E+01  0 0 0 0 0 0 0 0   -0.1022158482E-01    -0.4540910957E-02  0 0 0 0 0 0 0 0    0.6478911938E-02     0.2441508859E-02
    0.5399999879E+01  0 0 0 0 0 0 0 0   -0.9587480568E-02    -0.4227141041E-02  0 0 0 0 0 0 0 0    0.6013414785E-02     0.2252568152E-02
    0.5439999878E+01  0 0 0 0 0 0 0 0   -0.8988580143E-02    -0.3933418241E-02  0 0 0 0 0 0 0 0    0.5578820152E-02     0.2077361206E-02
    0.5479999878E+01  0 0 0 0 0 0 0 0   -0.8423213041E-02    -0.3658582469E-02  0 0 0 0 0 0 0 0    0.5173280167E-02     0.1914964880E-02
    0.5519999877E+01  0 0 0 0 0 0 0 0   -0.7889769749E-02    -0.3401532316E-02  0 0 0 0 0 0 0 0    0.4795041619E-02     0.1764511880E-02
    0.5559999876E+01  0 0 0 0 0 0 0 0   -0.7386700625E-02    -0.3161222648E-02  0 0 0 0 0 0 0 0    0.4442442326E-02     0.1625187890E-02
    0.5599999875E+01  0 0 0 0 0 0 0 0   -0.6912514728E-02    -0.2936662258E-02  0 0 0 0 0 0 0 0    0.4113907549E-02     0.1496228801E-02
    0.5639999874E+01  0 0 0 0 0 0 0 0   -0.6465778614E-02    -0.2726911583E-02  0 0 0 0 0 0 0 0    0.3807946446E-02     0.1376918051E-02
    0.5679999873E+01  0 0 0 0 0 0 0 0   -0.6045115091E-02    -0.2531080493E-02  0 0 0 0 0 0 0 0    0.3523148597E-02     0.1266584068E-02
    0.5719999872E+01  0 0 0 0 0 0 0 0   -0.5649201944E-02    -0.2348326134E-02  0 0 0 0 0 0 0 0    0.3258180588E-02     0.1164597817E-02
    0.5759999871E+01  0 0 0 0 0 0 0 0   -0.5276770629E-02    -0.2177850844E-02  0 0 0 0 0 0 0 0    0.3011782670E-02     0.1070370453E-02
    0.5799999870E+01  0 0 0 0 0 0 0 0   -0.4926604945E-02    -0.2018900130E-02  0 0 0 0 0 0 0 0    0.2782765490E-02     0.9833510701E-03
    0.5839999869E+01  0 0 0 0 0 0 0 0   -0.4597539681E-02    -0.1870760706E-02  0 0 0 0 0 0 0 0    0.2570006911E-02     0.9030245555E-03
    0.5879999869E+01  0 0 0 0 0 0 0 0   -0.4288459252E-02    -0.1732758604E-02  0 0 0 0 0 0 0 0    0.2372448913E-02     0.8289095378E-03
    0.5919999868E+01  0 0 0 0 0 0 0 0   -0.3998296320E-02    -0.1604257338E-02  0 0 0 0 0 0 0 0    0.2189094579E-02     0.7605564307E-03
    0.5959999867E+01  0 0 0 0 0 0 0 0   -0.3726030403E-02    -0.1484656138E-02  0 0 0 0 0 0 0 0    0.2019005174E-02     0.6975455697E-03
    0.5999999866E+01  0 0 0 0 0 0 0 0   -0.3470686488E-02    -0.1373388246E-02  0 0 0 0 0 0 0 0    0.1861297320E-02     0.6394854381E-03
    0.6039999865E+01  0 0 0 0 0 0 0 0   -0.3231333635E-02    -0.1269919270E-02  0 0 0 0 0 0 0 0    0.1715140257E-02     0.5860109809E-03
    0.6079999864E+01  0 0 0 0 0 0 0 0   -0.3007083587E-02    -0.1173745598E-02  0 0 0 0 0 0 0 0    0.1579753198E-02     0.5367820030E-03
    0.6119999863E+01  0 0 0 0 0 0 0 0   -0.2797089383E-02    -0.1084392881E-02  0 0 0 0 0 0 0 0    0.1454402788E-02     0.4914816481E-03
    0.6159999862E+01  0 0 0 0 0 0 0 0   -0.2600543978E-02    -0.1001414560E-02  0 0 0 0 0 0 0 0    0.1338400642E-02     0.4498149578E-03
    0.6199999861E+01  0 0 0 0 0 0 0 0   -0.2416678880E-02    -0.9243904628E-03  0 0 0 0 0 0 0 0    0.1231100987E-02     0.4115075055E-03
    0.6239999861E+01  0 0 0 0 0 0 0 0   -0.2244762791E-02    -0.8529254488E-03  0 0 0 0 0 0 0 0    0.1131898394E-02     0.3763041034E-03
    0.6279999860E+01  0 0 0 0 0 0 0 0   -0.2084100268E-02    -0.7866481155E-03  0 0 0 0 0 0 0 0    0.1040225601E-02     0.3439675803E-03
    0.6319999859E+01  0 0 0 0 0 0 0 0   -0.1934030404E-02    -0.7252095531E-03  0 0 0 0 0 0 0 0    0.9555514250E-03     0.3142776255E-03
    0.6359999858E+01  0 0 0 0 0 0 0 0   -0.1793925525E-02    -0.6682821541E-03  0 0 0 0 0 0 0 0    0.8773787653E-03     0.2870296984E-03
    0.6399999857E+01  0 0 0 0 0 0 0 0   -0.1663189909E-02    -0.6155584739E-03  0 0 0 0 0 0 0 0    0.8052426921E-03     0.2620339983E-03
    0.6439999856E+01  0 0 0 0 0 0 0 0   -0.1541258527E-02    -0.5667501405E-03  0 0 0 0 0 0 0 0    0.7387086207E-03     0.2391144945E-03
    0.6479999855E+01  0 0 0 0 0 0 0 0   -0.1427595813E-02    -0.5215868125E-03  0 0 0 0 0 0 0 0    0.6773705690E-03     0.2181080115E-03
    0.6519999854E+01  0 0 0 0 0 0 0 0   -0.1321694455E-02    -0.4798151841E-03  0 0 0 0 0 0 0 0    0.6208494958E-03     0.1988633684E-03
    0.6559999853E+01  0 0 0 0 0 0 0 0   -0.1223074212E-02    -0.4411980354E-03  0 0 0 0 0 0 0 0    0.5687917179E-03     0.1812405695E-03
    0.6599999852E+01  0 0 0 0 0 0 0 0   -0.1131280767E-02    -0.4055133270E-03  0 0 0 0 0 0 0 0    0.5208674039E-03     0.1651100425E-03
    0.6639999852E+01  0 0 0 0 0 0 0 0   -0.1045884598E-02    -0.3725533369E-03  0 0 0 0 0 0 0 0    0.4767691417E-03     0.1503519244E-03
    0.6679999851E+01  0 0 0 0 0 0 0 0   -0.9664798886E-03    -0.3421238383E-03  0 0 0 0 0 0 0 0    0.4362105780E-03     0.1368553896E-03
    0.6719999850E+01  0 0 0 0 0 0 0 0   -0.8926834587E-03    -0.3140433179E-03  0 0 0 0 0 0 0 0    0.3989251274E-03     0.1245180208E-03
    0.6759999849E+01  0 0 0 0 0 0 0 0   -0.8241337350E-03    -0.2881422318E-03  0 0 0 0 0 0 0 0    0.3646647471E-03     0.1132452188E-03
    0.6799999848E+01  0 0 0 0 0 0 0 0   -0.7604897463E-03    -0.2642622987E-03  0 0 0 0 0 0 0 0    0.3331987780E-03     0.1029496498E-03
    0.6839999847E+01  0 0 0 0 0 0 0 0   -0.7014301530E-03    -0.2422558289E-03  0 0 0 0 0 0 0 0    0.3043128454E-03     0.9355072748E-04
    0.6879999846E+01  0 0 0 0 0 0 0 0   -0.6466523061E-03    -0.2219850869E-03  0 0 0 0 0 0 0 0    0.2778078210E-03     0.8497412933E-04
    0.6919999845E+01  0 0 0 0 0 0 0 0   -0.5958713390E-03    -0.2033216874E-03  0 0 0 0 0 0 0 0    0.2534988414E-03     0.7715134375E-04
    0.6959999844E+01  0 0 0 0 0 0 0 0   -0.5488192894E-03    -0.1861460230E-03  0 0 0 0 0 0 0 0    0.2312143803E-03     0.7001924727E-04
    0.6999999844E+01  0 0 0 0 0 0 0 0   -0.5052442530E-03    -0.1703467217E-03  0 0 0 0 0 0 0 0    0.2107953748E-03     0.6351970961E-04
    0.7039999843E+01  0 0 0 0 0 0 0 0   -0.4649095678E-03    -0.1558201338E-03  0 0 0 0 0 0 0 0    0.1920944004E-03     0.5759922529E-04
    0.7079999842E+01  0 0 0 0 0 0 0 0   -0.4275930291E-03    -0.1424698467E-03  0 0 0 0 0 0 0 0    0.1749748940E-03     0.5220856997E-04
    0.7119999841E+01  0 0 0 0 0 0 0 0   -0.3930861349E-03    -0.1302062259E-03  0 0 0 0 0 0 0 0    0.1593104229E-03     0.4730248026E-04
    0.7159999840E+01  0 0 0 0 0 0 0 0   -0.3611933605E-03    -0.1189459817E-03  0 0 0 0 0 0 0 0    0.1449839967E-03     0.4283935551E-04
    0.7199999839E+01  0 0 0 0 0 0 0 0   -0.3317314637E-03    -0.1086117605E-03  0 0 0 0 0 0 0 0    0.1318874210E-03     0.3878098013E-04
    0.7239999838E+01  0 0 0 0 0 0 0 0   -0.3045288171E-03    -0.9913175882E-04  0 0 0 0 0 0 0 0    0.1199206897E-03     0.3509226541E-04
    0.7279999837E+01  0 0 0 0 0 0 0 0   -0.2794247704E-03    -0.9043935948E-04  0 0 0 0 0 0 0 0    0.1089914154E-03     0.3174100941E-04
    0.7319999836E+01  0 0 0 0 0 0 0 0   -0.2562690390E-03    -0.8247278920E-04  0 0 0 0 0 0 0 0    0.9901429440E-04     0.2869767392E-04
    0.7359999835E+01  0 0 0 0 0 0 0 0   -0.2349211204E-03    -0.7517479597E-04  0 0 0 0 0 0 0 0    0.8991060607E-04     0.2593517730E-04
    0.7399999835E+01  0 0 0 0 0 0 0 0   -0.2152497365E-03    -0.6849234559E-04  0 0 0 0 0 0 0 0    0.8160774333E-04     0.2342870227E-04
    0.7439999834E+01  0 0 0 0 0 0 0 0   -0.1971323019E-03    -0.6237633635E-04  0 0 0 0 0 0 0 0    0.7403877360E-04     0.2115551765E-04
    0.7479999833E+01  0 0 0 0 0 0 0 0   -0.1804544168E-03    -0.5678133097E-04  0 0 0 0 0 0 0 0    0.6714202800E-04     0.1909481310E-04
    0.7519999832E+01  0 0 0 0 0 0 0 0   -0.1651093844E-03    -0.5166530481E-04  0 0 0 0 0 0 0 0    0.6086071752E-04     0.1722754605E-04
    0.7559999831E+01  0 0 0 0 0 0 0 0   -0.1509977514E-03    -0.4698940967E-04  0 0 0 0 0 0 0 0    0.5514257448E-04     0.1553629994E-04
    0.7599999830E+01  0 0 0 0 0 0 0 0   -0.1380268711E-03    -0.4271775223E-04  0 0 0 0 0 0 0 0    0.4993951787E-04     0.1400515308E-04
    0.7639999829E+01  0 0 0 0 0 0 0 0   -0.1261104896E-03    -0.3881718640E-04  0 0 0 0 0 0 0 0    0.4520734126E-04     0.1261955741E-04
    0.7679999828E+01  0 0 0 0 0 0 0 0   -0.1151683511E-03    -0.3525711885E-04  0 0 0 0 0 0 0 0    0.4090542191E-04     0.1136622633E-04
    0.7719999827E+01  0 0 0 0 0 0 0 0   -0.1051258258E-03    -0.3200932696E-04  0 0 0 0 0 0 0 0    0.3699644971E-04     0.1023303124E-04
    0.7759999827E+01  0 0 0 0 0 0 0 0   -0.9591355576E-04    -0.2904778855E-04  0 0 0 0 0 0 0 0    0.3344617501E-04     0.9208905864E-05
    0.7799999826E+01  0 0 0 0 0 0 0 0   -0.8746712050E-04    -0.2634852265E-04  0 0 0 0 0 0 0 0    0.3022317391E-04     0.8283758112E-05
    0.7839999825E+01  0 0 0 0 0 0 0 0   -0.7972672066E-04    -0.2388944078E-04  0 0 0 0 0 0 0 0    0.2729863014E-04     0.7448388706E-05
    0.7879999824E+01  0 0 0 0 0 0 0 0   -0.7263687887E-04    -0.2165020807E-04  0 0 0 0 0 0 0 0    0.2464613239E-04     0.6694416225E-05
    0.7919999823E+01  0 0 0 0 0 0 0 0   -0.6614615734E-04    -0.1961211366E-04  0 0 0 0 0 0 0 0    0.2224148613E-04     0.6014208052E-05
    0.7959999822E+01  0 0 0 0 0 0 0 0   -0.6020689153E-04    -0.1775794987E-04  0 0 0 0 0 0 0 0    0.2006253897E-04     0.5400816802E-05
    0.7999999821E+01  0 0 0 0 0 0 0 0   -0.5477493892E-04    -0.1607189957E-04  0 0 0 0 0 0 0 0    0.1808901884E-04     0.4847921827E-05
    0.8039999820E+01  0 0 0 0 0 0 0 0   -0.4980944250E-04    -0.1453943125E-04  0 0 0 0 0 0 0 0    0.1630238389E-04     0.4349775421E-05
    0.8079999819E+01  0 0 0 0 0 0 0 0   -0.4527260801E-04    -0.1314720144E-04  0 0 0 0 0 0 0 0    0.1468568353E-04     0.3901153385E-05
    0.8119999819E+01  0 0 0 0 0 0 0 0   -0.4112949454E-04    -0.1188296379E-04  0 0 0 0 0 0 0 0    0.1322342988E-04     0.3497309610E-05
    0.8159999818E+01  0 0 0 0 0 0 0 0   -0.3734781768E-04    -0.1073548469E-04  0 0 0 0 0 0 0 0    0.1190147876E-04     0.3133934376E-05
    0.8199999817E+01  0 0 0 0 0 0 0 0   -0.3389776466E-04    -0.9694464804E-05  0 0 0 0 0 0 0 0    0.1070691975E-04     0.2807116094E-05
    0.8239999816E+01  0 0 0 0 0 0 0 0   -0.3075182092E-04    -0.8750466153E-05  0 0 0 0 0 0 0 0    0.9627974571E-05     0.2513306219E-05
    0.8279999815E+01  0 0 0 0 0 0 0 0   -0.2788460744E-04    -0.7894844564E-05  0 0 0 0 0 0 0 0    0.8653903321E-05     0.2249287082E-05
    0.8319999814E+01  0 0 0 0 0 0 0 0   -0.2527272833E-04    -0.7119686936E-05  0 0 0 0 0 0 0 0    0.7774917908E-05     0.2012142429E-05
    0.8359999813E+01  0 0 0 0 0 0 0 0   -0.2289462820E-04    -0.6417753120E-05  0 0 0 0 0 0 0 0    0.6982102238E-05     0.1799230440E-05
    0.8399999812E+01  0 0 0 0 0 0 0 0   -0.2073045860E-04    -0.5782422084E-05  0 0 0 0 0 0 0 0    0.6267338666E-05     0.1608159040E-05
    0.8439999811E+01  0 0 0 0 0 0 0 0   -0.1876195323E-04    -0.5207642061E-05  0 0 0 0 0 0 0 0    0.5623240240E-05     0.1436763317E-05
    0.8479999810E+01  0 0 0 0 0 0 0 0   -0.1697231138E-04    -0.4687884438E-05  0 0 0 0 0 0 0 0    0.5043088342E-05     0.1283084880E-05
    0.8519999810E+01  0 0 0 0 0 0 0 0   -0.1534608900E-04    -0.4218101110E-05  0 0 0 0 0 0 0 0    0.4520775318E-05     0.1145353000E-05
    0.8559999809E+01  0 0 0 0 0 0 0 0   -0.1386909723E-04    -0.3793685071E-05  0 0 0 0 0 0 0 0    0.4050751723E-05     0.1021967382E-05
    0.8599999808E+01  0 0 0 0 0 0 0 0   -0.1252830767E-04    -0.3410434022E-05  0 0 0 0 0 0 0 0    0.3627977855E-05     0.9114824469E-06
    0.8639999807E+01  0 0 0 0 0 0 0 0   -0.1131176421E-04    -0.3064516769E-05  0 0 0 0 0 0 0 0    0.3247879243E-05     0.8125929951E-06
    0.8679999806E+01  0 0 0 0 0 0 0 0   -0.1020850095E-04    -0.2752442241E-05  0 0 0 0 0 0 0 0    0.2906305794E-05     0.7241211293E-06
    0.8719999805E+01  0 0 0 0 0 0 0 0   -0.9208465807E-05    -0.2471030908E-05  0 0 0 0 0 0 0 0    0.2599494319E-05     0.6450043420E-06
    0.8759999804E+01  0 0 0 0 0 0 0 0   -0.8302449507E-05    -0.2217388464E-05  0 0 0 0 0 0 0 0    0.2324034180E-05     0.5742846651E-06
    0.8799999803E+01  0 0 0 0 0 0 0 0   -0.7482019648E-05    -0.1988881576E-05  0 0 0 0 0 0 0 0    0.2076835816E-05     0.5110987931E-06
    0.8839999802E+01  0 0 0 0 0 0 0 0   -0.6739459464E-05    -0.1783115579E-05  0 0 0 0 0 0 0 0    0.1855101923E-05     0.4546690963E-06
    0.8879999802E+01  0 0 0 0 0 0 0 0   -0.6067711015E-05    -0.1597913949E-05  0 0 0 0 0 0 0 0    0.1656301078E-05     0.4042954496E-06
    0.8919999801E+01  0 0 0 0 0 0 0 0   -0.5460322526E-05    -0.1431299442E-05  0 0 0 0 0 0 0 0    0.1478143618E-05     0.3593478057E-06
    0.8959999800E+01  0 0 0 0 0 0 0 0   -0.4911399605E-05    -0.1281476759E-05  0 0 0 0 0 0 0 0    0.1318559586E-05     0.3192594485E-06
    0.8999999799E+01  0 0 0 0 0 0 0 0   -0.4415560063E-05    -0.1146816634E-05  0 0 0 0 0 0 0 0    0.1175678587E-05     0.2835208680E-06
    0.9039999798E+01  0 0 0 0 0 0 0 0   -0.3967892131E-05    -0.1025841232E-05  0 0 0 0 0 0 0 0    0.1047811392E-05     0.2516742024E-06
    0.9079999797E+01  0 0 0 0 0 0 0 0   -0.3563915815E-05    -0.9172107532E-06  0 0 0 0 0 0 0 0    0.9334331562E-06     0.2233081961E-06
    0.9119999796E+01  0 0 0 0 0 0 0 0   -0.3199547192E-05    -0.8197111588E-06  0 0 0 0 0 0 0 0    0.8311681061E-06     0.1980536311E-06
    0.9159999795E+01  0 0 0 0 0 0 0 0   -0.2871065449E-05    -0.7322429245E-06  0 0 0 0 0 0 0 0    0.7397755875E-06     0.1755791854E-06
    0.9199999794E+01  0 0 0 0 0 0 0 0   -0.2575082456E-05    -0.6538107444E-06  0 0 0 0 0 0 0 0    0.6581373518E-06     0.1555876845E-06
    0.9239999793E+01  0 0 0 0 0 0 0 0   -0.2308514720E-05    -0.5835141103E-06  0 0 0 0 0 0 0 0    0.5852459820E-06     0.1378127074E-06
    0.9279999793E+01  0 0 0 0 0 0 0 0   -0.2068557528E-05    -0.5205386957E-06  0 0 0 0 0 0 0 0    0.5201943597E-06     0.1220155169E-06
    0.9319999792E+01  0 0 0 0 0 0 0 0   -0.1852661143E-05    -0.4641484816E-06  0 0 0 0 0 0 0 0    0.4621660857E-06     0.1079822839E-06
    0.9359999791E+01  0 0 0 0 0 0 0 0   -0.1658508890E-05    -0.4136785636E-06  0 0 0 0 0 0 0 0    0.4104267729E-06     0.9552157886E-07
    0.9399999790E+01  0 0 0 0 0 0 0 0   -0.1483997004E-05    -0.3685285849E-06  0 0 0 0 0 0 0 0    0.3643161360E-06     0.8446210646E-07
    0.9439999789E+01  0 0 0 0 0 0 0 0   -0.1327216102E-05    -0.3281567452E-06  0 0 0 0 0 0 0 0    0.3232408093E-06     0.7465065997E-07
    0.9479999788E+01  0 0 0 0 0 0 0 0   -0.1186434168E-05    -0.2920743369E-06  0 0 0 0 0 0 0 0    0.2866678288E-06     0.6595027588E-07
    0.9519999787E+01  0 0 0 0 0 0 0 0   -0.1060080935E-05    -0.2598407651E-06  0 0 0 0 0 0 0 0    0.2541187216E-06     0.5823856946E-07
    0.9559999786E+01  0 0 0 0 0 0 0 0   -0.9467335482E-06    -0.2310590128E-06  0 0 0 0 0 0 0 0    0.2251641472E-06     0.5140623456E-07
    0.9599999785E+01  0 0 0 0 0 0 0 0   -0.8451034288E-06    -0.2053715111E-06  0 0 0 0 0 0 0 0    0.1994190436E-06     0.4535569202E-07
    0.9639999785E+01  0 0 0 0 0 0 0 0   -0.7540242349E-06    -0.1824563830E-06  0 0 0 0 0 0 0 0    0.1765382314E-06     0.3999987255E-07
    0.9679999784E+01  0 0 0 0 0 0 0 0   -0.6724408370E-06    -0.1620240266E-06  0 0 0 0 0 0 0 0    0.1562124365E-06     0.3526112148E-07
    0.9719999783E+01  0 0 0 0 0 0 0 0   -0.5993992303E-06    -0.1438140113E-06  0 0 0 0 0 0 0 0    0.1381646923E-06     0.3107021336E-07
    0.9759999782E+01  0 0 0 0 0 0 0 0   -0.5340373085E-06    -0.1275922571E-06  0 0 0 0 0 0 0 0    0.1221470874E-06     0.2736546612E-07
    0.9799999781E+01  0 0 0 0 0 0 0 0   -0.4755764319E-06    -0.1131484752E-06  0 0 0 0 0 0 0 0    0.1079378272E-06     0.2409194502E-07
    0.9839999780E+01  0 0 0 0 0 0 0 0   -0.4233137253E-06    -0.1002938449E-06  0 0 0 0 0 0 0 0    0.9533858074E-07     0.2120074759E-07
    0.9879999779E+01  0 0 0 0 0 0 0 0   -0.3766150477E-06    -0.8885890809E-07  0 0 0 0 0 0 0 0    0.8417208601E-07     0.1864836181E-07
    0.9919999778E+01  0 0 0 0 0 0 0 0   -0.3349085783E-06    -0.7869165992E-07  0 0 0 0 0 0 0 0    0.7427998995E-07     0.1639609016E-07
    0.9959999777E+01  0 0 0 0 0 0 0 0   -0.2976789691E-06    -0.6965582034E-07  0 0 0 0 0 0 0 0    0.6552090121E-07     0.1440953316E-07
    0.9999999776E+01  0 0 0 0 0 0 0 0   -0.2644620167E-06    -0.6162926894E-07  0 0 0 0 0 0 0 0    0.5776863561E-07     0.1265812638E-07
    0.1003999978E+02  0 0 0 0 0 0 0 0   -0.2348398113E-06    -0.5450262891E-07  0 0 0 0 0 0 0 0    0.5091063606E-07     0.1111472575E-07
    0.1007999977E+02  0 0 0 0 0 0 0 0   -0.2084363208E-06    -0.4817798661E-07  0 0 0 0 0 0 0 0    0.4484655040E-07     0.9755236106E-08
    0.1011999977E+02  0 0 0 0 0 0 0 0   -0.1849133760E-06    -0.4256773435E-07  0 0 0 0 0 0 0 0    0.3948695206E-07     0.8558278869E-08
    0.1015999977E+02  0 0 0 0 0 0 0 0   -0.1639670200E-06    -0.3759352511E-07  0 0 0 0 0 0 0 0    0.3475218981E-07     0.7504894679E-08
    0.1019999977E+02  0 0 0 0 0 0 0 0   -0.1453241937E-06    -0.3318532894E-07  0 0 0 0 0 0 0 0    0.3057135412E-07     0.6578277579E-08
    0.1023999977E+02  0 0 0 0 0 0 0 0   -0.1287397252E-06    -0.2928058154E-07  0 0 0 0 0 0 0 0    0.2688134882E-07     0.5763537453E-08
    0.1027999977E+02  0 0 0 0 0 0 0 0   -0.1139935991E-06    -0.2582341654E-07  0 0 0 0 0 0 0 0    0.2362605780E-07     0.5047487853E-08
    0.1031999977E+02  0 0 0 0 0 0 0 0   -0.1008884807E-06    -0.2276397351E-07  0 0 0 0 0 0 0 0    0.2075559737E-07     0.4418456573E-08
    0.1035999977E+02  0 0 0 0 0 0 0 0   -0.8924747175E-07    -0.2005777470E-07  0 0 0 0 0 0 0 0    0.1822564583E-07     0.3866116647E-08
    0.1039999977E+02  0 0 0 0 0 0 0 0   -0.7891207841E-07    -0.1766516389E-07  0 0 0 0 0 0 0 0    0.1599684273E-07     0.3381335612E-08
    0.1043999977E+02  0 0 0 0 0 0 0 0   -0.6974037183E-07    -0.1555080149E-07  0 0 0 0 0 0 0 0    0.1403425063E-07     0.2956041153E-08
    0.1047999977E+02  0 0 0 0 0 0 0 0   -0.6160532426E-07    -0.1368321053E-07  0 0 0 0 0 0 0 0    0.1230687335E-07     0.2583101406E-08
    0.1051999976E+02  0 0 0 0 0 0 0 0   -0.5439330486E-07    -0.1203436854E-07  0 0 0 0 0 0 0 0    0.1078722484E-07     0.2256218359E-08
    0.1055999976E+02  0 0 0 0 0 0 0 0   -0.4800272061E-07    -0.1057934095E-07  0 0 0 0 0 0 0 0    0.9450943624E-08     0.1969832990E-08
    0.1059999976E+02  0 0 0 0 0 0 0 0   -0.4234278911E-07    -0.9295951981E-08  0 0 0 0 0 0 0 0    0.8276448231E-08     0.1719040865E-08
    0.1063999976E+02  0 0 0 0 0 0 0 0   -0.3733243107E-07    -0.8164489314E-08  0 0 0 0 0 0 0 0    0.7244629309E-08     0.1499517106E-08
    0.1067999976E+02  0 0 0 0 0 0 0 0   -0.3289927147E-07    -0.7167439208E-08  0 0 0 0 0 0 0 0    0.6338574750E-08     0.1307449701E-08
    0.1071999976E+02  0 0 0 0 0 0 0 0   -0.2897873920E-07    -0.6289249101E-08  0 0 0 0 0 0 0 0    0.5543324380E-08     0.1139480276E-08
    0.1075999976E+02  0 0 0 0 0 0 0 0   -0.2551325595E-07    -0.5516114926E-08  0 0 0 0 0 0 0 0    0.4845651162E-08     0.9926515019E-09
    0.1079999976E+02  0 0 0 0 0 0 0 0   -0.2245150599E-07    -0.4835790676E-08  0 0 0 0 0 0 0 0    0.4233866136E-08     0.8643604384E-09
    0.1083999976E+02  0 0 0 0 0 0 0 0   -0.1974777906E-07    -0.4237417996E-08  0 0 0 0 0 0 0 0    0.3697644629E-08     0.7523171432E-09
    0.1087999976E+02  0 0 0 0 0 0 0 0   -0.1736137949E-07    -0.3711373767E-08  0 0 0 0 0 0 0 0    0.3227871484E-08     0.6545079878E-09
    0.1091999976E+02  0 0 0 0 0 0 0 0   -0.1525609511E-07    -0.3249133854E-08  0 0 0 0 0 0 0 0    0.2816503309E-08     0.5691631519E-09
    0.1095999976E+02  0 0 0 0 0 0 0 0   -0.1339972020E-07    -0.2843151388E-08  0 0 0 0 0 0 0 0    0.2456445927E-08     0.4947278376E-09
    0.1099999975E+02  0 0 0 0 0 0 0 0   -0.1176362728E-07    -0.2486748067E-08  0 0 0 0 0 0 0 0    0.2141445425E-08     0.4298367907E-09
    0.1103999975E+02  0 0 0 0 0 0 0 0   -0.1032238287E-07    -0.2174017151E-08  0 0 0 0 0 0 0 0    0.1865991319E-08     0.3732917595E-09
    0.1107999975E+02  0 0 0 0 0 0 0 0   -0.9053402978E-08    -0.1899736938E-08  0 0 0 0 0 0 0 0    0.1625230557E-08     0.3240415632E-09
    0.1111999975E+02  0 0 0 0 0 0 0 0   -0.7936644332E-08    -0.1659293624E-08  0 0 0 0 0 0 0 0    0.1414891173E-08     0.2811644763E-09
    0.1115999975E+02  0 0 0 0 0 0 0 0   -0.6954327870E-08    -0.1448612571E-08  0 0 0 0 0 0 0 0    0.1231214546E-08     0.2438526674E-09
    0.1119999975E+02  0 0 0 0 0 0 0 0   -0.6090691194E-08    -0.1264097103E-08  0 0 0 0 0 0 0 0    0.1070895332E-08     0.2113984602E-09
    0.1123999975E+02  0 0 0 0 0 0 0 0   -0.5331767120E-08    -0.1102574024E-08  0 0 0 0 0 0 0 0    0.9310282171E-09     0.1831822092E-09
    0.1127999975E+02  0 0 0 0 0 0 0 0   -0.4665185680E-08    -0.9612451562E-09  0 0 0 0 0 0 0 0    0.8090607516E-09     0.1586616054E-09
    0.1131999975E+02  0 0 0 0 0 0 0 0   -0.4079997183E-08    -0.8376442531E-09  0 0 0 0 0 0 0 0    0.7027515891E-09     0.1373622482E-09
    0.1135999975E+02  0 0 0 0 0 0 0 0   -0.3566514196E-08    -0.7295987092E-09  0 0 0 0 0 0 0 0    0.6101335276E-09     0.1188693380E-09
    0.1139999975E+02  0 0 0 0 0 0 0 0   -0.3116170496E-08    -0.6351955539E-09  0 0 0 0 0 0 0 0    0.5294808208E-09     0.1028203596E-09
    0.1143999974E+02  0 0 0 0 0 0 0 0   -0.2721395247E-08    -0.5527512647E-09  0 0 0 0 0 0 0 0    0.4592802808E-09     0.8889864160E-10
    0.1147999974E+02  0 0 0 0 0 0 0 0   -0.2375500813E-08    -0.4807849857E-09  0 0 0 0 0 0 0 0    0.3982057443E-09     0.7682768955E-10
    0.1151999974E+02  0 0 0 0 0 0 0 0   -0.2072582800E-08    -0.4179947805E-09  0 0 0 0 0 0 0 0    0.3450955237E-09     0.6636620285E-10
    0.1155999974E+02  0 0 0 0 0 0 0 0   -0.1807431026E-08    -0.3632365851E-09  0 0 0 0 0 0 0 0    0.2989325050E-09     0.5730369445E-10
    0.1159999974E+02  0 0 0 0 0 0 0 0   -0.1575450293E-08    -0.3155055661E-09  0 0 0 0 0 0 0 0    0.2588265889E-09     0.4945664283E-10
    0.1163999974E+02  0 0 0 0 0 0 0 0   -0.1372589890E-08    -0.2739196163E-09  0 0 0 0 0 0 0 0    0.2239992095E-09     0.4266511305E-10
    0.1167999974E+02  0 0 0 0 0 0 0 0   -0.1195280936E-08    -0.2377047516E-09  0 0 0 0 0 0 0 0    0.1937696905E-09     0.3678979122E-10
    0.1171999974E+02  0 0 0 0 0 0 0 0   -0.1040380691E-08    -0.2061821961E-09  0 0 0 0 0 0 0 0    0.1675432270E-09     0.3170938312E-10
    0.1175999974E+02  0 0 0 0 0 0 0 0   -0.9051231055E-09    -0.1787569673E-09  0 0 0 0 0 0 0 0    0.1448003060E-09     0.2731833331E-10
    0.1179999974E+02  0 0 0 0 0 0 0 0   -0.7870749325E-09    -0.1549077916E-09  0 0 0 0 0 0 0 0    0.1250873964E-09     0.2352482635E-10
    0.1183999974E+02  0 0 0 0 0 0 0 0   -0.6840967916E-09    -0.1341782005E-09  0 0 0 0 0 0 0 0    0.1080087614E-09     0.2024903604E-10
    0.1187999973E+02  0 0 0 0 0 0 0 0   -0.5943086512E-09    -0.1161686729E-09  0 0 0 0 0 0 0 0    0.9321926219E-10     0.1742159265E-10
    0.1191999973E+02  0 0 0 0 0 0 0 0   -0.5160592431E-09    -0.1005297048E-09  0 0 0 0 0 0 0 0    0.8041803464E-10     0.1498224170E-10
    0.1195999973E+02  0 0 0 0 0 0 0 0   -0.4478989756E-09    -0.8695569994E-10  0 0 0 0 0 0 0 0    0.6934293746E-10     0.1287867099E-10
    0.1199999973E+02  0 0 0 0 0 0 0 0   -0.3885559602E-09    -0.7517958647E-10  0 0 0 0 0 0 0 0    0.5976567935E-10     0.1106548513E-10
    0.1203999973E+02  0 0 0 0 0 0 0 0   -0.3369148025E-09    -0.6496807683E-10  0 0 0 0 0 0 0 0    0.5148754458E-10     0.9503309598E-11
    0.1207999973E+02  0 0 0 0 0 0 0 0   -0.2919978270E-09    -0.5611749195E-10  0 0 0 0 0 0 0 0    0.4433564545E-10     0.8158008345E-11
    0.1211999973E+02  0 0 0 0 0 0 0 0   -0.2529485121E-09    -0.4845009150E-10  0 0 0 0 0 0 0 0    0.3815963831E-10     0.7000000805E-11
    0.1215999973E+02  0 0 0 0 0 0 0 0   -0.2190168805E-09    -0.4181084999E-10  0 0 0 0 0 0 0 0    0.3282884748E-10     0.6003666095E-11
    0.1219999973E+02  0 0 0 0 0 0 0 0   -0.1895465839E-09    -0.3606462119E-10  0 0 0 0 0 0 0 0    0.2822974741E-10     0.5146823458E-11
    0.1223999973E+02  0 0 0 0 0 0 0 0   -0.1639635098E-09    -0.3109364741E-10  0 0 0 0 0 0 0 0    0.2426375983E-10     0.4410279435E-11
    0.1227999973E+02  0 0 0 0 0 0 0 0   -0.1417657354E-09    -0.2679537317E-10  0 0 0 0 0 0 0 0    0.2084532728E-10     0.3777433388E-11
    0.1231999972E+02  0 0 0 0 0 0 0 0   -0.1225146757E-09    -0.2308052696E-10  0 0 0 0 0 0 0 0    0.1790022931E-10     0.3233934026E-11
    0.1235999972E+02  0 0 0 0 0 0 0 0   -0.1058272878E-09    -0.1987143912E-10  0 0 0 0 0 0 0 0    0.1536411151E-10     0.2767380492E-11
    0.1239999972E+02  0 0 0 0 0 0 0 0   -0.9136920807E-10    -0.1710056756E-10  0 0 0 0 0 0 0 0    0.1318120109E-10     0.2367062353E-11
    0.1243999972E+02  0 0 0 0 0 0 0 0   -0.7884871559E-10    -0.1470920632E-10  0 0 0 0 0 0 0 0    0.1130318602E-10     0.2023733542E-11
    0.1247999972E+02  0 0 0 0 0 0 0 0   -0.6801142401E-10    -0.1264635491E-10  0 0 0 0 0 0 0 0    0.9688237289E-11     0.1729415922E-11
    0.1251999972E+02  0 0 0 0 0 0 0 0   -0.5863561702E-10    -0.1086772886E-10  0 0 0 0 0 0 0 0    0.8300156531E-11     0.1477228662E-11
    0.1255999972E+02  0 0 0 0 0 0 0 0   -0.5052815147E-10    -0.9334894393E-11  0 0 0 0 0 0 0 0    0.7107633258E-11     0.1261240128E-11
    0.1259999972E+02  0 0 0 0 0 0 0 0   -0.4352086113E-10    -0.8014511961E-11  0 0 0 0 0 0 0 0    0.6083597994E-11     0.1076339356E-11
    0.1263999972E+02  0 0 0 0 0 0 0 0   -0.3746740152E-10    -0.6877675364E-11  0 0 0 0 0 0 0 0    0.5204659180E-11     0.9181245943E-12
    0.1267999972E+02  0 0 0 0 0 0 0 0   -0.3224048331E-10    -0.5899334627E-11  0 0 0 0 0 0 0 0    0.4450613257E-11     0.7828066806E-12
    0.1271999972E+02  0 0 0 0 0 0 0 0   -0.2772944773E-10    -0.5057792309E-11  0 0 0 0 0 0 0 0    0.3804018640E-11     0.6671253343E-12
    0.1275999971E+02  0 0 0 0 0 0 0 0   -0.2383814284E-10    -0.4334264122E-11  0 0 0 0 0 0 0 0    0.3249825437E-11     0.5682766621E-12
    0.1279999971E+02  0 0 0 0 0 0 0 0   -0.2048306437E-10    -0.3712495848E-11  0 0 0 0 0 0 0 0    0.2775053782E-11     0.4838504118E-12
    0.1283999971E+02  0 0 0 0 0 0 0 0   -0.1759172901E-10    -0.3178429522E-11  0 0 0 0 0 0 0 0    0.2368514540E-11     0.4117756893E-12
    0.1287999971E+02  0 0 0 0 0 0 0 0   -0.1510125194E-10    -0.2719912690E-11  0 0 0 0 0 0 0 0    0.2020566936E-11     0.3502740196E-12
    0.1291999971E+02  0 0 0 0 0 0 0 0   -0.1295710352E-10    -0.2326445315E-11  0 0 0 0 0 0 0 0    0.1722908313E-11     0.2978187791E-12
    0.1295999971E+02  0 0 0 0 0 0 0 0   -0.1111202325E-10    -0.1988959577E-11  0 0 0 0 0 0 0 0    0.1468391876E-11     0.2531001507E-12
    0.1299999971E+02  0 0 0 0 0 0 0 0   -0.9525071598E-11    -0.1699628387E-11  0 0 0 0 0 0 0 0    0.1250868761E-11     0.2149948662E-12
    0.1303999971E+02  0 0 0 0 0 0 0 0   -0.8160802610E-11    -0.1451698958E-11  0 0 0 0 0 0 0 0    0.1065051254E-11     0.1825400937E-12
    0.1307999971E+02  0 0 0 0 0 0 0 0   -0.6988542331E-11    -0.1239348229E-11  0 0 0 0 0 0 0 0    0.9063943976E-12     0.1549109131E-12
    0.1311999971E+02  0 0 0 0 0 0 0 0   -0.5981759850E-11    -0.1057557343E-11  0 0 0 0 0 0 0 0    0.7709935511E-12     0.1314008979E-12
    0.1315999971E+02  0 0 0 0 0 0 0 0   -0.5117519360E-11    -0.9020027109E-12  0 0 0 0 0 0 0 0    0.6554958096E-12     0.1114053812E-12
    0.1319999970E+02  0 0 0 0 0 0 0 0   -0.4376003062E-11    -0.7689615389E-12  0 0 0 0 0 0 0 0    0.5570234417E-12     0.9440704312E-13
    0.1323999970E+02  0 0 0 0 0 0 0 0   -0.3740095969E-11    -0.6552299224E-12  0 0 0 0 0 0 0 0    0.4731077491E-12     0.7996350325E-13
    0.1327999970E+02  0 0 0 0 0 0 0 0   -0.3195024786E-11    -0.5580518835E-12  0 0 0 0 0 0 0 0    0.4016319586E-12     0.6769664482E-13
    0.1331999970E+02  0 0 0 0 0 0 0 0   -0.2728043976E-11    -0.4750579170E-12  0 0 0 0 0 0 0 0    0.3407819380E-12     0.5728343298E-13
    0.1335999970E+02  0 0 0 0 0 0 0 0   -0.2328163005E-11    -0.4042118000E-12  0 0 0 0 0 0 0 0    0.2890036846E-12     0.4844802226E-13
    0.1339999970E+02  0 0 0 0 0 0 0 0   -0.1985909484E-11    -0.3437645767E-12  0 0 0 0 0 0 0 0    0.2449666761E-12     0.4095497541E-13
    0.1343999970E+02  0 0 0 0 0 0 0 0   -0.1693123598E-11    -0.2922147719E-12  0 0 0 0 0 0 0 0    0.2075322885E-12     0.3460344005E-13
    0.1347999970E+02  0 0 0 0 0 0 0 0   -0.1442779783E-11    -0.2482740076E-12  0 0 0 0 0 0 0 0    0.1757265967E-12     0.2922215020E-13
    0.1351999970E+02  0 0 0 0 0 0 0 0   -0.1228832118E-11    -0.2108373037E-12  0 0 0 0 0 0 0 0    0.1487169605E-12     0.2466513810E-13
    0.1355999970E+02  0 0 0 0 0 0 0 0   -0.1046080358E-11    -0.1789574393E-12  0 0 0 0 0 0 0 0    0.1257918788E-12     0.2080805703E-13
    0.1359999970E+02  0 0 0 0 0 0 0 0   -0.8900539055E-12    -0.1518228292E-12  0 0 0 0 0 0 0 0    0.1063436649E-12     0.1754502973E-13
    0.1363999970E+02  0 0 0 0 0 0 0 0   -0.7569113783E-12    -0.1287384446E-12  0 0 0 0 0 0 0 0    0.8985355626E-13     0.1478594858E-13
    0.1367999969E+02  0 0 0 0 0 0 0 0   -0.6433537203E-12    -0.1091093674E-12  0 0 0 0 0 0 0 0    0.7587892126E-13     0.1245416391E-13
    0.1371999969E+02  0 0 0 0 0 0 0 0   -0.5465490689E-12    -0.9242662154E-13  0 0 0 0 0 0 0 0    0.6404227474E-13     0.1048450561E-13
    0.1375999969E+02  0 0 0 0 0 0 0 0   -0.4640678246E-12    -0.7825497271E-13  0 0 0 0 0 0 0 0    0.5402185047E-13     0.8821590876E-14
    0.1379999969E+02  0 0 0 0 0 0 0 0   -0.3938265647E-12    -0.6622242808E-13  0 0 0 0 0 0 0 0    0.4554351432E-13     0.7418377273E-14
    0.1383999969E+02  0 0 0 0 0 0 0 0   -0.3340396249E-12    -0.5601120414E-13  0 0 0 0 0 0 0 0    0.3837383069E-13     0.6234926349E-14
    0.1387999969E+02  0 0 0 0 0 0 0 0   -0.2831773197E-12    -0.4734996119E-13  0 0 0 0 0 0 0 0    0.3231412095E-13     0.5237347525E-14
    0.1391999969E+02  0 0 0 0 0 0 0 0   -0.2399299129E-12    -0.4000713022E-13  0 0 0 0 0 0 0 0    0.2719537433E-13     0.4396896495E-14
    0.1395999969E+02  0 0 0 0 0 0 0 0   -0.2031765612E-12    -0.3378518160E-13  0 0 0 0 0 0 0 0    0.2287389135E-13     0.3689205886E-14
    0.1399999969E+02  0 0 0 0 0 0 0 0   -0.1719585602E-12    -0.2851570501E-13  0 0 0 0 0 0 0 0    0.1922755598E-13     0.3093629103E-14
    0.1403999969E+02  0 0 0 0 0 0 0 0   -0.1454563074E-12    -0.2405518815E-13  0 0 0 0 0 0 0 0    0.1615264760E-13     0.2592680981E-14
    0.1407999969E+02  0 0 0 0 0 0 0 0   -0.1229694779E-12    -0.2028139662E-13  0 0 0 0 0 0 0 0    0.1356111590E-13     0.2171561198E-14
    0.1411999968E+02  0 0 0 0 0 0 0 0   -0.1038999716E-12    -0.1709027109E-13  0 0 0 0 0 0 0 0    0.1137825267E-13     0.1817748399E-14
    0.1415999968E+02  0 0 0 0 0 0 0 0   -0.8773725425E-13    -0.1439326913E-13  0 0 0 0 0 0 0 0    0.9540703648E-14     0.1520654718E-14
    0.1419999968E+02  0 0 0 0 0 0 0 0   -0.7404576180E-13    -0.1211508921E-13  0 0 0 0 0 0 0 0    0.7994771677E-14     0.1271331847E-14
    0.1423999968E+02  0 0 0 0 0 0 0 0   -0.6245408308E-13    -0.1019172276E-13  0 0 0 0 0 0 0 0    0.6694969223E-14     0.1062221091E-14
    0.1427999968E+02  0 0 0 0 0 0 0 0   -0.5264567537E-13    -0.8568788102E-14  0 0 0 0 0 0 0 0    0.5602784180E-14     0.8869409319E-15
    0.1431999968E+02  0 0 0 0 0 0 0 0   -0.4435089925E-13    -0.7200105931E-14  0 0 0 0 0 0 0 0    0.4685628127E-14     0.7401065561E-15
    0.1435999968E+02  0 0 0 0 0 0 0 0   -0.3734018905E-13    -0.6046482130E-14  0 0 0 0 0 0 0 0    0.3915940504E-14     0.6171766223E-15
    0.1439999968E+02  0 0 0 0 0 0 0 0   -0.3141819999E-13    -0.5074668181E-14  0 0 0 0 0 0 0 0    0.3270425981E-14     0.5143232157E-15
    0.1443999968E+02  0 0 0 0 0 0 0 0   -0.2641879495E-13    -0.4256473747E-14  0 0 0 0 0 0 0 0    0.2729405573E-14     0.4283215397E-15
    0.1447999968E+02  0 0 0 0 0 0 0 0   -0.2220075271E-13    -0.3568009513E-14  0 0 0 0 0 0 0 0    0.2276264794E-14     0.3564563959E-15
    0.1451999968E+02  0 0 0 0 0 0 0 0   -0.1864409567E-13    -0.2989041516E-14  0 0 0 0 0 0 0 0    0.1896984616E-14     0.2964429366E-15
    0.1455999967E+02  0 0 0 0 0 0 0 0   -0.1564694939E-13    -0.2502440815E-14  0 0 0 0 0 0 0 0    0.1579742988E-14     0.2463595479E-15
    0.1459999967E+02  0 0 0 0 0 0 0 0   -0.1312285817E-13    -0.2093714661E-14  0 0 0 0 0 0 0 0    0.1314576508E-14     0.2045910340E-15
    0.1463999967E+02  0 0 0 0 0 0 0 0   -0.1099849181E-13    -0.1750607309E-14  0 0 0 0 0 0 0 0    0.1093093294E-14     0.1697805481E-15
    0.1467999967E+02  0 0 0 0 0 0 0 0   -0.9211687458E-14    -0.1462760298E-14  0 0 0 0 0 0 0 0    0.9082294629E-15     0.1407889434E-15
    0.1471999967E+02  0 0 0 0 0 0 0 0   -0.7709778541E-14    -0.1221423478E-14  0 0 0 0 0 0 0 0    0.7540426879E-15     0.1166604176E-15
    0.1475999967E+02  0 0 0 0 0 0 0 0   -0.6448169355E-14    -0.1019209348E-14  0 0 0 0 0 0 0 0    0.6255372943E-15     0.9659349214E-16
    0.1479999967E+02  0 0 0 0 0 0 0 0   -0.5389119929E-14    -0.8498842998E-15  0 0 0 0 0 0 0 0    0.5185161557E-15     0.7991651034E-16
    0.1483999967E+02  0 0 0 0 0 0 0 0   -0.4500710629E-14    -0.7081913332E-15  0 0 0 0 0 0 0 0    0.4294553545E-15     0.6606696229E-16
    0.1487999967E+02  0 0 0 0 0 0 0 0   -0.3755960412E-14    -0.5896995629E-15  0 0 0 0 0 0 0 0    0.3553981678E-15     0.5457404855E-16
    0.1491999967E+02  0 0 0 0 0 0 0 0   -0.3132076323E-14    -0.4906765405E-15  0 0 0 0 0 0 0 0    0.2938654502E-15     0.4504398320E-16
    0.1495999967E+02  0 0 0 0 0 0 0 0   -0.2609815048E-14    -0.4079799891E-15  0 0 0 0 0 0 0 0    0.2427799232E-15     0.3714761291E-16
    0.1499999966E+02  0 0 0 0 0 0 0 0   -0.2172940072E-14    -0.3389660445E-15  0 0 0 0 0 0 0 0    0.2004022489E-15     0.3060999308E-16
    0.1503999966E+02  0 0 0 0 0 0 0 0   -0.1807760395E-14    -0.2814115304E-15  0 0 0 0 0 0 0 0    0.1652770876E-15     0.2520161659E-16
    0.1507999966E+02  0 0 0 0 0 0 0 0   -0.1502738754E-14    -0.2334481534E-15  0 0 0 0 0 0 0 0    0.1361876074E-15     0.2073103757E-16
    0.1511999966E+02  0 0 0 0 0 0 0 0   -0.1248159066E-14    -0.1935068223E-15  0 0 0 0 0 0 0 0    0.1121171451E-15     0.1703867203E-16
    0.1515999966E+02  0 0 0 0 0 0 0 0   -0.1035844297E-14    -0.1602705568E-15  0 0 0 0 0 0 0 0    0.9221691409E-16     0.1399159063E-16
    0.1519999966E+02  0 0 0 0 0 0 0 0   -0.8589172504E-15    -0.1326346848E-15  0 0 0 0 0 0 0 0    0.7577882375E-16     0.1147914753E-16
    0.1523999966E+02  0 0 0 0 0 0 0 0   -0.7115978517E-15    -0.1096732165E-15  0 0 0 0 0 0 0 0    0.6221261541E-16     0.9409313417E-17
    0.1527999966E+02  0 0 0 0 0 0 0 0   -0.5890314713E-15    -0.9061045451E-16  0 0 0 0 0 0 0 0    0.5102664230E-16     0.7705601135E-17
    0.1531999966E+02  0 0 0 0 0 0 0 0   -0.4871436098E-15    -0.7479703683E-16  0 0 0 0 0 0 0 0    0.4181172364E-16     0.6304489843E-17
    0.1535999966E+02  0 0 0 0 0 0 0 0   -0.4025169757E-15    -0.6168973258E-16  0 0 0 0 0 0 0 0    0.3422759041E-16     0.5153268300E-17
    0.1539999966E+02  0 0 0 0 0 0 0 0   -0.3322875621E-15    -0.5083441227E-16  0 0 0 0 0 0 0 0    0.2799151480E-16     0.4208230252E-17
    0.1543999965E+02  0 0 0 0 0 0 0 0   -0.2740568451E-15    -0.4185170255E-16  0 0 0 0 0 0 0 0    0.2286877826E-16     0.3433165490E-17
    0.1547999965E+02  0 0 0 0 0 0 0 0   -0.2258176535E-15    -0.3442491031E-16  0 0 0 0 0 0 0 0    0.1866468675E-16     0.2798098994E-17
    0.1551999965E+02  0 0 0 0 0 0 0 0   -0.1858916087E-15    -0.2828986163E-16  0 0 0 0 0 0 0 0    0.1521788691E-16     0.2278238137E-17
    0.1555999965E+02  0 0 0 0 0 0 0 0   -0.1528763613E-15    -0.2322635687E-16  0 0 0 0 0 0 0 0    0.1239477542E-16     0.1853094236E-17
    0.1559999965E+02  0 0 0 0 0 0 0 0   -0.1256011312E-15    -0.1905099124E-16  0 0 0 0 0 0 0 0    0.1008482654E-16     0.1505750134E-17
    0.1563999965E+02  0 0 0 0 0 0 0 0   -0.1030892662E-15    -0.1561112569E-16  0 0 0 0 0 0 0 0    0.8196689837E-17     0.1222249986E-17
    0.1567999965E+02  0 0 0 0 0 0 0 0   -0.8452673088E-16    -0.1277982729E-16  0 0 0 0 0 0 0 0    0.6654933989E-17     0.9910912541E-18
    0.1571999965E+02  0 0 0 0 0 0 0 0   -0.6923560543E-16    -0.1045162567E-16  0 0 0 0 0 0 0 0    0.5397331757E-17     0.8028021142E-18
    0.1575999965E+02  0 0 0 0 0 0 0 0   -0.5665181327E-16    -0.8538956594E-17  0 0 0 0 0 0 0 0    0.4372598145E-17     0.6495902037E-18
    0.1579999965E+02  0 0 0 0 0 0 0 0   -0.4630641657E-16    -0.6969183325E-17  0 0 0 0 0 0 0 0    0.3538507676E-17     0.5250508964E-18
    0.1583999965E+02  0 0 0 0 0 0 0 0   -0.3780991960E-16    -0.5682103704E-17  0 0 0 0 0 0 0 0    0.2860328598E-17     0.4239252193E-18
    0.1587999965E+02  0 0 0 0 0 0 0 0   -0.3083910613E-16    -0.4627865249E-17  0 0 0 0 0 0 0 0    0.2309521814E-17     0.3418991348E-18
    0.1591999964E+02  0 0 0 0 0 0 0 0   -0.2512601047E-16    -0.3765222783E-17  0 0 0 0 0 0 0 0    0.1862660762E-17     0.2754372616E-18
    0.1595999964E+02  0 0 0 0 0 0 0 0   -0.2044868345E-16    -0.3060083405E-17  0 0 0 0 0 0 0 0    0.1500535531E-17     0.2216452484E-18
    0.1599999964E+02  0 0 0 0 0 0 0 0   -0.1662346759E-16    -0.2484292356E-17  0 0 0 0 0 0 0 0    0.1207410495E-17     0.1781559629E-18
