slako_comment=
Au xc=PW92 charge=0.0 conf:quadratic r0=4.755
Wed Feb 24 16:18:09 2010 


Au_Au_table=
1.000000e+00 -2.616606e-01 -2.000458e-01 -1.488410e+00 -2.279968e-01 -4.132031e-01 -5.536105e-02 -2.034601e-01 -8.874715e-02 -8.455124e-02 -2.904579e-01 2.140787e-01 2.375359e-01 6.647464e-01 -8.554683e-03 7.764294e-02 6.504735e-01 8.536421e-01 1.234895e-01 2.684865e-01 8.017355e-01
1.224490e+00 2.753781e-01 3.694113e-01 -1.199525e+00 -9.638440e-02 -3.980722e-01 2.935768e-02 -1.700161e-01 -2.253977e-01 -1.297676e-01 -2.859097e-01 5.548593e-02 3.860925e-02 5.677798e-01 -7.885714e-02 5.016368e-02 5.421497e-01 8.064218e-01 1.685464e-01 3.033076e-01 7.491114e-01
1.448980e+00 2.057618e-01 7.669992e-01 -9.221704e-01 1.967892e-01 -3.229511e-01 1.147692e-01 -1.315747e-01 -4.117147e-01 -1.606149e-01 -2.695503e-01 -2.233460e-02 -1.237287e-01 4.725287e-01 -1.611269e-01 1.018431e-02 4.364992e-01 7.571618e-01 2.069869e-01 3.286088e-01 6.964681e-01
1.673469e+00 -5.078003e-02 9.108657e-01 -6.834464e-01 3.964063e-01 -2.080160e-01 1.153936e-01 -9.758152e-02 -4.841848e-01 -1.339645e-01 -2.220832e-01 -3.486671e-02 -2.351282e-01 3.844439e-01 -2.296570e-01 -3.700378e-02 3.425864e-01 7.076162e-01 2.239828e-01 3.425339e-01 6.435074e-01
1.897959e+00 -2.626271e-01 8.833734e-01 -4.952685e-01 4.530352e-01 -9.433572e-02 6.092944e-02 -7.533372e-02 -4.443203e-01 -8.268739e-02 -1.709072e-01 -1.033202e-02 -2.975684e-01 3.070171e-01 -2.682708e-01 -8.422411e-02 2.609151e-01 6.594967e-01 2.149198e-01 3.486713e-01 5.932472e-01
2.122449e+00 -3.759149e-01 7.757351e-01 -3.547798e-01 4.119883e-01 -4.173730e-03 -2.578837e-03 -6.433335e-02 -3.470116e-01 -3.913063e-02 -1.350482e-01 2.808569e-02 -3.213340e-01 2.415033e-01 -2.734248e-01 -1.253589e-01 1.871150e-01 6.132884e-01 1.839060e-01 3.520321e-01 5.483439e-01
2.346939e+00 -4.096195e-01 6.450958e-01 -2.528727e-01 3.269680e-01 5.772453e-02 -4.980997e-02 -6.084598e-02 -2.377808e-01 -1.563759e-02 -1.177240e-01 6.631826e-02 -3.178619e-01 1.876603e-01 -2.501322e-01 -1.570745e-01 1.161024e-01 5.691211e-01 1.391876e-01 3.566185e-01 5.103137e-01
2.571429e+00 -3.956692e-01 5.201540e-01 -1.800348e-01 2.330897e-01 9.497960e-02 -7.458791e-02 -6.111851e-02 -1.404446e-01 -1.096141e-02 -1.139502e-01 9.763824e-02 -2.973365e-01 1.443295e-01 -2.067542e-01 -1.780887e-01 4.489984e-02 5.263807e-01 8.888429e-02 3.638311e-01 4.785302e-01
2.795918e+00 -3.582239e-01 4.119205e-01 -1.282939e-01 1.477742e-01 1.136835e-01 -8.024141e-02 -6.253236e-02 -6.340980e-02 -1.898781e-02 -1.173871e-01 1.195948e-01 -2.674599e-01 1.100302e-01 -1.520361e-01 -1.888332e-01 -2.721176e-02 4.847966e-01 3.950377e-02 3.733227e-01 4.515769e-01
3.020408e+00 -3.125969e-01 3.227233e-01 -9.157698e-02 7.742592e-02 1.195623e-01 -7.276547e-02 -6.362974e-02 -6.979128e-03 -3.352742e-02 -1.230773e-01 1.323779e-01 -2.336463e-01 8.321849e-02 -9.349669e-02 -1.906127e-01 -9.899769e-02 4.440762e-01 -4.630125e-03 3.834905e-01 4.275373e-01
3.244898e+00 -2.666962e-01 2.511082e-01 -6.548845e-02 2.297257e-02 1.171553e-01 -5.773557e-02 -6.377504e-02 3.166978e-02 -4.995128e-02 -1.279541e-01 1.370748e-01 -1.994297e-01 6.248660e-02 -3.695710e-02 -1.852005e-01 -1.681082e-01 4.040747e-01 -4.104826e-02 3.923321e-01 4.046510e-01
3.469388e+00 -2.243440e-01 1.944912e-01 -4.690568e-02 -1.717129e-02 1.097673e-01 -3.927864e-02 -6.279561e-02 5.628407e-02 -6.536577e-02 -1.305231e-01 1.353862e-01 -1.670021e-01 4.659817e-02 1.358635e-02 -1.744437e-01 -2.318210e-01 3.649311e-01 -6.881415e-02 3.979980e-01 3.816112e-01
3.693878e+00 -1.868724e-01 1.501307e-01 -3.364089e-02 -4.528943e-02 9.972462e-02 -2.011691e-02 -6.078431e-02 7.032110e-02 -7.822144e-02 -1.303241e-01 1.289229e-01 -1.376124e-01 3.453021e-02 5.573129e-02 -1.601304e-01 -2.876866e-01 3.269322e-01 -8.803693e-02 3.991582e-01 3.576736e-01
3.918367e+00 -1.545658e-01 1.155488e-01 -2.414452e-02 -6.371575e-02 8.853449e-02 -1.909193e-03 -5.792422e-02 7.668265e-02 -8.786979e-02 -1.274385e-01 1.192305e-01 -1.117824e-01 2.542563e-02 8.838708e-02 -1.437297e-01 -3.335719e-01 2.903577e-01 -9.949320e-02 3.948893e-01 3.324326e-01
4.142857e+00 -1.271068e-01 8.869941e-02 -1.733239e-02 -7.457831e-02 7.719546e-02 1.444804e-02 -5.443281e-02 7.767907e-02 -9.422490e-02 -1.222660e-01 1.075943e-01 -8.965781e-02 1.860511e-02 1.115172e-01 -1.264853e-01 -3.681758e-01 2.555114e-01 -1.043671e-01 3.849349e-01 3.059422e-01
4.367347e+00 -1.039867e-01 6.790243e-02 -1.244156e-02 -7.964821e-02 6.634133e-02 2.852956e-02 -5.052104e-02 7.505101e-02 -9.751527e-02 -1.153357e-01 9.504306e-02 -7.107443e-02 1.353562e-02 1.257197e-01 -1.093869e-01 -3.910502e-01 2.228531e-01 -1.039336e-01 3.696257e-01 2.786033e-01
4.591837e+00 -8.466595e-02 5.182508e-02 -8.923025e-03 -8.042261e-02 5.629032e-02 4.018387e-02 -4.636086e-02 7.012484e-02 -9.811969e-02 -1.071290e-01 8.238979e-02 -5.571822e-02 9.786081e-03 1.321225e-01 -9.306473e-02 -4.021338e-01 1.925089e-01 -9.951225e-02 3.494283e-01 2.507809e-01
4.816327e+00 -6.861414e-02 3.943689e-02 -6.392551e-03 -7.814992e-02 4.724749e-02 4.944980e-02 -4.210084e-02 6.389579e-02 -9.648816e-02 -9.815254e-02 7.022721e-02 -4.323784e-02 7.033635e-03 1.321403e-01 -7.801949e-02 -4.024148e-01 1.647393e-01 -9.234840e-02 3.253885e-01 2.231399e-01
5.040816e+00 -5.534503e-02 2.991803e-02 -4.573097e-03 -7.380156e-02 3.927762e-02 5.644267e-02 -3.785729e-02 5.706510e-02 -9.307200e-02 -8.881693e-02 5.893809e-02 -3.323643e-02 5.026455e-03 1.272255e-01 -6.452457e-02 -3.931942e-01 1.396549e-01 -8.349684e-02 2.985812e-01 1.962529e-01
5.265306e+00 -4.442679e-02 2.261647e-02 -3.265498e-03 -6.812161e-02 3.236023e-02 6.132592e-02 -3.373119e-02 5.011125e-02 -8.829355e-02 -7.944781e-02 4.875639e-02 -2.530808e-02 3.571280e-03 1.187375e-01 -5.267837e-02 -3.759582e-01 1.173001e-01 -7.379972e-02 2.700388e-01 1.705859e-01
5.489796e+00 -3.549679e-02 1.703540e-02 -2.326101e-03 -6.173339e-02 2.643391e-02 6.427223e-02 -2.977414e-02 4.338740e-02 -8.252338e-02 -7.030376e-02 3.981010e-02 -1.910223e-02 2.522182e-03 1.079950e-01 -4.248358e-02 -3.525308e-01 9.757614e-02 -6.396637e-02 2.408473e-01 1.465718e-01
5.714286e+00 -2.821511e-02 1.278211e-02 -1.652945e-03 -5.504317e-02 2.142359e-02 6.549501e-02 -2.605078e-02 3.708448e-02 -7.610291e-02 -6.158420e-02 3.209156e-02 -1.429468e-02 1.771365e-03 9.600709e-02 -3.387238e-02 -3.246457e-01 8.043570e-02 -5.445521e-02 2.119238e-01 1.245086e-01
5.938776e+00 -2.231479e-02 9.551446e-03 -1.171154e-03 -4.839556e-02 1.722840e-02 6.520072e-02 -2.259280e-02 3.133747e-02 -6.931305e-02 -5.342513e-02 2.556876e-02 -1.060834e-02 1.236818e-03 8.366680e-02 -2.670974e-02 -2.940138e-01 6.569721e-02 -4.561967e-02 1.840600e-01 1.045919e-01
6.163265e+00 -1.755585e-02 7.108138e-03 -8.272292e-04 -4.201772e-02 1.375318e-02 6.361183e-02 -1.942023e-02 2.620497e-02 -6.239355e-02 -4.591887e-02 2.014440e-02 -7.811564e-03 8.587838e-04 7.161872e-02 -2.084535e-02 -2.621852e-01 5.317879e-02 -3.765874e-02 1.578837e-01 8.691868e-02
6.387755e+00 -1.373685e-02 5.265367e-03 -5.822346e-04 -3.605014e-02 1.089593e-02 6.093912e-02 -1.654470e-02 2.169426e-02 -5.553392e-02 -3.910435e-02 1.570156e-02 -5.706178e-03 5.928277e-04 6.030145e-02 -1.610236e-02 -2.303507e-01 4.265415e-02 -3.065889e-02 1.337751e-01 7.145504e-02
6.612245e+00 -1.068664e-02 3.882178e-03 -4.083490e-04 -3.058407e-02 8.570123e-03 5.741574e-02 -1.397320e-02 1.778767e-02 -4.889507e-02 -3.300367e-02 1.211074e-02 -4.136533e-03 4.069748e-04 4.999952e-02 -1.231884e-02 -1.995577e-01 3.391566e-02 -2.463557e-02 1.120120e-01 5.812819e-02
6.836735e+00 -8.267229e-03 2.848478e-03 -2.852485e-04 -2.567953e-02 6.691440e-03 5.325904e-02 -1.169533e-02 1.445423e-02 -4.259529e-02 -2.761020e-02 9.251291e-03 -2.976485e-03 2.777848e-04 4.088343e-02 -9.335881e-03 -1.706169e-01 2.672943e-02 -1.955942e-02 9.273323e-02 4.681031e-02
7.061224e+00 -6.356560e-03 2.079404e-03 -1.984640e-04 -2.133914e-02 5.186914e-03 4.867684e-02 -9.703193e-03 1.163953e-02 -3.672217e-02 -2.289510e-02 6.998469e-03 -2.125961e-03 1.885605e-04 3.298322e-02 -7.011030e-03 -1.440098e-01 2.088615e-02 -1.534788e-02 7.591697e-02 3.731702e-02
7.285714e+00 -4.857990e-03 1.510351e-03 -1.375043e-04 -1.756027e-02 3.992293e-03 4.386877e-02 -7.978997e-03 9.292766e-03 -3.133770e-02 -1.882227e-02 5.245870e-03 -1.507935e-03 1.272983e-04 2.628145e-02 -5.219691e-03 -1.200933e-01 1.618375e-02 -1.191239e-02 6.149174e-02 2.946316e-02
7.510204e+00 -3.689783e-03 1.091048e-03 -9.483057e-05 -1.431229e-02 3.050053e-03 3.899730e-02 -6.501411e-03 7.356110e-03 -2.647087e-02 -1.533910e-02 3.897470e-03 -1.061923e-03 8.544793e-05 2.069489e-02 -3.852244e-03 -9.897526e-02 1.243238e-02 -9.149136e-03 4.928619e-02 2.303970e-02
7.734694e+00 -2.784309e-03 7.838873e-04 -6.510419e-05 -1.155372e-02 2.313520e-03 3.421261e-02 -5.250619e-03 5.773482e-03 -2.213635e-02 -1.239236e-02 2.870083e-03 -7.427058e-04 5.704369e-05 1.611070e-02 -2.819519e-03 -8.064293e-02 9.472091e-03 -6.955158e-03 3.909877e-02 1.784720e-02
7.959184e+00 -2.087523e-03 5.600213e-04 -4.448006e-05 -9.240802e-03 1.741993e-03 2.963268e-02 -4.202605e-03 4.493805e-03 -1.832763e-02 -9.925400e-03 2.095842e-03 -5.158831e-04 3.786642e-05 1.240741e-02 -2.046703e-03 -6.498852e-02 7.156954e-03 -5.236094e-03 3.070945e-02 1.369840e-02
8.183673e+00 -1.555031e-03 3.979323e-04 -3.025079e-05 -7.325018e-03 1.302659e-03 2.535502e-02 -3.334804e-03 3.469652e-03 -1.502789e-02 -7.883133e-03 1.518079e-03 -3.560452e-04 2.500693e-05 9.458290e-03 -1.474381e-03 -5.183050e-02 5.365899e-03 -3.905583e-03 2.389212e-02 1.042209e-02
8.408163e+00 -1.150607e-03 2.810528e-04 -2.046247e-05 -5.753448e-03 9.666987e-04 2.142894e-02 -2.621843e-03 2.656746e-03 -1.220030e-02 -6.206339e-03 1.090717e-03 -2.440438e-04 1.641635e-05 7.137801e-03 -1.053507e-03 -4.090339e-02 3.989207e-03 -2.886383e-03 1.840900e-02 7.858141e-03
8.632653e+00 -8.456400e-04 1.973485e-04 -1.377439e-05 -4.478847e-03 7.122920e-04 1.789903e-02 -2.043598e-03 2.017819e-03 -9.809614e-03 -4.844783e-03 7.775084e-04 -1.661801e-04 1.072011e-05 5.334825e-03 -7.470805e-04 -3.195650e-02 2.942743e-03 -2.114273e-03 1.405294e-02 5.873768e-03
8.857143e+00 -6.172352e-04 1.377262e-04 -9.222503e-06 -3.455451e-03 5.209263e-04 1.477675e-02 -1.578715e-03 1.520016e-03 -7.811092e-03 -3.749261e-03 5.499232e-04 -1.124060e-04 6.960412e-06 3.949742e-03 -5.257086e-04 -2.471818e-02 2.153334e-03 -1.535192e-03 1.062854e-02 4.352459e-03
9.081633e+00 -4.474581e-04 9.554319e-05 -6.140884e-06 -2.642836e-03 3.781925e-04 1.206204e-02 -1.208685e-03 1.135927e-03 -6.160706e-03 -2.876896e-03 3.860266e-04 -7.554949e-05 4.493695e-06 2.897958e-03 -3.671985e-04 -1.893700e-02 1.563258e-03 -1.105395e-03 7.967100e-03 3.198216e-03
9.306122e+00 -3.220687e-04 6.587996e-05 -4.067885e-06 -2.003353e-03 2.726127e-04 9.736680e-03 -9.175704e-04 8.419398e-04 -4.813090e-03 -2.188648e-03 2.688797e-04 -5.045414e-05 2.885805e-06 2.107035e-03 -2.546299e-04 -1.436879e-02 1.126315e-03 -7.891809e-04 5.918554e-03 2.330205e-03
9.530612e+00 -2.302502e-04 4.514398e-05 -2.679277e-06 -1.505817e-03 1.950535e-04 7.774890e-03 -6.903980e-04 6.191722e-04 -3.725246e-03 -1.651089e-03 1.859443e-04 -3.347837e-05 1.842624e-06 1.519013e-03 -1.752802e-04 -1.080315e-02 8.051442e-04 -5.589541e-04 4.359084e-03 1.684034e-03
9.755102e+00 -1.634591e-04 3.074184e-05 -1.754961e-06 -1.122105e-03 1.385494e-04 6.142286e-03 -5.150695e-04 4.517053e-04 -2.856502e-03 -1.235038e-03 1.276456e-04 -2.207279e-05 1.170016e-06 1.085796e-03 -1.197943e-04 -8.047960e-03 5.711954e-04 -3.927143e-04 3.182842e-03 1.207107e-03
9.979592e+00 -1.152274e-04 2.079827e-05 -1.142703e-06 -8.290002e-04 9.767503e-05 4.801317e-03 -3.808974e-04 3.268927e-04 -2.169869e-03 -9.159356e-04 8.698726e-05 -1.445791e-05 7.385461e-07 7.696334e-04 -8.127360e-05 -5.940932e-03 4.020531e-04 -2.737246e-04 2.304032e-03 8.581821e-04
1.020408e+01 -8.065047e-05 1.398138e-05 -7.396118e-07 -6.073512e-04 6.835487e-05 3.714581e-03 -2.792350e-04 2.347247e-04 -1.633339e-03 -6.736362e-04 5.886062e-05 -9.410382e-06 4.635055e-07 5.411187e-04 -5.474921e-05 -4.347128e-03 2.808414e-04 -1.893233e-04 1.654035e-03 6.053011e-04
1.042857e+01 -5.605783e-05 9.338837e-06 -4.760408e-07 -4.412320e-04 4.749545e-05 2.844848e-03 -2.030300e-04 1.672160e-04 -1.218352e-03 -4.913141e-04 3.954503e-05 -6.086483e-06 2.893086e-07 3.773921e-04 -3.662483e-05 -3.153175e-03 1.947392e-04 -1.299415e-04 1.177594e-03 4.235713e-04
1.065306e+01 -3.868466e-05 6.196911e-06 -3.045166e-07 -3.179032e-04 3.276176e-05 2.157202e-03 -1.463643e-04 1.181975e-04 -9.006820e-04 -3.553789e-04 2.638036e-05 -3.911879e-06 1.795175e-07 2.611127e-04 -2.432829e-05 -2.267528e-03 1.340220e-04 -8.850881e-05 8.315422e-04 2.940884e-04
1.087755e+01 -2.649534e-05 4.084261e-06 -1.935860e-07 -2.271553e-04 2.242916e-05 1.619667e-03 -1.046040e-04 8.289636e-05 -6.598636e-04 -2.549144e-04 1.747393e-05 -2.497803e-06 1.107211e-07 1.792209e-04 -1.604385e-05 -1.616718e-03 9.152823e-05 -5.982955e-05 5.824012e-04 2.025948e-04
1.110204e+01 -1.801312e-05 2.673684e-06 -1.223085e-07 -1.609638e-04 1.524088e-05 1.204126e-03 -7.412394e-05 5.767926e-05 -4.790467e-04 -1.813149e-04 1.149211e-05 -1.584440e-06 6.788158e-08 1.220341e-04 -1.050462e-05 -1.142884e-03 6.203415e-05 -4.013560e-05 4.045840e-04 1.384750e-04
1.132653e+01 -1.215753e-05 1.738824e-06 -7.679056e-08 -1.131265e-04 1.028110e-05 8.865777e-04 -5.208364e-05 3.981988e-05 -3.446598e-04 -1.278952e-04 7.504595e-06 -9.987311e-07 4.137037e-08 8.244468e-05 -6.830184e-06 -8.011771e-04 4.173335e-05 -2.672239e-05 2.788054e-04 9.392005e-05
1.155102e+01 -6.303410e-06 1.123167e-06 -4.792182e-08 -6.031597e-05 5.328537e-06 4.870377e-04 -2.776558e-05 2.097563e-05 -1.866025e-04 -6.835585e-05 4.865613e-06 -6.253976e-07 2.506530e-08 4.277563e-05 -4.409466e-06 -4.264363e-04 2.158777e-05 -1.765695e-05 1.466811e-04 4.886573e-05
1.177551e+01 -1.800869e-06 3.683810e-07 -1.542863e-08 -1.758837e-05 1.521924e-06 1.450102e-04 -8.095719e-06 6.063385e-06 -5.500574e-05 -1.996735e-05 1.598963e-06 -2.017287e-07 7.935941e-09 1.222729e-05 -1.445824e-06 -1.241985e-04 6.156847e-06 -5.859319e-06 4.236215e-05 1.399730e-05
1.200000e+01 0. 0. 0. 0. 0. 0. 0. 0. 0. 0. 0. 0. 0. 0. 0. 0. 0. 0. 0. 0.



