# merge_repulsion_parfile: repulsion added.
# Time: Wed Apr 11 13:56:48 2007
# Parameters used in fitting the repulsion:
# Au: U=0.254100, FWHM=5.000000
# C: U=0.365000, FWHM=3.640000

 
 
# Au-C Slater-Koster tables (by make_parfile)
Au_C_table= 
1.00000	0	0	0	0	0	-0.357338	0.334894E-01	0	0.520661	-0.311508	0	0	0	0	0	0.413849	0.341821	0	-0.152121	0.511581	
1.14141	0	0	0	0	0	-0.435941	-0.203766E-01	0	0.503239	-0.274959	0	0	0	0	0	0.418044	0.351139	0	-0.140440	0.506556	
1.28283	0	0	0	0	0	-0.459840	-0.679483E-01	0	0.445324	-0.256468	0	0	0	0	0	0.408137	0.358097	0	-0.117535	0.500950	
1.42424	0	0	0	0	0	-0.442262	-0.106266	0	0.364695	-0.255443	0	0	0	0	0	0.384163	0.361983	0	-0.857354E-01	0.495376	
1.56566	0	0	0	0	0	-0.397101	-0.134724	0	0.275531	-0.266082	0	0	0	0	0	0.347516	0.362414	0	-0.478295E-01	0.489758	
1.70707	0	0	0	0	0	-0.336434	-0.154010	0	0.187768	-0.281958	0	0	0	0	0	0.300476	0.359289	0	-0.665729E-02	0.483609	
1.84848	0	0	0	0	0	-0.269487	-0.165412	0	0.107544	-0.297982	0	0	0	0	0	0.245765	0.352732	0	0.351948E-01	0.476308	
1.98990	0	0	0	0	0	-0.202579	-0.170411	0	0.379748E-01	-0.310958	0	0	0	0	0	0.186199	0.343030	0	0.755671E-01	0.467296	
2.13131	0	0	0	0	0	-0.139738	-0.170425	0	-0.198097E-01	-0.319027	0	0	0	0	0	0.124473	0.330578	0	0.112775	0.456162	
2.27273	0	0	0	0	0	-0.831995E-01	-0.166717	0	-0.659900E-01	-0.321804	0	0	0	0	0	0.630024E-01	0.315832	0	0.145618	0.442692	
2.41414	0	0	0	0	0	-0.339673E-01	-0.160344	0	-0.101481	-0.319430	0	0	0	0	0	0.383539E-02	0.299272	0	0.173339	0.426862	
2.55556	0	0	0	0	0	0.775250E-02	-0.152161	0	-0.127532	-0.312503	0	0	0	0	0	-0.513743E-01	0.281373	0	0.195560	0.408807	
2.69697	0	0	0	0	0	0.422461E-01	-0.142840	0	-0.145518	-0.301809	0	0	0	0	0	-0.101384	0.262589	0	0.212223	0.388791	
2.83838	0	0	0	0	0	0.700745E-01	-0.132899	0	-0.156788	-0.288186	0	0	0	0	0	-0.145321	0.243334	0	0.223506	0.367161	
2.97980	0	0	0	0	0	0.919246E-01	-0.122725	0	-0.162584	-0.272426	0	0	0	0	0	-0.182668	0.223977	0	0.229776	0.344315	
3.12121	0	0	0	0	0	0.108529	-0.112606	0	-0.164015	-0.255241	0	0	0	0	0	-0.213211	0.204836	0	0.231524	0.320669	
3.26263	0	0	0	0	0	0.120602	-0.102745	0	-0.162040	-0.237241	0	0	0	0	0	-0.236996	0.186177	0	0.229320	0.296634	
3.40404	0	0	0	0	0	0.128815	-0.932838E-01	0	-0.157476	-0.218932	0	0	0	0	0	-0.254280	0.168218	0	0.223771	0.272596	
3.54545	0	0	0	0	0	0.133780	-0.843170E-01	0	-0.151006	-0.200737	0	0	0	0	0	-0.265481	0.151124	0	0.215489	0.248902	
3.68687	0	0	0	0	0	0.136042	-0.759010E-01	0	-0.143196	-0.182932	0	0	0	0	0	-0.271141	0.135021	0	0.205069	0.225853	
3.82828	0	0	0	0	0	0.136081	-0.680657E-01	0	-0.134506	-0.165800	0	0	0	0	0	-0.271880	0.119991	0	0.193066	0.203700	
3.96970	0	0	0	0	0	0.134313	-0.608206E-01	0	-0.125303	-0.149502	0	0	0	0	0	-0.268360	0.106083	0	0.179983	0.182641	
4.11111	0	0	0	0	0	0.131098	-0.541605E-01	0	-0.115882	-0.134156	0	0	0	0	0	-0.261260	0.933169E-01	0	0.166267	0.162826	
4.25253	0	0	0	0	0	0.126743	-0.480701E-01	0	-0.106468	-0.119836	0	0	0	0	0	-0.251249	0.816860E-01	0	0.152303	0.144357	
4.39394	0	0	0	0	0	0.121514	-0.425266E-01	0	-0.972383E-01	-0.106579	0	0	0	0	0	-0.238963	0.711643E-01	0	0.138412	0.127294	
4.53535	0	0	0	0	0	0.115633	-0.375024E-01	0	-0.883213E-01	-0.943932E-01	0	0	0	0	0	-0.224995	0.617094E-01	0	0.124854	0.111659	
4.67677	0	0	0	0	0	0.109290	-0.329674E-01	0	-0.798110E-01	-0.832634E-01	0	0	0	0	0	-0.209882	0.532672E-01	0	0.111834	0.974447E-01	
4.81818	0	0	0	0	0	0.102648	-0.288894E-01	0	-0.717718E-01	-0.731581E-01	0	0	0	0	0	-0.194099	0.457750E-01	0	0.995043E-01	0.846164E-01	
4.95960	0	0	0	0	0	0.958425E-01	-0.252360E-01	0	-0.642455E-01	-0.640338E-01	0	0	0	0	0	-0.178058	0.391646E-01	0	0.879719E-01	0.731197E-01	
5.10101	0	0	0	0	0	0.889858E-01	-0.219747E-01	0	-0.572528E-01	-0.558374E-01	0	0	0	0	0	-0.162101	0.333649E-01	0	0.773028E-01	0.628849E-01	
5.24242	0	0	0	0	0	0.821769E-01	-0.190739E-01	0	-0.508027E-01	-0.485108E-01	0	0	0	0	0	-0.146514	0.283041E-01	0	0.675317E-01	0.538313E-01	
5.38384	0	0	0	0	0	0.754945E-01	-0.165028E-01	0	-0.448907E-01	-0.419922E-01	0	0	0	0	0	-0.131521	0.239112E-01	0	0.586644E-01	0.458714E-01	
5.52525	0	0	0	0	0	0.690044E-01	-0.142319E-01	0	-0.395043E-01	-0.362186E-01	0	0	0	0	0	-0.117291	0.201173E-01	0	0.506852E-01	0.389139E-01	
5.66667	0	0	0	0	0	0.627593E-01	-0.122334E-01	0	-0.346242E-01	-0.311273E-01	0	0	0	0	0	-0.103945	0.168570E-01	0	0.435616E-01	0.328670E-01	
5.80808	0	0	0	0	0	0.568006E-01	-0.104808E-01	0	-0.302263E-01	-0.266567E-01	0	0	0	0	0	-0.915627E-01	0.140688E-01	0	0.372488E-01	0.276402E-01	
5.94949	0	0	0	0	0	0.511598E-01	-0.894947E-02	0	-0.262831E-01	-0.227475E-01	0	0	0	0	0	-0.801860E-01	0.116955E-01	0	0.316933E-01	0.231460E-01	
6.09091	0	0	0	0	0	0.458593E-01	-0.761624E-02	0	-0.227651E-01	-0.193432E-01	0	0	0	0	0	-0.698274E-01	0.968467E-02	0	0.268366E-01	0.193017E-01	
6.23232	0	0	0	0	0	0.409134E-01	-0.645976E-02	0	-0.196416E-01	-0.163906E-01	0	0	0	0	0	-0.604748E-01	0.798868E-02	0	0.226173E-01	0.160296E-01	
6.37374	0	0	0	0	0	0.363295E-01	-0.546032E-02	0	-0.168813E-01	-0.138400E-01	0	0	0	0	0	-0.520965E-01	0.656454E-02	0	0.189738E-01	0.132582E-01	
6.51515	0	0	0	0	0	0.321084E-01	-0.459981E-02	0	-0.144533E-01	-0.116454E-01	0	0	0	0	0	-0.446465E-01	0.537389E-02	0	0.158457E-01	0.109219E-01	
6.65657	0	0	0	0	0	0.282460E-01	-0.386170E-02	0	-0.123274E-01	-0.976458E-02	0	0	0	0	0	-0.380686E-01	0.438271E-02	0	0.131749E-01	0.896173E-02	
6.79798	0	0	0	0	0	0.247331E-01	-0.323098E-02	0	-0.104744E-01	-0.815903E-02	0	0	0	0	0	-0.322993E-01	0.356106E-02	0	0.109069E-01	0.732450E-02	
6.93939	0	0	0	0	0	0.215574E-01	-0.269409E-02	0	-0.886660E-02	-0.679381E-02	0	0	0	0	0	-0.272716E-01	0.288278E-02	0	0.899091E-02	0.596315E-02	
7.08081	0	0	0	0	0	0.187032E-01	-0.223883E-02	0	-0.747765E-02	-0.563746E-02	0	0	0	0	0	-0.229171E-01	0.232516E-02	0	0.738045E-02	0.483618E-02	
7.22222	0	0	0	0	0	0.161528E-01	-0.185427E-02	0	-0.628309E-02	-0.466184E-02	0	0	0	0	0	-0.191681E-01	0.186859E-02	0	0.603347E-02	0.390726E-02	
7.36364	0	0	0	0	0	0.138866E-01	-0.153070E-02	0	-0.526028E-02	-0.384191E-02	0	0	0	0	0	-0.159588E-01	0.149626E-02	0	0.491228E-02	0.314486E-02	
7.50505	0	0	0	0	0	0.118841E-01	-0.125950E-02	0	-0.438831E-02	-0.315549E-02	0	0	0	0	0	-0.132268E-01	0.119384E-02	0	0.398341E-02	0.252175E-02	
7.64646	0	0	0	0	0	0.101244E-01	-0.103308E-02	0	-0.364821E-02	-0.258307E-02	0	0	0	0	0	-0.109136E-01	0.949163E-03	0	0.321740E-02	0.201461E-02	
7.78788	0	0	0	0	0	0.858634E-02	-0.844802E-03	0	-0.302276E-02	-0.210758E-02	0	0	0	0	0	-0.896548E-02	0.751978E-03	0	0.258856E-02	0.160353E-02	
7.92929	0	0	0	0	0	0.724926E-02	-0.688843E-03	0	-0.249653E-02	-0.171415E-02	0	0	0	0	0	-0.733313E-02	0.593682E-03	0	0.207461E-02	0.127168E-02	
8.07071	0	0	0	0	0	0.609305E-02	-0.560166E-03	0	-0.205570E-02	-0.138987E-02	0	0	0	0	0	-0.597228E-02	0.467092E-03	0	0.165640E-02	0.100486E-02	
8.21212	0	0	0	0	0	0.509849E-02	-0.454411E-03	0	-0.168800E-02	-0.112364E-02	0	0	0	0	0	-0.484338E-02	0.366243E-03	0	0.131756E-02	0.791187E-03	
8.35354	0	0	0	0	0	0.424743E-02	-0.367835E-03	0	-0.138262E-02	-0.905899E-03	0	0	0	0	0	-0.391140E-02	0.286204E-03	0	0.104418E-02	0.620745E-03	
8.49495	0	0	0	0	0	0.352292E-02	-0.297234E-03	0	-0.113007E-02	-0.728516E-03	0	0	0	0	0	-0.314567E-02	0.222919E-03	0	0.824551E-03	0.485321E-03	
8.63636	0	0	0	0	0	0.290932E-02	-0.239884E-03	0	-0.922087E-03	-0.584560E-03	0	0	0	0	0	-0.251946E-02	0.173068E-03	0	0.648827E-03	0.378136E-03	
8.77778	0	0	0	0	0	0.239231E-02	-0.193474E-03	0	-0.751523E-03	-0.468180E-03	0	0	0	0	0	-0.200972E-02	0.133944E-03	0	0.508806E-03	0.293630E-03	
8.91919	0	0	0	0	0	0.195890E-02	-0.156055E-03	0	-0.612212E-03	-0.374448E-03	0	0	0	0	0	-0.159667E-02	0.103351E-03	0	0.397684E-03	0.227257E-03	
9.06061	0	0	0	0	0	0.159744E-02	-0.125997E-03	0	-0.498880E-03	-0.299238E-03	0	0	0	0	0	-0.126348E-02	0.795163E-04	0	0.309848E-03	0.175324E-03	
9.20202	0	0	0	0	0	0.129753E-02	-0.101934E-03	0	-0.407039E-03	-0.239111E-03	0	0	0	0	0	-0.995893E-03	0.610131E-04	0	0.240690E-03	0.134842E-03	
9.34343	0	0	0	0	0	0.104998E-02	-0.827341E-04	0	-0.332884E-03	-0.191212E-03	0	0	0	0	0	-0.781941E-03	0.467000E-04	0	0.186450E-03	0.103404E-03	
9.48485	0	0	0	0	0	0.846736E-03	-0.674613E-04	0	-0.273211E-03	-0.153184E-03	0	0	0	0	0	-0.611617E-03	0.356669E-04	0	0.144072E-03	0.790781E-04	
9.62626	0	0	0	0	0	0.680754E-03	-0.553438E-04	0	-0.225334E-03	-0.123086E-03	0	0	0	0	0	-0.476611E-03	0.271913E-04	0	0.111086E-03	0.603242E-04	
9.76768	0	0	0	0	0	0.545941E-03	-0.457501E-04	0	-0.187018E-03	-0.993327E-04	0	0	0	0	0	-0.370057E-03	0.207022E-04	0	0.855035E-04	0.459174E-04	
9.90909	0	0	0	0	0	0.437057E-03	-0.381646E-04	0	-0.156407E-03	-0.806306E-04	0	0	0	0	0	-0.286317E-03	0.157500E-04	0	0.657331E-04	0.348888E-04	
10.0505	0	0	0	0	0	0.349624E-03	-0.321702E-04	0	-0.131978E-03	-0.659330E-04	0	0	0	0	0	-0.220784E-03	0.119824E-04	0	0.505063E-04	0.264748E-04	
10.1919	0	0	0	0	0	0.279830E-03	-0.274292E-04	0	-0.112479E-03	-0.543947E-04	0	0	0	0	0	-0.169716E-03	0.912438E-05	0	0.388166E-04	0.200766E-04	
10.3333	0	0	0	0	0	0.224455E-03	-0.236714E-04	0	-0.968930E-04	-0.453384E-04	0	0	0	0	0	-0.130084E-03	0.696202E-05	0	0.298694E-04	0.152264E-04	
10.4747	0	0	0	0	0	0.180787E-03	-0.206800E-04	0	-0.844006E-04	-0.382237E-04	0	0	0	0	0	-0.994564E-04	0.532979E-05	0	0.230399E-04	0.115604E-04	
10.6162	0	0	0	0	0	0.146557E-03	-0.182833E-04	0	-0.743462E-04	-0.326228E-04	0	0	0	0	0	-0.758826E-04	0.410003E-05	0	0.178395E-04	0.879695E-05	
10.7576	0	0	0	0	0	0.119878E-03	-0.163458E-04	0	-0.662127E-04	-0.282002E-04	0	0	0	0	0	-0.578110E-04	0.317469E-05	0	0.138876E-04	0.671885E-05	
10.8990	0	0	0	0	0	0.991890E-04	-0.147613E-04	0	-0.595969E-04	-0.246948E-04	0	0	0	0	0	-0.440113E-04	0.247881E-05	0	0.108894E-04	0.515939E-05	
11.0404	0	0	0	0	0	0.832064E-04	-0.134474E-04	0	-0.541874E-04	-0.219049E-04	0	0	0	0	0	-0.335131E-04	0.195528E-05	0	0.861752E-05	0.399114E-05	
11.1818	0	0	0	0	0	0.708924E-04	-0.123406E-04	0	-0.497472E-04	-0.196761E-04	0	0	0	0	0	-0.255552E-04	0.156081E-05	0	0.689711E-05	0.311709E-05	
11.3232	0	0	0	0	0	0.614238E-04	-0.113919E-04	0	-0.460891E-04	-0.178880E-04	0	0	0	0	0	-0.195435E-04	0.126268E-05	0	0.559415E-05	0.246358E-05	
11.4646	0	0	0	0	0	0.541562E-04	-0.105643E-04	0	-0.430733E-04	-0.164501E-04	0	0	0	0	0	-0.150171E-04	0.103628E-05	0	0.460633E-05	0.197488E-05	
11.6061	0	0	0	0	0	0.487099E-04	-0.982829E-05	0	-0.404595E-04	-0.152471E-04	0	0	0	0	0	-0.116232E-04	0.863090E-06	0	0.385172E-05	0.160764E-05	
11.7475	0	0	0	0	0	0.447026E-04	-0.916160E-05	0	-0.381274E-04	-0.142130E-04	0	0	0	0	0	-0.908631E-05	0.729320E-06	0	0.327124E-05	0.133029E-05	
11.8889	0	0	0	0	0	0.417333E-04	-0.854632E-05	0	-0.359837E-04	-0.132973E-04	0	0	0	0	0	-0.719406E-05	0.624665E-06	0	0.281970E-05	0.111905E-05	
12.0303	0	0	0	0	0	0.394402E-04	-0.797109E-05	0	-0.340936E-04	-0.125086E-04	0	0	0	0	0	-0.578342E-05	0.541524E-06	0	0.246483E-05	0.956795E-06	
12.1717	0	0	0	0	0	0.377593E-04	-0.742657E-05	0	-0.322981E-04	-0.117818E-04	0	0	0	0	0	-0.473232E-05	0.474290E-06	0	0.218096E-05	0.830278E-06	
12.3131	0	0	0	0	0	0.363529E-04	-0.690701E-05	0	-0.305241E-04	-0.110842E-04	0	0	0	0	0	-0.394694E-05	0.418856E-06	0	0.194929E-05	0.729841E-06	
12.4545	0	0	0	0	0	0.353046E-04	-0.640809E-05	0	-0.288888E-04	-0.104505E-04	0	0	0	0	0	-0.335992E-05	0.372207E-06	0	0.175758E-05	0.648956E-06	
12.5960	0	0	0	0	0	0.344160E-04	-0.592513E-05	0	-0.272386E-04	-0.982358E-05	0	0	0	0	0	-0.291618E-05	0.332112E-06	0	0.159232E-05	0.581322E-06	
12.7374	0	0	0	0	0	0.335176E-04	-0.545677E-05	0	-0.255279E-04	-0.918453E-05	0	0	0	0	0	-0.257362E-05	0.297002E-06	0	0.144510E-05	0.522856E-06	
12.8788	0	0	0	0	0	0.325477E-04	-0.500358E-05	0	-0.237815E-04	-0.853986E-05	0	0	0	0	0	-0.230266E-05	0.265794E-06	0	0.131155E-05	0.471194E-06	
13.0202	0	0	0	0	0	0.314587E-04	-0.456677E-05	0	-0.220130E-04	-0.789276E-05	0	0	0	0	0	-0.208149E-05	0.237734E-06	0	0.118845E-05	0.424627E-06	
13.1616	0	0	0	0	0	0.302312E-04	-0.414805E-05	0	-0.202441E-04	-0.724960E-05	0	0	0	0	0	-0.189472E-05	0.212306E-06	0	0.107397E-05	0.382096E-06	
13.3030	0	0	0	0	0	0.288663E-04	-0.374919E-05	0	-0.184985E-04	-0.661789E-05	0	0	0	0	0	-0.173178E-05	0.189154E-06	0	0.967168E-06	0.342968E-06	
13.4444	0	0	0	0	0	0.273789E-04	-0.337178E-05	0	-0.167991E-04	-0.600498E-05	0	0	0	0	0	-0.158557E-05	0.168033E-06	0	0.867575E-06	0.306869E-06	
13.5859	0	0	0	0	0	0.257923E-04	-0.301712E-05	0	-0.151654E-04	-0.541729E-05	0	0	0	0	0	-0.145150E-05	0.148764E-06	0	0.774987E-06	0.273579E-06	
13.7273	0	0	0	0	0	0.241337E-04	-0.268616E-05	0	-0.136134E-04	-0.486003E-05	0	0	0	0	0	-0.132670E-05	0.131212E-06	0	0.689304E-06	0.242956E-06	
13.8687	0	0	0	0	0	0.224321E-04	-0.237943E-05	0	-0.121549E-04	-0.433707E-05	0	0	0	0	0	-0.120948E-05	0.115267E-06	0	0.610445E-06	0.214897E-06	
14.0101	0	0	0	0	0	0.207154E-04	-0.209708E-05	0	-0.107978E-04	-0.385103E-05	0	0	0	0	0	-0.109892E-05	0.100834E-06	0	0.538298E-06	0.189313E-06	
14.1515	0	0	0	0	0	0.190097E-04	-0.183891E-05	0	-0.954678E-05	-0.340336E-05	0	0	0	0	0	-0.994624E-06	0.878230E-07	0	0.472700E-06	0.166109E-06	
14.2929	0	0	0	0	0	0.173385E-04	-0.160439E-05	0	-0.840360E-05	-0.299455E-05	0	0	0	0	0	-0.896445E-06	0.761482E-07	0	0.413435E-06	0.145185E-06	
14.4343	0	0	0	0	0	0.157218E-04	-0.139274E-05	0	-0.736750E-05	-0.262422E-05	0	0	0	0	0	-0.804407E-06	0.657238E-07	0	0.360230E-06	0.126426E-06	
14.5758	0	0	0	0	0	0.141759E-04	-0.120293E-05	0	-0.643578E-05	-0.229135E-05	0	0	0	0	0	-0.718584E-06	0.564635E-07	0	0.312764E-06	0.109709E-06	
14.7172	0	0	0	0	0	0.127140E-04	-0.103378E-05	0	-0.560422E-05	-0.199434E-05	0	0	0	0	0	-0.639042E-06	0.482805E-07	0	0.270683E-06	0.948999E-07	
14.8586	0	0	0	0	0	0.113457E-04	-0.883966E-06	0	-0.486742E-05	-0.173125E-05	0	0	0	0	0	-0.565805E-06	0.410883E-07	0	0.233604E-06	0.818597E-07	
15.0000	0	0	0	0	0	0.100772E-04	-0.752083E-06	0	-0.421916E-05	-0.149982E-05	0	0	0	0	0	-0.498832E-06	0.348013E-07	0	0.201131E-06	0.704446E-07	

 
 
 
 
C_Au_table= 
1.00000	0	0	0	0.582076	1.10001	-0.357338	0.334894E-01	-0.314913	-0.305987	-0.311508	0	0	0	-0.407402	-0.539551	0.413849	0.341821	-0.473776E-01	0.351963	0.511581	
1.14141	0	0	0	0.345526	1.06276	-0.435941	-0.203766E-01	-0.199801	-0.254700	-0.274959	0	0	0	-0.356454	-0.554966	0.418044	0.351139	-0.786088E-01	0.382481	0.506556	
1.28283	0	0	0	0.139005	0.991041	-0.459840	-0.679483E-01	-0.575433E-01	-0.215230	-0.256468	0	0	0	-0.291834	-0.555832	0.408137	0.358097	-0.115969	0.409498	0.500950	
1.42424	0	0	0	-0.263892E-01	0.901566	-0.442262	-0.106266	0.769587E-01	-0.195919	-0.255443	0	0	0	-0.220344	-0.544738	0.384163	0.361983	-0.155216	0.434454	0.495376	
1.56566	0	0	0	-0.149751	0.805741	-0.397101	-0.134724	0.187100	-0.195276	-0.266082	0	0	0	-0.147495	-0.524299	0.347516	0.362414	-0.192722	0.457929	0.489758	
1.70707	0	0	0	-0.235746	0.710873	-0.336434	-0.154010	0.268193	-0.207853	-0.281958	0	0	0	-0.774255E-01	-0.496955	0.300476	0.359289	-0.225842	0.479800	0.483609	
1.84848	0	0	0	-0.291106	0.621255	-0.269487	-0.165412	0.321853	-0.227705	-0.297982	0	0	0	-0.130183E-01	-0.464863	0.245765	0.352732	-0.252928	0.499525	0.476308	
1.98990	0	0	0	-0.323352	0.539116	-0.202579	-0.170411	0.352781	-0.249912	-0.310958	0	0	0	0.438812E-01	-0.429854	0.186199	0.343030	-0.273166	0.516392	0.467296	
2.13131	0	0	0	-0.336167	0.465337	-0.139738	-0.170425	0.364538	-0.271100	-0.319027	0	0	0	0.922815E-01	-0.393435	0.124473	0.330578	-0.286408	0.529696	0.456162	
2.27273	0	0	0	-0.336921	0.400015	-0.831995E-01	-0.166717	0.363222	-0.288994	-0.321804	0	0	0	0.131854	-0.356808	0.630024E-01	0.315832	-0.292985	0.538856	0.442692	
2.41414	0	0	0	-0.328716	0.342756	-0.339673E-01	-0.160344	0.352302	-0.302511	-0.319430	0	0	0	0.162740	-0.320900	0.383539E-02	0.299272	-0.293526	0.543480	0.426862	
2.55556	0	0	0	-0.314512	0.292929	0.775250E-02	-0.152161	0.334937	-0.311260	-0.312503	0	0	0	0.185427	-0.286404	-0.513743E-01	0.281373	-0.288840	0.543382	0.408807	
2.69697	0	0	0	-0.296528	0.249805	0.422461E-01	-0.142840	0.313560	-0.315324	-0.301809	0	0	0	0.200638	-0.253810	-0.101384	0.262589	-0.279818	0.538576	0.388791	
2.83838	0	0	0	-0.276368	0.212634	0.700745E-01	-0.132899	0.289984	-0.315078	-0.288186	0	0	0	0.209227	-0.223444	-0.145321	0.243334	-0.267359	0.529253	0.367161	
2.97980	0	0	0	-0.255208	0.180698	0.919246E-01	-0.122725	0.265533	-0.311038	-0.272426	0	0	0	0.212123	-0.195493	-0.182668	0.223977	-0.252323	0.515748	0.344315	
3.12121	0	0	0	-0.233877	0.153326	0.108529	-0.112606	0.241147	-0.303787	-0.255241	0	0	0	0.210268	-0.170041	-0.213211	0.204836	-0.235497	0.498508	0.320669	
3.26263	0	0	0	-0.212956	0.129917	0.120602	-0.102745	0.217474	-0.293904	-0.237241	0	0	0	0.204575	-0.147083	-0.236996	0.186177	-0.217578	0.478054	0.296634	
3.40404	0	0	0	-0.192835	0.109930	0.128815	-0.932838E-01	0.194942	-0.281946	-0.218932	0	0	0	0.195900	-0.126553	-0.254280	0.168218	-0.199165	0.454954	0.272596	
3.54545	0	0	0	-0.173825	0.928921E-01	0.133780	-0.843170E-01	0.173841	-0.268415	-0.200737	0	0	0	0.185023	-0.108341	-0.265481	0.151124	-0.180753	0.429791	0.248902	
3.68687	0	0	0	-0.155913	0.783877E-01	0.136042	-0.759010E-01	0.154238	-0.253774	-0.182932	0	0	0	0.172631	-0.923018E-01	-0.271141	0.135021	-0.162740	0.403141	0.225853	
3.82828	0	0	0	-0.139342	0.660565E-01	0.136081	-0.680657E-01	0.136274	-0.238405	-0.165800	0	0	0	0.159319	-0.782724E-01	-0.271880	0.119991	-0.145437	0.375553	0.203700	
3.96970	0	0	0	-0.124083	0.555855E-01	0.134313	-0.608206E-01	0.119920	-0.222649	-0.149502	0	0	0	0.145586	-0.660788E-01	-0.268360	0.106083	-0.129068	0.347537	0.182641	
4.11111	0	0	0	-0.110121	0.467049E-01	0.131098	-0.541605E-01	0.105133	-0.206788	-0.134156	0	0	0	0.131838	-0.555443E-01	-0.261260	0.933169E-01	-0.113789	0.319550	0.162826	
4.25253	0	0	0	-0.974167E-01	0.391824E-01	0.126743	-0.480701E-01	0.918433E-01	-0.191059	-0.119836	0	0	0	0.118397	-0.464945E-01	-0.251249	0.816860E-01	-0.996960E-01	0.291994	0.144357	
4.39394	0	0	0	-0.859117E-01	0.328184E-01	0.121514	-0.425266E-01	0.799608E-01	-0.175653	-0.106579	0	0	0	0.105507	-0.387619E-01	-0.238963	0.711643E-01	-0.868329E-01	0.265209	0.127294	
4.53535	0	0	0	-0.755383E-01	0.274415E-01	0.115633	-0.375024E-01	0.693873E-01	-0.160725	-0.943932E-01	0	0	0	0.933434E-01	-0.321884E-01	-0.224995	0.617094E-01	-0.752039E-01	0.239473	0.111659	
4.67677	0	0	0	-0.662213E-01	0.229049E-01	0.109290	-0.329674E-01	0.600194E-01	-0.146393	-0.832634E-01	0	0	0	0.820241E-01	-0.266277E-01	-0.209882	0.532672E-01	-0.647819E-01	0.215005	0.974447E-01	
4.81818	0	0	0	-0.578837E-01	0.190828E-01	0.102648	-0.288894E-01	0.517532E-01	-0.132746	-0.731581E-01	0	0	0	0.716184E-01	-0.219456E-01	-0.194099	0.457750E-01	-0.555165E-01	0.191969	0.846164E-01	
4.95960	0	0	0	-0.504484E-01	0.158679E-01	0.958425E-01	-0.252360E-01	0.444870E-01	-0.119851	-0.640338E-01	0	0	0	0.621559E-01	-0.180211E-01	-0.178058	0.391646E-01	-0.473402E-01	0.170477	0.731197E-01	
5.10101	0	0	0	-0.438388E-01	0.131679E-01	0.889858E-01	-0.219747E-01	0.381234E-01	-0.107749	-0.558374E-01	0	0	0	0.536340E-01	-0.147458E-01	-0.162101	0.333649E-01	-0.401750E-01	0.150593	0.628849E-01	
5.24242	0	0	0	-0.379829E-01	0.109044E-01	0.821769E-01	-0.190739E-01	0.325699E-01	-0.964649E-01	-0.485108E-01	0	0	0	0.460276E-01	-0.120238E-01	-0.146514	0.283041E-01	-0.339367E-01	0.132344	0.538313E-01	
5.38384	0	0	0	-0.328112E-01	0.901044E-02	0.754945E-01	-0.165028E-01	0.277403E-01	-0.860061E-01	-0.419922E-01	0	0	0	0.392931E-01	-0.977071E-02	-0.131521	0.239112E-01	-0.285386E-01	0.115720	0.458714E-01	
5.52525	0	0	0	-0.282582E-01	0.742865E-02	0.690044E-01	-0.142319E-01	0.235545E-01	-0.763681E-01	-0.362186E-01	0	0	0	0.333752E-01	-0.791311E-02	-0.117291	0.201173E-01	-0.238946E-01	0.100684	0.389139E-01	
5.66667	0	0	0	-0.242626E-01	0.611029E-02	0.627593E-01	-0.122334E-01	0.199387E-01	-0.675354E-01	-0.311273E-01	0	0	0	0.282113E-01	-0.638745E-02	-0.103945	0.168570E-01	-0.199214E-01	0.871779E-01	0.328670E-01	
5.80808	0	0	0	-0.207675E-01	0.501386E-02	0.568006E-01	-0.104808E-01	0.168259E-01	-0.594838E-01	-0.266567E-01	0	0	0	0.237347E-01	-0.513909E-02	-0.915627E-01	0.140688E-01	-0.165402E-01	0.751243E-01	0.276402E-01	
5.94949	0	0	0	-0.177200E-01	0.410402E-02	0.511598E-01	-0.894947E-02	0.141550E-01	-0.521821E-01	-0.227475E-01	0	0	0	0.198779E-01	-0.412134E-02	-0.801860E-01	0.116955E-01	-0.136773E-01	0.644344E-01	0.231460E-01	
6.09091	0	0	0	-0.150717E-01	0.335077E-02	0.458593E-01	-0.761624E-02	0.118709E-01	-0.455936E-01	-0.193432E-01	0	0	0	0.165744E-01	-0.329458E-02	-0.698274E-01	0.968467E-02	-0.112650E-01	0.550113E-01	0.193017E-01	
6.23232	0	0	0	-0.127779E-01	0.272866E-02	0.409134E-01	-0.645976E-02	0.992411E-02	-0.396783E-01	-0.163906E-01	0	0	0	0.137606E-01	-0.262532E-02	-0.604748E-01	0.798868E-02	-0.924205E-02	0.467534E-01	0.160296E-01	
6.37374	0	0	0	-0.107978E-01	0.221614E-02	0.363295E-01	-0.546032E-02	0.827031E-02	-0.343930E-01	-0.138400E-01	0	0	0	0.113766E-01	-0.208544E-02	-0.520965E-01	0.656454E-02	-0.755331E-02	0.395574E-01	0.132582E-01	
6.51515	0	0	0	-0.909429E-02	0.179498E-02	0.321084E-01	-0.459981E-02	0.687011E-02	-0.296931E-01	-0.116454E-01	0	0	0	0.936699E-02	-0.165139E-02	-0.446465E-01	0.537389E-02	-0.614982E-02	0.333214E-01	0.109219E-01	
6.65657	0	0	0	-0.763371E-02	0.144982E-02	0.282460E-01	-0.386170E-02	0.568858E-02	-0.255337E-01	-0.976458E-02	0	0	0	0.768131E-02	-0.130362E-02	-0.380686E-01	0.438271E-02	-0.498845E-02	0.279462E-01	0.896173E-02	
6.79798	0	0	0	-0.638580E-02	0.116773E-02	0.247331E-01	-0.323098E-02	0.469494E-02	-0.218697E-01	-0.815903E-02	0	0	0	0.627404E-02	-0.102590E-02	-0.322993E-01	0.356106E-02	-0.403149E-02	0.233373E-01	0.732450E-02	
6.93939	0	0	0	-0.532347E-02	0.937822E-03	0.215574E-01	-0.269409E-02	0.386219E-02	-0.186570E-01	-0.679381E-02	0	0	0	0.510461E-02	-0.804854E-03	-0.272716E-01	0.288278E-02	-0.324621E-02	0.194055E-01	0.596315E-02	
7.08081	0	0	0	-0.442243E-02	0.750983E-03	0.187032E-01	-0.223883E-02	0.316668E-02	-0.158531E-01	-0.563746E-02	0	0	0	0.413717E-02	-0.629493E-03	-0.229171E-01	0.232516E-02	-0.260445E-02	0.160682E-01	0.483618E-02	
7.22222	0	0	0	-0.366098E-02	0.599590E-03	0.161528E-01	-0.185427E-02	0.258779E-02	-0.134171E-01	-0.466184E-02	0	0	0	0.334034E-02	-0.490829E-03	-0.191681E-01	0.186859E-02	-0.208206E-02	0.132493E-01	0.390726E-02	
7.36364	0	0	0	-0.301974E-02	0.477286E-03	0.138866E-01	-0.153070E-02	0.210761E-02	-0.113103E-01	-0.384191E-02	0	0	0	0.268683E-02	-0.381539E-03	-0.159588E-01	0.149626E-02	-0.165852E-02	0.108799E-01	0.314486E-02	
7.50505	0	0	0	-0.248183E-02	0.378786E-03	0.118841E-01	-0.125950E-02	0.171072E-02	-0.949636E-02	-0.315549E-02	0	0	0	0.215312E-02	-0.295678E-03	-0.132268E-01	0.119384E-02	-0.131646E-02	0.889756E-02	0.252175E-02	
7.64646	0	0	0	-0.203242E-02	0.299703E-03	0.101244E-01	-0.103308E-02	0.138387E-02	-0.794167E-02	-0.258307E-02	0	0	0	0.171905E-02	-0.228442E-03	-0.109136E-01	0.949163E-03	-0.104127E-02	0.724688E-02	0.201461E-02	
7.78788	0	0	0	-0.165841E-02	0.236407E-03	0.858634E-02	-0.844802E-03	0.111567E-02	-0.661509E-02	-0.210758E-02	0	0	0	0.136746E-02	-0.175959E-03	-0.896548E-02	0.751978E-03	-0.820718E-03	0.587866E-02	0.160353E-02	
7.92929	0	0	0	-0.134833E-02	0.185905E-03	0.724926E-02	-0.688843E-03	0.896383E-03	-0.548821E-02	-0.171415E-02	0	0	0	0.108383E-02	-0.135123E-03	-0.733313E-02	0.593682E-03	-0.644625E-03	0.474969E-02	0.127168E-02	
8.07071	0	0	0	-0.109223E-02	0.145739E-03	0.609305E-02	-0.560166E-03	0.717716E-03	-0.453520E-02	-0.138987E-02	0	0	0	0.855916E-03	-0.103452E-03	-0.597228E-02	0.467092E-03	-0.504556E-03	0.382230E-02	0.100486E-02	
8.21212	0	0	0	-0.881502E-03	0.113895E-03	0.509849E-02	-0.454411E-03	0.572663E-03	-0.373280E-02	-0.112364E-02	0	0	0	0.673503E-03	-0.789667E-04	-0.484338E-02	0.366243E-03	-0.393555E-03	0.306385E-02	0.791187E-03	
8.35354	0	0	0	-0.708762E-03	0.887336E-04	0.424743E-02	-0.367835E-03	0.455319E-03	-0.306021E-02	-0.905899E-03	0	0	0	0.528070E-03	-0.600971E-04	-0.391140E-02	0.286204E-03	-0.305914E-03	0.244629E-02	0.620745E-03	
8.49495	0	0	0	-0.567694E-03	0.689184E-04	0.352292E-02	-0.297234E-03	0.360729E-03	-0.249889E-02	-0.728516E-03	0	0	0	0.412566E-03	-0.456017E-04	-0.314567E-02	0.222919E-03	-0.236971E-03	0.194560E-02	0.485321E-03	
8.63636	0	0	0	-0.452897E-03	0.533676E-04	0.290932E-02	-0.239884E-03	0.284740E-03	-0.203251E-02	-0.584560E-03	0	0	0	0.321181E-03	-0.345020E-04	-0.251946E-02	0.173068E-03	-0.182934E-03	0.154141E-02	0.378136E-03	
8.77778	0	0	0	-0.359825E-03	0.412070E-04	0.239231E-02	-0.193474E-03	0.223911E-03	-0.164671E-02	-0.468180E-03	0	0	0	0.249150E-03	-0.260296E-04	-0.200972E-02	0.133944E-03	-0.140733E-03	0.121650E-02	0.293630E-03	
8.91919	0	0	0	-0.284630E-03	0.317325E-04	0.195890E-02	-0.156055E-03	0.175385E-03	-0.132898E-02	-0.374448E-03	0	0	0	0.192588E-03	-0.195833E-04	-0.159667E-02	0.103351E-03	-0.107895E-03	0.956409E-03	0.227257E-03	
9.06061	0	0	0	-0.224089E-03	0.243801E-04	0.159744E-02	-0.125997E-03	0.136804E-03	-0.106846E-02	-0.299238E-03	0	0	0	0.148337E-03	-0.146942E-04	-0.126348E-02	0.795163E-04	-0.824347E-04	0.749081E-03	0.175324E-03	
9.20202	0	0	0	-0.175509E-03	0.186990E-04	0.129753E-02	-0.101934E-03	0.106233E-03	-0.855807E-03	-0.239111E-03	0	0	0	0.113846E-03	-0.109981E-04	-0.995893E-03	0.610131E-04	-0.627642E-04	0.584494E-03	0.134842E-03	
9.34343	0	0	0	-0.136648E-03	0.143299E-04	0.104998E-02	-0.827341E-04	0.820863E-04	-0.683000E-03	-0.191212E-03	0	0	0	0.870603E-04	-0.821291E-05	-0.781941E-03	0.467000E-04	-0.476211E-04	0.454372E-03	0.103404E-03	
9.48485	0	0	0	-0.105642E-03	0.109883E-04	0.846736E-03	-0.674613E-04	0.630693E-04	-0.543215E-03	-0.153184E-03	0	0	0	0.663336E-04	-0.612095E-05	-0.611617E-03	0.356669E-04	-0.360045E-04	0.351919E-03	0.790781E-04	
9.62626	0	0	0	-0.809651E-04	0.844888E-05	0.680754E-03	-0.553438E-04	0.481344E-04	-0.430661E-03	-0.123086E-03	0	0	0	0.503529E-04	-0.455487E-05	-0.476611E-03	0.271913E-04	-0.271243E-04	0.271579E-03	0.603242E-04	
9.76768	0	0	0	-0.613622E-04	0.653440E-05	0.545941E-03	-0.457501E-04	0.364341E-04	-0.340456E-03	-0.993327E-04	0	0	0	0.380749E-04	-0.338641E-05	-0.370057E-03	0.207022E-04	-0.203595E-04	0.208832E-03	0.459174E-04	
9.90909	0	0	0	-0.458122E-04	0.510575E-05	0.437057E-03	-0.381646E-04	0.272875E-04	-0.268506E-03	-0.806306E-04	0	0	0	0.286745E-04	-0.251764E-05	-0.286317E-03	0.157500E-04	-0.152239E-04	0.160024E-03	0.348888E-04	
10.0505	0	0	0	-0.334872E-04	0.405441E-05	0.349624E-03	-0.321702E-04	0.201496E-04	-0.211398E-03	-0.659330E-04	0	0	0	0.215019E-04	-0.187403E-05	-0.220784E-03	0.119824E-04	-0.113383E-04	0.122209E-03	0.264748E-04	
10.1919	0	0	0	-0.237209E-04	0.329559E-05	0.279830E-03	-0.274292E-04	0.145868E-04	-0.166295E-03	-0.543947E-04	0	0	0	0.160474E-04	-0.139905E-05	-0.169716E-03	0.912438E-05	-0.840829E-05	0.930291E-04	0.200766E-04	
10.3333	0	0	0	-0.159809E-04	0.276359E-05	0.224455E-03	-0.236714E-04	0.102559E-04	-0.130857E-03	-0.453384E-04	0	0	0	0.119134E-04	-0.104999E-05	-0.130084E-03	0.696202E-05	-0.620631E-05	0.706010E-04	0.152264E-04	
10.4747	0	0	0	-0.985003E-05	0.240713E-05	0.180787E-03	-0.206800E-04	0.688879E-05	-0.103153E-03	-0.382237E-04	0	0	0	0.879069E-05	-0.794644E-06	-0.994564E-04	0.532979E-05	-0.455699E-05	0.534306E-04	0.115604E-04	
10.6162	0	0	0	-0.500589E-05	0.218635E-05	0.146557E-03	-0.182833E-04	0.427770E-05	-0.816072E-04	-0.326228E-04	0	0	0	0.644023E-05	-0.608837E-06	-0.758826E-04	0.410003E-05	-0.332592E-05	0.403365E-04	0.879695E-05	
10.7576	0	0	0	-0.120761E-05	0.206990E-05	0.119878E-03	-0.163458E-04	0.226513E-05	-0.649322E-04	-0.282002E-04	0	0	0	0.467831E-05	-0.474448E-06	-0.578110E-04	0.317469E-05	-0.241059E-05	0.303896E-04	0.671885E-05	
10.8990	0	0	0	0.171522E-05	0.203276E-05	0.991890E-04	-0.147613E-04	0.735023E-06	-0.520862E-04	-0.246948E-04	0	0	0	0.336458E-05	-0.377918E-06	-0.440113E-04	0.247881E-05	-0.173322E-05	0.228620E-04	0.515939E-05	
11.0404	0	0	0	0.387084E-05	0.205429E-05	0.832064E-04	-0.134474E-04	-0.393744E-06	-0.422285E-04	-0.219049E-04	0	0	0	0.239279E-05	-0.309106E-06	-0.335131E-04	0.195528E-05	-0.123518E-05	0.171863E-04	0.399114E-05	
11.1818	0	0	0	0.530948E-05	0.211661E-05	0.708924E-04	-0.123406E-04	-0.117189E-05	-0.346878E-04	-0.196761E-04	0	0	0	0.168329E-05	-0.260409E-06	-0.255552E-04	0.156081E-05	-0.872676E-06	0.129221E-04	0.311709E-05	
11.3232	0	0	0	0.603143E-05	0.220325E-05	0.614238E-04	-0.113919E-04	-0.162485E-05	-0.289354E-04	-0.178880E-04	0	0	0	0.117696E-05	-0.226093E-06	-0.195435E-04	0.126268E-05	-0.613175E-06	0.972951E-05	0.246358E-05	
11.4646	0	0	0	0.601137E-05	0.229831E-05	0.541562E-04	-0.105643E-04	-0.176317E-05	-0.245583E-04	-0.164501E-04	0	0	0	0.829506E-06	-0.201798E-06	-0.150171E-04	0.103628E-05	-0.432442E-06	0.734719E-05	0.197488E-05	
11.6061	0	0	0	0.518866E-05	0.238419E-05	0.487099E-04	-0.982829E-05	-0.158060E-05	-0.212779E-04	-0.152471E-04	0	0	0	0.607517E-06	-0.184140E-06	-0.116232E-04	0.863090E-06	-0.312364E-06	0.557647E-05	0.160764E-05	
11.7475	0	0	0	0.369604E-05	0.244650E-05	0.447026E-04	-0.916160E-05	-0.113448E-05	-0.188483E-04	-0.142130E-04	0	0	0	0.478584E-06	-0.170631E-06	-0.908631E-05	0.729320E-06	-0.236939E-06	0.426453E-05	0.133029E-05	
11.8889	0	0	0	0.202315E-05	0.247513E-05	0.417333E-04	-0.854632E-05	-0.602390E-06	-0.170438E-04	-0.132973E-04	0	0	0	0.410924E-06	-0.159486E-06	-0.719406E-05	0.624665E-06	-0.191698E-06	0.329491E-05	0.111905E-05	
12.0303	0	0	0	0.298814E-06	0.247033E-05	0.394402E-04	-0.797109E-05	-0.355610E-07	-0.156728E-04	-0.125086E-04	0	0	0	0.384325E-06	-0.149577E-06	-0.578342E-05	0.541524E-06	-0.167106E-06	0.257929E-05	0.956795E-06	
12.1717	0	0	0	-0.145517E-05	0.242983E-05	0.377593E-04	-0.742657E-05	0.553465E-06	-0.146616E-04	-0.117818E-04	0	0	0	0.386674E-06	-0.140113E-06	-0.473232E-05	0.474290E-06	-0.157119E-06	0.205176E-05	0.830278E-06	
12.3131	0	0	0	-0.346660E-05	0.235168E-05	0.363529E-04	-0.690701E-05	0.123895E-05	-0.138555E-04	-0.110842E-04	0	0	0	0.409502E-06	-0.130550E-06	-0.394694E-05	0.418856E-06	-0.157463E-06	0.166241E-05	0.729841E-06	
12.4545	0	0	0	-0.521968E-05	0.223541E-05	0.353046E-04	-0.640809E-05	0.184025E-05	-0.132543E-04	-0.104505E-04	0	0	0	0.436320E-06	-0.120604E-06	-0.335992E-05	0.372207E-06	-0.161503E-06	0.137513E-05	0.648956E-06	
12.5960	0	0	0	-0.649743E-05	0.209149E-05	0.344160E-04	-0.592513E-05	0.228022E-05	-0.127679E-04	-0.982358E-05	0	0	0	0.455518E-06	-0.110377E-06	-0.291618E-05	0.332112E-06	-0.164555E-06	0.116154E-05	0.581322E-06	
12.7374	0	0	0	-0.739051E-05	0.193086E-05	0.335176E-04	-0.545677E-05	0.258867E-05	-0.123216E-04	-0.918453E-05	0	0	0	0.465694E-06	-0.100107E-06	-0.257362E-05	0.297002E-06	-0.165638E-06	0.100024E-05	0.522856E-06	
12.8788	0	0	0	-0.793432E-05	0.176177E-05	0.325477E-04	-0.500358E-05	0.277690E-05	-0.118819E-04	-0.853986E-05	0	0	0	0.466049E-06	-0.900094E-07	-0.230266E-05	0.265794E-06	-0.164125E-06	0.876099E-06	0.471194E-06	
13.0202	0	0	0	-0.818773E-05	0.159120E-05	0.314587E-04	-0.456677E-05	0.286474E-05	-0.114238E-04	-0.789276E-05	0	0	0	0.457607E-06	-0.802846E-07	-0.208149E-05	0.237734E-06	-0.160121E-06	0.777993E-06	0.424627E-06	
13.1616	0	0	0	-0.821477E-05	0.142438E-05	0.302312E-04	-0.414805E-05	0.287404E-05	-0.109340E-04	-0.724960E-05	0	0	0	0.442158E-06	-0.710863E-07	-0.189472E-05	0.212306E-06	-0.154069E-06	0.698046E-06	0.382096E-06	
13.3030	0	0	0	-0.807412E-05	0.126496E-05	0.288663E-04	-0.374919E-05	0.282497E-05	-0.104083E-04	-0.661789E-05	0	0	0	0.421613E-06	-0.625168E-07	-0.173178E-05	0.189154E-06	-0.146505E-06	0.630766E-06	0.342968E-06	
13.4444	0	0	0	-0.781535E-05	0.111538E-05	0.273789E-04	-0.337178E-05	0.273464E-05	-0.984885E-05	-0.600498E-05	0	0	0	0.397702E-06	-0.546354E-07	-0.158557E-05	0.168033E-06	-0.137945E-06	0.572398E-06	0.306869E-06	
13.5859	0	0	0	-0.747848E-05	0.977064E-06	0.257923E-04	-0.301712E-05	0.261692E-05	-0.926119E-05	-0.541729E-05	0	0	0	0.371872E-06	-0.474668E-07	-0.145150E-05	0.148764E-06	-0.128829E-06	0.520424E-06	0.273579E-06	
13.7273	0	0	0	-0.709490E-05	0.850751E-06	0.241337E-04	-0.268616E-05	0.248273E-05	-0.865328E-05	-0.486003E-05	0	0	0	0.345275E-06	-0.410099E-07	-0.132670E-05	0.131212E-06	-0.119517E-06	0.473200E-06	0.242956E-06	
13.8687	0	0	0	-0.668873E-05	0.736620E-06	0.224321E-04	-0.237943E-05	0.234047E-05	-0.803400E-05	-0.433707E-05	0	0	0	0.318793E-06	-0.352444E-07	-0.120948E-05	0.115267E-06	-0.110288E-06	0.429682E-06	0.214897E-06	
14.0101	0	0	0	-0.627810E-05	0.634469E-06	0.207154E-04	-0.209708E-05	0.219649E-05	-0.741234E-05	-0.385103E-05	0	0	0	0.293078E-06	-0.301374E-07	-0.109892E-05	0.100834E-06	-0.101350E-06	0.389232E-06	0.189313E-06	
14.1515	0	0	0	-0.587632E-05	0.543818E-06	0.190097E-04	-0.183891E-05	0.205547E-05	-0.679687E-05	-0.340336E-05	0	0	0	0.268595E-06	-0.256469E-07	-0.994624E-06	0.878230E-07	-0.928537E-07	0.351482E-06	0.166109E-06	
14.2929	0	0	0	-0.549284E-05	0.464007E-06	0.173385E-04	-0.160439E-05	0.192073E-05	-0.619536E-05	-0.299455E-05	0	0	0	0.245655E-06	-0.217258E-07	-0.896445E-06	0.761482E-07	-0.848992E-07	0.316232E-06	0.145185E-06	
14.4343	0	0	0	-0.513405E-05	0.394252E-06	0.157218E-04	-0.139274E-05	0.179454E-05	-0.561452E-05	-0.262422E-05	0	0	0	0.224447E-06	-0.183242E-07	-0.804407E-06	0.657238E-07	-0.775482E-07	0.283379E-06	0.126426E-06	
14.5758	0	0	0	-0.480393E-05	0.333710E-06	0.141759E-04	-0.120293E-05	0.167832E-05	-0.505995E-05	-0.229135E-05	0	0	0	0.205067E-06	-0.153920E-07	-0.718584E-06	0.564635E-07	-0.708311E-07	0.252876E-06	0.109709E-06	
14.7172	0	0	0	-0.450463E-05	0.281509E-06	0.127140E-04	-0.103378E-05	0.157285E-05	-0.453606E-05	-0.199434E-05	0	0	0	0.187534E-06	-0.128795E-07	-0.639042E-06	0.482805E-07	-0.647541E-07	0.224693E-06	0.948999E-07	
14.8586	0	0	0	-0.423681E-05	0.236787E-06	0.113457E-04	-0.883966E-06	0.147837E-05	-0.404608E-05	-0.173125E-05	0	0	0	0.171814E-06	-0.107393E-07	-0.565805E-06	0.410883E-07	-0.593046E-07	0.198804E-06	0.818597E-07	
15.0000	0	0	0	-0.400012E-05	0.198706E-06	0.100772E-04	-0.752083E-06	0.139479E-05	-0.359217E-05	-0.149982E-05	0	0	0	0.157833E-06	-0.892641E-08	-0.498832E-06	0.348013E-07	-0.544568E-07	0.175168E-06	0.704446E-07	

