fitting=
dimer at 1.8590 Å


repulsion=
0.1 227.623736627
0.125716161616 215.870435991
0.151432323232 204.70013134
0.177148484848 194.08687607
0.202864646465 184.005678642
0.228580808081 174.432475815
0.254296969697 165.344106395
0.280013131313 156.718285482
0.305729292929 148.533579214
0.331445454545 140.769380009
0.357161616162 133.405882296
0.382877777778 126.424058726
0.408593939394 119.805636861
0.43431010101 113.533076348
0.460026262626 107.589546547
0.485742424242 101.958904632
0.511458585859 96.6256741505
0.537174747475 91.575024038
0.562890909091 86.792748077
0.588607070707 82.2652448061
0.614323232323 77.9794978664
0.640039393939 73.9230567825
0.665755555556 70.084018174
0.691471717172 66.4510073912
0.717187878788 63.0131605716
0.742904040404 59.7601071105
0.76862020202 56.6819525423
0.794336363636 53.7692618273
0.820052525253 51.0130430382
0.845768686869 48.4047314423
0.871484848485 45.9361739741
0.897201010101 43.5996140937
0.922917171717 41.3876770258
0.948633333333 39.2933553738
0.974349494949 37.3099951058
1.00006565657 35.4312819058
1.02578181818 33.651227886
1.0514979798 31.9641586555
1.07721414141 30.3647007393
1.10293030303 28.8477693452
1.12864646465 27.40855647
1.15436262626 26.0425193438
1.18007878788 24.745369205
1.20579494949 23.5130604018
1.23151111111 22.341779816
1.25722727273 21.227936603
1.28294343434 20.1681522439
1.30865959596 19.1592509043
1.33437575758 18.1982500958
1.36009191919 17.2823516337
1.38580808081 16.4089328871
1.41152424242 15.5755383173
1.43724040404 14.7798712969
1.46295656566 14.0197862076
1.48867272727 13.2932808104
1.51438888889 12.5984888823
1.54010505051 11.9336731176
1.56582121212 11.2972182851
1.59153737374 10.6876246397
1.61725353535 10.1035015806
1.64296969697 9.54356155388
1.66868585859 9.00661419214
1.6944020202 8.4915606879
1.72011818182 7.99738839521
1.74583434343 7.5231656546
1.77155050505 7.06803683649
1.79726666667 6.63121759821
1.82298282828 6.21199034963
1.8486989899 5.80969992254
1.87441515152 5.42374943883
1.90013131313 5.05359637254
1.92584747475 4.69874880096
1.95156363636 4.35876183975
1.97727979798 4.03323425721
2.0029959596 3.72180526283
2.02871212121 3.42415146516
2.05442828283 3.13998399403
2.08014444444 2.86904578231
2.10586060606 2.61110900232
2.13157676768 2.36597265176
2.15729292929 2.13346028448
2.18300909091 1.91341788114
2.20872525253 1.70571185466
2.23444141414 1.51022718576
2.26015757576 1.3268656836
2.28587373737 1.15554436658
2.31158989899 0.996193958376
2.33730606061 0.84875749437
2.36302222222 0.71318903349
2.38873838384 0.589452470573
2.41445454545 0.477520444338
2.44017070707 0.377373336042
2.46588686869 0.288998353917
2.4916030303 0.212388698468
2.51731919192 0.147542803709
2.54303535354 0.0944636494413
2.56875151515 0.053158139643
2.59446767677 0.0236365420587
2.62018383838 0.00591198408074
2.6459 0.0
