slako_comment=
C-C pp-pi fake interaction (as hydrogen)


repulsion_comment=
C-C pp-pi fake interaction; no repulsion


repulsion=
0.0 0.0
0.1 0.0
0.2 0.0
0.3 0.0


H_H_table=
0.0  0.   0.   0.   0.   0.   0.   0.   0.   0.  -1.629541063  0.   0.   0.   0.   0.   0.   0.   0.   0.  0.9999999577
0.03999999911  0.   0.   0.   0.   0.   0.   0.   0.   0.  -1.62683422  0.   0.   0.   0.   0.   0.   0.   0.   0.  0.9994067886
0.07999999821  0.   0.   0.   0.   0.   0.   0.   0.   0.  -1.618821079  0.   0.   0.   0.   0.   0.   0.   0.   0.  0.9976314722
0.1199999973  0.   0.   0.   0.   0.   0.   0.   0.   0.  -1.605796634  0.   0.   0.   0.   0.   0.   0.   0.   0.  0.9946863739
0.1599999964  0.   0.   0.   0.   0.   0.   0.   0.   0.  -1.588162106  0.   0.   0.   0.   0.   0.   0.   0.   0.  0.9905915201
0.1999999955  0.   0.   0.   0.   0.   0.   0.   0.   0.  -1.566376874  0.   0.   0.   0.   0.   0.   0.   0.   0.  0.9853738955
0.2399999946  0.   0.   0.   0.   0.   0.   0.   0.   0.  -1.540924341  0.   0.   0.   0.   0.   0.   0.   0.   0.  0.9790666442
0.2799999937  0.   0.   0.   0.   0.   0.   0.   0.   0.  -1.512288798  0.   0.   0.   0.   0.   0.   0.   0.   0.  0.9717082354
0.3199999928  0.   0.   0.   0.   0.   0.   0.   0.   0.  -1.480940076  0.   0.   0.   0.   0.   0.   0.   0.   0.  0.9633416354
0.359999992  0.   0.   0.   0.   0.   0.   0.   0.   0.  -1.447323688  0.   0.   0.   0.   0.   0.   0.   0.   0.  0.9540135115
0.3999999911  0.   0.   0.   0.   0.   0.   0.   0.   0.  -1.411854846  0.   0.   0.   0.   0.   0.   0.   0.   0.  0.9437734851
0.4399999902  0.   0.   0.   0.   0.   0.   0.   0.   0.  -1.374915252  0.   0.   0.   0.   0.   0.   0.   0.   0.  0.9326734421
0.4799999893  0.   0.   0.   0.   0.   0.   0.   0.   0.  -1.336851839  0.   0.   0.   0.   0.   0.   0.   0.   0.  0.9207669068
0.5199999884  0.   0.   0.   0.   0.   0.   0.   0.   0.  -1.29797691  0.   0.   0.   0.   0.   0.   0.   0.   0.  0.9081084779
0.5599999875  0.   0.   0.   0.   0.   0.   0.   0.   0.  -1.25856922  0.   0.   0.   0.   0.   0.   0.   0.   0.  0.8947533281
0.5999999866  0.   0.   0.   0.   0.   0.   0.   0.   0.  -1.218875682  0.   0.   0.   0.   0.   0.   0.   0.   0.  0.880756762
0.6399999857  0.   0.   0.   0.   0.   0.   0.   0.   0.  -1.179113439  0.   0.   0.   0.   0.   0.   0.   0.   0.  0.8661738308
0.6799999848  0.   0.   0.   0.   0.   0.   0.   0.   0.  -1.139472126  0.   0.   0.   0.   0.   0.   0.   0.   0.  0.8510589967
0.7199999839  0.   0.   0.   0.   0.   0.   0.   0.   0.  -1.10011617  0.   0.   0.   0.   0.   0.   0.   0.   0.  0.8354658462
0.759999983  0.   0.   0.   0.   0.   0.   0.   0.   0.  -1.061187067  0.   0.   0.   0.   0.   0.   0.   0.   0.  0.8194468446
0.7999999821  0.   0.   0.   0.   0.   0.   0.   0.   0.  -1.022805548  0.   0.   0.   0.   0.   0.   0.   0.   0.  0.8030531293
0.8399999812  0.   0.   0.   0.   0.   0.   0.   0.   0.  -0.9850736333  0.   0.   0.   0.   0.   0.   0.   0.   0.  0.7863343382
0.8799999803  0.   0.   0.   0.   0.   0.   0.   0.   0.  -0.9480765362  0.   0.   0.   0.   0.   0.   0.   0.   0.  0.7693384683
0.9199999794  0.   0.   0.   0.   0.   0.   0.   0.   0.  -0.9118844335  0.   0.   0.   0.   0.   0.   0.   0.   0.  0.7521117624
0.9599999785  0.   0.   0.   0.   0.   0.   0.   0.   0.  -0.8765540914  0.   0.   0.   0.   0.   0.   0.   0.   0.  0.7346986206
0.9999999776  0.   0.   0.   0.   0.   0.   0.   0.   0.  -0.8421303576  0.   0.   0.   0.   0.   0.   0.   0.   0.  0.7171415331
1.039999977  0.   0.   0.   0.   0.   0.   0.   0.   0.  -0.8086475273  0.   0.   0.   0.   0.   0.   0.   0.   0.  0.699481033
1.079999976  0.   0.   0.   0.   0.   0.   0.   0.   0.  -0.7761305891  0.   0.   0.   0.   0.   0.   0.   0.   0.  0.6817556659
1.119999975  0.   0.   0.   0.   0.   0.   0.   0.   0.  -0.7445963593  0.   0.   0.   0.   0.   0.   0.   0.   0.  0.6640019747
1.159999974  0.   0.   0.   0.   0.   0.   0.   0.   0.  -0.7140545122  0.   0.   0.   0.   0.   0.   0.   0.   0.  0.6462544974
1.199999973  0.   0.   0.   0.   0.   0.   0.   0.   0.  -0.6845085131  0.   0.   0.   0.   0.   0.   0.   0.   0.  0.6285457764
1.239999972  0.   0.   0.   0.   0.   0.   0.   0.   0.  -0.6559564606  0.   0.   0.   0.   0.   0.   0.   0.   0.  0.6109063776
1.279999971  0.   0.   0.   0.   0.   0.   0.   0.   0.  -0.6283918466  0.   0.   0.   0.   0.   0.   0.   0.   0.  0.5933649183
1.31999997  0.   0.   0.   0.   0.   0.   0.   0.   0.  -0.6018042366  0.   0.   0.   0.   0.   0.   0.   0.   0.  0.5759481021
1.35999997  0.   0.   0.   0.   0.   0.   0.   0.   0.  -0.5761798805  0.   0.   0.   0.   0.   0.   0.   0.   0.  0.5586807598
1.399999969  0.   0.   0.   0.   0.   0.   0.   0.   0.  -0.5515022565  0.   0.   0.   0.   0.   0.   0.   0.   0.  0.5415858958
1.439999968  0.   0.   0.   0.   0.   0.   0.   0.   0.  -0.5277525541  0.   0.   0.   0.   0.   0.   0.   0.   0.  0.5246847382
1.479999967  0.   0.   0.   0.   0.   0.   0.   0.   0.  -0.5049101034  0.   0.   0.   0.   0.   0.   0.   0.   0.  0.507996793
1.519999966  0.   0.   0.   0.   0.   0.   0.   0.   0.  -0.4829527521  0.   0.   0.   0.   0.   0.   0.   0.   0.  0.4915399002
1.559999965  0.   0.   0.   0.   0.   0.   0.   0.   0.  -0.461857198  0.   0.   0.   0.   0.   0.   0.   0.   0.  0.4753302928
1.599999964  0.   0.   0.   0.   0.   0.   0.   0.   0.  -0.4415992798  0.   0.   0.   0.   0.   0.   0.   0.   0.  0.4593826566
1.639999963  0.   0.   0.   0.   0.   0.   0.   0.   0.  -0.4221542297  0.   0.   0.   0.   0.   0.   0.   0.   0.  0.4437101915
1.679999962  0.   0.   0.   0.   0.   0.   0.   0.   0.  -0.4034968936  0.   0.   0.   0.   0.   0.   0.   0.   0.  0.4283246737
1.719999962  0.   0.   0.   0.   0.   0.   0.   0.   0.  -0.3856019198  0.   0.   0.   0.   0.   0.   0.   0.   0.  0.4132365173
1.759999961  0.   0.   0.   0.   0.   0.   0.   0.   0.  -0.3684439219  0.   0.   0.   0.   0.   0.   0.   0.   0.  0.3984548364
1.79999996  0.   0.   0.   0.   0.   0.   0.   0.   0.  -0.3519976167  0.   0.   0.   0.   0.   0.   0.   0.   0.  0.3839875075
1.839999959  0.   0.   0.   0.   0.   0.   0.   0.   0.  -0.3362379415  0.   0.   0.   0.   0.   0.   0.   0.   0.  0.3698412299
1.879999958  0.   0.   0.   0.   0.   0.   0.   0.   0.  -0.3211401521  0.   0.   0.   0.   0.   0.   0.   0.   0.  0.3560215866
1.919999957  0.   0.   0.   0.   0.   0.   0.   0.   0.  -0.3066799047  0.   0.   0.   0.   0.   0.   0.   0.   0.  0.3425331034
1.959999956  0.   0.   0.   0.   0.   0.   0.   0.   0.  -0.2928333222  0.   0.   0.   0.   0.   0.   0.   0.   0.  0.329379308
1.999999955  0.   0.   0.   0.   0.   0.   0.   0.   0.  -0.2795770487  0.   0.   0.   0.   0.   0.   0.   0.   0.  0.3165627865
2.039999954  0.   0.   0.   0.   0.   0.   0.   0.   0.  -0.2668882924  0.   0.   0.   0.   0.   0.   0.   0.   0.  0.3040852397
2.079999954  0.   0.   0.   0.   0.   0.   0.   0.   0.  -0.2547448588  0.   0.   0.   0.   0.   0.   0.   0.   0.  0.2919475372
2.119999953  0.   0.   0.   0.   0.   0.   0.   0.   0.  -0.2431251755  0.   0.   0.   0.   0.   0.   0.   0.   0.  0.2801497712
2.159999952  0.   0.   0.   0.   0.   0.   0.   0.   0.  -0.2320083096  0.   0.   0.   0.   0.   0.   0.   0.   0.  0.2686913072
2.199999951  0.   0.   0.   0.   0.   0.   0.   0.   0.  -0.2213739792  0.   0.   0.   0.   0.   0.   0.   0.   0.  0.2575708341
2.23999995  0.   0.   0.   0.   0.   0.   0.   0.   0.  -0.2112025592  0.   0.   0.   0.   0.   0.   0.   0.   0.  0.246786413
2.279999949  0.   0.   0.   0.   0.   0.   0.   0.   0.  -0.2014750828  0.   0.   0.   0.   0.   0.   0.   0.   0.  0.2363355234
2.319999948  0.   0.   0.   0.   0.   0.   0.   0.   0.  -0.1921732394  0.   0.   0.   0.   0.   0.   0.   0.   0.  0.2262151081
2.359999947  0.   0.   0.   0.   0.   0.   0.   0.   0.  -0.1832793683  0.   0.   0.   0.   0.   0.   0.   0.   0.  0.2164216173
2.399999946  0.   0.   0.   0.   0.   0.   0.   0.   0.  -0.1747764512  0.   0.   0.   0.   0.   0.   0.   0.   0.  0.2069510493
2.439999945  0.   0.   0.   0.   0.   0.   0.   0.   0.  -0.1666481009  0.   0.   0.   0.   0.   0.   0.   0.   0.  0.1977989914
2.479999945  0.   0.   0.   0.   0.   0.   0.   0.   0.  -0.1588785499  0.   0.   0.   0.   0.   0.   0.   0.   0.  0.1889606577
2.519999944  0.   0.   0.   0.   0.   0.   0.   0.   0.  -0.1514526359  0.   0.   0.   0.   0.   0.   0.   0.   0.  0.180430926
2.559999943  0.   0.   0.   0.   0.   0.   0.   0.   0.  -0.1443557873  0.   0.   0.   0.   0.   0.   0.   0.   0.  0.1722043728
2.599999942  0.   0.   0.   0.   0.   0.   0.   0.   0.  -0.1375740073  0.   0.   0.   0.   0.   0.   0.   0.   0.  0.1642753068
2.639999941  0.   0.   0.   0.   0.   0.   0.   0.   0.  -0.1310938574  0.   0.   0.   0.   0.   0.   0.   0.   0.  0.1566378006
2.67999994  0.   0.   0.   0.   0.   0.   0.   0.   0.  -0.1249024409  0.   0.   0.   0.   0.   0.   0.   0.   0.  0.1492857212
2.719999939  0.   0.   0.   0.   0.   0.   0.   0.   0.  -0.1189873852  0.   0.   0.   0.   0.   0.   0.   0.   0.  0.1422127583
2.759999938  0.   0.   0.   0.   0.   0.   0.   0.   0.  -0.113336825  0.   0.   0.   0.   0.   0.   0.   0.   0.  0.135412452
2.799999937  0.   0.   0.   0.   0.   0.   0.   0.   0.  -0.1079393846  0.   0.   0.   0.   0.   0.   0.   0.   0.  0.128878218
2.839999937  0.   0.   0.   0.   0.   0.   0.   0.   0.  -0.1027841605  0.   0.   0.   0.   0.   0.   0.   0.   0.  0.1226033719
2.879999936  0.   0.   0.   0.   0.   0.   0.   0.   0.  -0.09786070482  0.   0.   0.   0.   0.   0.   0.   0.   0.  0.1165811524
2.919999935  0.   0.   0.   0.   0.   0.   0.   0.   0.  -0.09315900787  0.   0.   0.   0.   0.   0.   0.   0.   0.  0.1108047422
2.959999934  0.   0.   0.   0.   0.   0.   0.   0.   0.  -0.08866948173  0.   0.   0.   0.   0.   0.   0.   0.   0.  0.1052672883
2.999999933  0.   0.   0.   0.   0.   0.   0.   0.   0.  -0.08438294391  0.   0.   0.   0.   0.   0.   0.   0.   0.  0.09996192082
3.039999932  0.   0.   0.   0.   0.   0.   0.   0.   0.  -0.08029060143  0.   0.   0.   0.   0.   0.   0.   0.   0.  0.09488177021
3.079999931  0.   0.   0.   0.   0.   0.   0.   0.   0.  -0.07638403526  0.   0.   0.   0.   0.   0.   0.   0.   0.  0.09001998371
3.11999993  0.   0.   0.   0.   0.   0.   0.   0.   0.  -0.07265518518  0.   0.   0.   0.   0.   0.   0.   0.   0.  0.08536974025
3.159999929  0.   0.   0.   0.   0.   0.   0.   0.   0.  -0.06909633516  0.   0.   0.   0.   0.   0.   0.   0.   0.  0.08092426442
3.199999928  0.   0.   0.   0.   0.   0.   0.   0.   0.  -0.06570009905  0.   0.   0.   0.   0.   0.   0.   0.   0.  0.07667683922
3.239999928  0.   0.   0.   0.   0.   0.   0.   0.   0.  -0.06245940684  0.   0.   0.   0.   0.   0.   0.   0.   0.  0.07262081774
3.279999927  0.   0.   0.   0.   0.   0.   0.   0.   0.  -0.05936749135  0.   0.   0.   0.   0.   0.   0.   0.   0.  0.06874963392
3.319999926  0.   0.   0.   0.   0.   0.   0.   0.   0.  -0.05641787535  0.   0.   0.   0.   0.   0.   0.   0.   0.  0.06505681217
3.359999925  0.   0.   0.   0.   0.   0.   0.   0.   0.  -0.05360435924  0.   0.   0.   0.   0.   0.   0.   0.   0.  0.0615359762
3.399999924  0.   0.   0.   0.   0.   0.   0.   0.   0.  -0.05092100904  0.   0.   0.   0.   0.   0.   0.   0.   0.  0.05818085688
3.439999923  0.   0.   0.   0.   0.   0.   0.   0.   0.  -0.04836214502  0.   0.   0.   0.   0.   0.   0.   0.   0.  0.05498529922
3.479999922  0.   0.   0.   0.   0.   0.   0.   0.   0.  -0.04592233059  0.   0.   0.   0.   0.   0.   0.   0.   0.  0.05194326863
3.519999921  0.   0.   0.   0.   0.   0.   0.   0.   0.  -0.04359636181  0.   0.   0.   0.   0.   0.   0.   0.   0.  0.04904885628
3.55999992  0.   0.   0.   0.   0.   0.   0.   0.   0.  -0.04137925718  0.   0.   0.   0.   0.   0.   0.   0.   0.  0.04629628386
3.59999992  0.   0.   0.   0.   0.   0.   0.   0.   0.  -0.03926624797  0.   0.   0.   0.   0.   0.   0.   0.   0.  0.04367990757
3.639999919  0.   0.   0.   0.   0.   0.   0.   0.   0.  -0.03725276889  0.   0.   0.   0.   0.   0.   0.   0.   0.  0.04119422145
3.679999918  0.   0.   0.   0.   0.   0.   0.   0.   0.  -0.03533444918  0.   0.   0.   0.   0.   0.   0.   0.   0.  0.03883386016
3.719999917  0.   0.   0.   0.   0.   0.   0.   0.   0.  -0.03350710407  0.   0.   0.   0.   0.   0.   0.   0.   0.  0.03659360111
3.759999916  0.   0.   0.   0.   0.   0.   0.   0.   0.  -0.03176672669  0.   0.   0.   0.   0.   0.   0.   0.   0.  0.03446836612
3.799999915  0.   0.   0.   0.   0.   0.   0.   0.   0.  -0.03010948025  0.   0.   0.   0.   0.   0.   0.   0.   0.  0.03245322248
3.839999914  0.   0.   0.   0.   0.   0.   0.   0.   0.  -0.0285316906  0.   0.   0.   0.   0.   0.   0.   0.   0.  0.03054338369
3.879999913  0.   0.   0.   0.   0.   0.   0.   0.   0.  -0.02702983916  0.   0.   0.   0.   0.   0.   0.   0.   0.  0.02873420958
3.919999912  0.   0.   0.   0.   0.   0.   0.   0.   0.  -0.02560055614  0.   0.   0.   0.   0.   0.   0.   0.   0.  0.02702120619
3.959999911  0.   0.   0.   0.   0.   0.   0.   0.   0.  -0.02424061408  0.   0.   0.   0.   0.   0.   0.   0.   0.  0.02540002515
3.999999911  0.   0.   0.   0.   0.   0.   0.   0.   0.  -0.0229469217  0.   0.   0.   0.   0.   0.   0.   0.   0.  0.02386646281
4.03999991  0.   0.   0.   0.   0.   0.   0.   0.   0.  -0.02171651802  0.   0.   0.   0.   0.   0.   0.   0.   0.  0.02241645903
4.079999909  0.   0.   0.   0.   0.   0.   0.   0.   0.  -0.02054656676  0.   0.   0.   0.   0.   0.   0.   0.   0.  0.02104609561
4.119999908  0.   0.   0.   0.   0.   0.   0.   0.   0.  -0.01943435101  0.   0.   0.   0.   0.   0.   0.   0.   0.  0.01975159458
4.159999907  0.   0.   0.   0.   0.   0.   0.   0.   0.  -0.01837726815  0.   0.   0.   0.   0.   0.   0.   0.   0.  0.01852931619
4.199999906  0.   0.   0.   0.   0.   0.   0.   0.   0.  -0.01737282497  0.   0.   0.   0.   0.   0.   0.   0.   0.  0.01737575665
4.239999905  0.   0.   0.   0.   0.   0.   0.   0.   0.  -0.01641863311  0.   0.   0.   0.   0.   0.   0.   0.   0.  0.01628754578
4.279999904  0.   0.   0.   0.   0.   0.   0.   0.   0.  -0.01551240458  0.   0.   0.   0.   0.   0.   0.   0.   0.  0.01526144443
4.319999903  0.   0.   0.   0.   0.   0.   0.   0.   0.  -0.01465194763  0.   0.   0.   0.   0.   0.   0.   0.   0.  0.01429434175
4.359999903  0.   0.   0.   0.   0.   0.   0.   0.   0.  -0.0138351627  0.   0.   0.   0.   0.   0.   0.   0.   0.  0.01338325237
4.399999902  0.   0.   0.   0.   0.   0.   0.   0.   0.  -0.01306003864  0.   0.   0.   0.   0.   0.   0.   0.   0.  0.01252531342
4.439999901  0.   0.   0.   0.   0.   0.   0.   0.   0.  -0.01232464903  0.   0.   0.   0.   0.   0.   0.   0.   0.  0.01171778155
4.4799999  0.   0.   0.   0.   0.   0.   0.   0.   0.  -0.01162714873  0.   0.   0.   0.   0.   0.   0.   0.   0.  0.01095802976
4.519999899  0.   0.   0.   0.   0.   0.   0.   0.   0.  -0.01096577057  0.   0.   0.   0.   0.   0.   0.   0.   0.  0.01024354427
4.559999898  0.   0.   0.   0.   0.   0.   0.   0.   0.  -0.01033882215  0.   0.   0.   0.   0.   0.   0.   0.   0.  0.009571921289
4.599999897  0.   0.   0.   0.   0.   0.   0.   0.   0.  -0.009744682864  0.   0.   0.   0.   0.   0.   0.   0.   0.  0.008940863755
4.639999896  0.   0.   0.   0.   0.   0.   0.   0.   0.  -0.009181800971  0.   0.   0.   0.   0.   0.   0.   0.   0.  0.008348178095
4.679999895  0.   0.   0.   0.   0.   0.   0.   0.   0.  -0.008648690851  0.   0.   0.   0.   0.   0.   0.   0.   0.  0.00779177093
4.719999894  0.   0.   0.   0.   0.   0.   0.   0.   0.  -0.008143930361  0.   0.   0.   0.   0.   0.   0.   0.   0.  0.007269645806
4.759999894  0.   0.   0.   0.   0.   0.   0.   0.   0.  -0.007666158305  0.   0.   0.   0.   0.   0.   0.   0.   0.  0.006779899937
4.799999893  0.   0.   0.   0.   0.   0.   0.   0.   0.  -0.007214072017  0.   0.   0.   0.   0.   0.   0.   0.   0.  0.006320720955
4.839999892  0.   0.   0.   0.   0.   0.   0.   0.   0.  -0.006786425041  0.   0.   0.   0.   0.   0.   0.   0.   0.  0.005890383701
4.879999891  0.   0.   0.   0.   0.   0.   0.   0.   0.  -0.006382024913  0.   0.   0.   0.   0.   0.   0.   0.   0.  0.005487247045
4.91999989  0.   0.   0.   0.   0.   0.   0.   0.   0.  -0.005999731029  0.   0.   0.   0.   0.   0.   0.   0.   0.  0.005109750748
4.959999889  0.   0.   0.   0.   0.   0.   0.   0.   0.  -0.005638452604  0.   0.   0.   0.   0.   0.   0.   0.   0.  0.004756412374
4.999999888  0.   0.   0.   0.   0.   0.   0.   0.   0.  -0.005297146713  0.   0.   0.   0.   0.   0.   0.   0.   0.  0.00442582425
5.039999887  0.   0.   0.   0.   0.   0.   0.   0.   0.  -0.004974816409  0.   0.   0.   0.   0.   0.   0.   0.   0.  0.004116650489
5.079999886  0.   0.   0.   0.   0.   0.   0.   0.   0.  -0.004670508913  0.   0.   0.   0.   0.   0.   0.   0.   0.  0.003827624068
5.119999886  0.   0.   0.   0.   0.   0.   0.   0.   0.  -0.004383313877  0.   0.   0.   0.   0.   0.   0.   0.   0.  0.003557543979
5.159999885  0.   0.   0.   0.   0.   0.   0.   0.   0.  -0.004112361714  0.   0.   0.   0.   0.   0.   0.   0.   0.  0.003305272436
5.199999884  0.   0.   0.   0.   0.   0.   0.   0.   0.  -0.00385682199  0.   0.   0.   0.   0.   0.   0.   0.   0.  0.003069732162
5.239999883  0.   0.   0.   0.   0.   0.   0.   0.   0.  -0.003615901871  0.   0.   0.   0.   0.   0.   0.   0.   0.  0.002849903742
5.279999882  0.   0.   0.   0.   0.   0.   0.   0.   0.  -0.003388844643  0.   0.   0.   0.   0.   0.   0.   0.   0.  0.002644823055
5.319999881  0.   0.   0.   0.   0.   0.   0.   0.   0.  -0.003174928265  0.   0.   0.   0.   0.   0.   0.   0.   0.  0.002453578774
5.35999988  0.   0.   0.   0.   0.   0.   0.   0.   0.  -0.002973463993  0.   0.   0.   0.   0.   0.   0.   0.   0.  0.002275309948
5.399999879  0.   0.   0.   0.   0.   0.   0.   0.   0.  -0.002783795045  0.   0.   0.   0.   0.   0.   0.   0.   0.  0.00210920366
5.439999878  0.   0.   0.   0.   0.   0.   0.   0.   0.  -0.002605295314  0.   0.   0.   0.   0.   0.   0.   0.   0.  0.001954492752
5.479999878  0.   0.   0.   0.   0.   0.   0.   0.   0.  -0.002437368131  0.   0.   0.   0.   0.   0.   0.   0.   0.  0.001810453644
5.519999877  0.   0.   0.   0.   0.   0.   0.   0.   0.  -0.002279445067  0.   0.   0.   0.   0.   0.   0.   0.   0.  0.001676404211
5.559999876  0.   0.   0.   0.   0.   0.   0.   0.   0.  -0.002130984782  0.   0.   0.   0.   0.   0.   0.   0.   0.  0.001551701752
5.599999875  0.   0.   0.   0.   0.   0.   0.   0.   0.  -0.001991471915  0.   0.   0.   0.   0.   0.   0.   0.   0.  0.001435741019
5.639999874  0.   0.   0.   0.   0.   0.   0.   0.   0.  -0.001860416005  0.   0.   0.   0.   0.   0.   0.   0.   0.  0.001327952335
5.679999873  0.   0.   0.   0.   0.   0.   0.   0.   0.  -0.001737350459  0.   0.   0.   0.   0.   0.   0.   0.   0.  0.001227799775
5.719999872  0.   0.   0.   0.   0.   0.   0.   0.   0.  -0.001621831557  0.   0.   0.   0.   0.   0.   0.   0.   0.  0.001134779423
5.759999871  0.   0.   0.   0.   0.   0.   0.   0.   0.  -0.00151343748  0.   0.   0.   0.   0.   0.   0.   0.   0.  0.0010484177
5.79999987  0.   0.   0.   0.   0.   0.   0.   0.   0.  -0.001411767387  0.   0.   0.   0.   0.   0.   0.   0.   0.  0.00096826976
5.839999869  0.   0.   0.   0.   0.   0.   0.   0.   0.  -0.001316440517  0.   0.   0.   0.   0.   0.   0.   0.   0.  0.000893917957
5.879999869  0.   0.   0.   0.   0.   0.   0.   0.   0.  -0.001227095323  0.   0.   0.   0.   0.   0.   0.   0.   0.  0.0008249703734
5.919999868  0.   0.   0.   0.   0.   0.   0.   0.   0.  -0.001143388637  0.   0.   0.   0.   0.   0.   0.   0.   0.  0.0007610594179
5.959999867  0.   0.   0.   0.   0.   0.   0.   0.   0.  -0.001064994867  0.   0.   0.   0.   0.   0.   0.   0.   0.  0.0007018404832
5.999999866  0.   0.   0.   0.   0.   0.   0.   0.   0.  -0.0009916052222  0.   0.   0.   0.   0.   0.   0.   0.   0.  0.0006469906664
6.039999865  0.   0.   0.   0.   0.   0.   0.   0.   0.  -0.0009229269638  0.   0.   0.   0.   0.   0.   0.   0.   0.  0.0005962075481
6.079999864  0.   0.   0.   0.   0.   0.   0.   0.   0.  -0.0008586826865  0.   0.   0.   0.   0.   0.   0.   0.   0.  0.0005492080289
6.119999863  0.   0.   0.   0.   0.   0.   0.   0.   0.  -0.000798609624  0.   0.   0.   0.   0.   0.   0.   0.   0.  0.0005057272225
6.159999862  0.   0.   0.   0.   0.   0.   0.   0.   0.  -0.0007424589813  0.   0.   0.   0.   0.   0.   0.   0.   0.  0.0004655174009
6.199999861  0.   0.   0.   0.   0.   0.   0.   0.   0.  -0.0006899952913  0.   0.   0.   0.   0.   0.   0.   0.   0.  0.0004283469931
6.239999861  0.   0.   0.   0.   0.   0.   0.   0.   0.  -0.0006409957962  0.   0.   0.   0.   0.   0.   0.   0.   0.  0.0003939996333
6.27999986  0.   0.   0.   0.   0.   0.   0.   0.   0.  -0.000595249852  0.   0.   0.   0.   0.   0.   0.   0.   0.  0.0003622732566
6.319999859  0.   0.   0.   0.   0.   0.   0.   0.   0.  -0.0005525583557  0.   0.   0.   0.   0.   0.   0.   0.   0.  0.0003329792421
6.359999858  0.   0.   0.   0.   0.   0.   0.   0.   0.  -0.0005127331953  0.   0.   0.   0.   0.   0.   0.   0.   0.  0.0003059416002
6.399999857  0.   0.   0.   0.   0.   0.   0.   0.   0.  -0.0004755967206  0.   0.   0.   0.   0.   0.   0.   0.   0.  0.0002809962023
6.439999856  0.   0.   0.   0.   0.   0.   0.   0.   0.  -0.0004409812356  0.   0.   0.   0.   0.   0.   0.   0.   0.  0.0002579900519
6.479999855  0.   0.   0.   0.   0.   0.   0.   0.   0.  -0.0004087285102  0.   0.   0.   0.   0.   0.   0.   0.   0.  0.0002367805948
6.519999854  0.   0.   0.   0.   0.   0.   0.   0.   0.  -0.000378689313  0.   0.   0.   0.   0.   0.   0.   0.   0.  0.0002172350669
6.559999853  0.   0.   0.   0.   0.   0.   0.   0.   0.  -0.0003507229619  0.   0.   0.   0.   0.   0.   0.   0.   0.  0.0001992298783
6.599999852  0.   0.   0.   0.   0.   0.   0.   0.   0.  -0.0003246968942  0.   0.   0.   0.   0.   0.   0.   0.   0.  0.000182650031
6.639999852  0.   0.   0.   0.   0.   0.   0.   0.   0.  -0.0003004862537  0.   0.   0.   0.   0.   0.   0.   0.   0.  0.00016738857
6.679999851  0.   0.   0.   0.   0.   0.   0.   0.   0.  -0.0002779734965  0.   0.   0.   0.   0.   0.   0.   0.   0.  0.0001533460654
6.71999985  0.   0.   0.   0.   0.   0.   0.   0.   0.  -0.0002570480124  0.   0.   0.   0.   0.   0.   0.   0.   0.  0.0001404301244
6.759999849  0.   0.   0.   0.   0.   0.   0.   0.   0.  -0.0002376057634  0.   0.   0.   0.   0.   0.   0.   0.   0.  0.0001285549314
6.799999848  0.   0.   0.   0.   0.   0.   0.   0.   0.  -0.0002195489377  0.   0.   0.   0.   0.   0.   0.   0.   0.  0.000117640815
6.839999847  0.   0.   0.   0.   0.   0.   0.   0.   0.  -0.0002027856194  0.   0.   0.   0.   0.   0.   0.   0.   0.  0.0001076138416
6.879999846  0.   0.   0.   0.   0.   0.   0.   0.   0.  -0.0001872294724  0.   0.   0.   0.   0.   0.   0.   0.   0.  9.840543133e-05
6.919999845  0.   0.   0.   0.   0.   0.   0.   0.   0.  -0.0001727994391  0.   0.   0.   0.   0.   0.   0.   0.   0.  8.995199945e-05
6.959999844  0.   0.   0.   0.   0.   0.   0.   0.   0.  -0.0001594194526  0.   0.   0.   0.   0.   0.   0.   0.   0.  8.219461771e-05
6.999999844  0.   0.   0.   0.   0.   0.   0.   0.   0.  -0.0001470181621  0.   0.   0.   0.   0.   0.   0.   0.   0.  7.507869752e-05
7.039999843  0.   0.   0.   0.   0.   0.   0.   0.   0.  -0.000135528672  0.   0.   0.   0.   0.   0.   0.   0.   0.  6.855369234e-05
7.079999842  0.   0.   0.   0.   0.   0.   0.   0.   0.  -0.000124888292  0.   0.   0.   0.   0.   0.   0.   0.   0.  6.257281879e-05
7.119999841  0.   0.   0.   0.   0.   0.   0.   0.   0.  -0.0001150383004  0.   0.   0.   0.   0.   0.   0.   0.   0.  5.709279526e-05
7.15999984  0.   0.   0.   0.   0.   0.   0.   0.   0.  -0.0001059237183  0.   0.   0.   0.   0.   0.   0.   0.   0.  5.207359714e-05
7.199999839  0.   0.   0.   0.   0.   0.   0.   0.   0.  -9.749309454e-05  0.   0.   0.   0.   0.   0.   0.   0.   0.  4.747822773e-05
7.239999838  0.   0.   0.   0.   0.   0.   0.   0.   0.  -8.969830227e-05  0.   0.   0.   0.   0.   0.   0.   0.   0.  4.327250388e-05
7.279999837  0.   0.   0.   0.   0.   0.   0.   0.   0.  -8.249434465e-05  0.   0.   0.   0.   0.   0.   0.   0.   0.  3.942485561e-05
7.319999836  0.   0.   0.   0.   0.   0.   0.   0.   0.  -7.5839171e-05  0.   0.   0.   0.   0.   0.   0.   0.   0.  3.590613888e-05
7.359999835  0.   0.   0.   0.   0.   0.   0.   0.   0.  -6.969350217e-05  0.   0.   0.   0.   0.   0.   0.   0.   0.  3.268946063e-05
7.399999835  0.   0.   0.   0.   0.   0.   0.   0.   0.  -6.402066494e-05  0.   0.   0.   0.   0.   0.   0.   0.   0.  2.97500156e-05
7.439999834  0.   0.   0.   0.   0.   0.   0.   0.   0.  -5.878643505e-05  0.   0.   0.   0.   0.   0.   0.   0.   0.  2.706493391e-05
7.479999833  0.   0.   0.   0.   0.   0.   0.   0.   0.  -5.395888857e-05  0.   0.   0.   0.   0.   0.   0.   0.   0.  2.46131391e-05
7.519999832  0.   0.   0.   0.   0.   0.   0.   0.   0.  -4.950826114e-05  0.   0.   0.   0.   0.   0.   0.   0.   0.  2.237521571e-05
7.559999831  0.   0.   0.   0.   0.   0.   0.   0.   0.  -4.540681483e-05  0.   0.   0.   0.   0.   0.   0.   0.   0.  2.033328597e-05
7.59999983  0.   0.   0.   0.   0.   0.   0.   0.   0.  -4.162871217e-05  0.   0.   0.   0.   0.   0.   0.   0.   0.  1.847089496e-05
7.639999829  0.   0.   0.   0.   0.   0.   0.   0.   0.  -3.814989722e-05  0.   0.   0.   0.   0.   0.   0.   0.   0.  1.677290378e-05
7.679999828  0.   0.   0.   0.   0.   0.   0.   0.   0.  -3.494798312e-05  0.   0.   0.   0.   0.   0.   0.   0.   0.  1.522539019e-05
7.719999827  0.   0.   0.   0.   0.   0.   0.   0.   0.  -3.200214602e-05  0.   0.   0.   0.   0.   0.   0.   0.   0.  1.381555617e-05
7.759999827  0.   0.   0.   0.   0.   0.   0.   0.   0.  -2.929302496e-05  0.   0.   0.   0.   0.   0.   0.   0.   0.  1.253164214e-05
7.799999826  0.   0.   0.   0.   0.   0.   0.   0.   0.  -2.680262751e-05  0.   0.   0.   0.   0.   0.   0.   0.   0.  1.136284718e-05
7.839999825  0.   0.   0.   0.   0.   0.   0.   0.   0.  -2.451424083e-05  0.   0.   0.   0.   0.   0.   0.   0.   0.  1.029925509e-05
7.879999824  0.   0.   0.   0.   0.   0.   0.   0.   0.  -2.241234788e-05  0.   0.   0.   0.   0.   0.   0.   0.   0.  9.331765672e-06
7.919999823  0.   0.   0.   0.   0.   0.   0.   0.   0.  -2.048254858e-05  0.   0.   0.   0.   0.   0.   0.   0.   0.  8.452031092e-06
7.959999822  0.   0.   0.   0.   0.   0.   0.   0.   0.  -1.871148566e-05  0.   0.   0.   0.   0.   0.   0.   0.   0.  7.652396879e-06
7.999999821  0.   0.   0.   0.   0.   0.   0.   0.   0.  -1.708677483e-05  0.   0.   0.   0.   0.   0.   0.   0.   0.  6.925847242e-06
8.03999982  0.   0.   0.   0.   0.   0.   0.   0.   0.  -1.559693921e-05  0.   0.   0.   0.   0.   0.   0.   0.   0.  6.265954459e-06
8.079999819  0.   0.   0.   0.   0.   0.   0.   0.   0.  -1.423134772e-05  0.   0.   0.   0.   0.   0.   0.   0.   0.  5.666832025e-06
8.119999819  0.   0.   0.   0.   0.   0.   0.   0.   0.  -1.29801573e-05  0.   0.   0.   0.   0.   0.   0.   0.   0.  5.123091323e-06
8.159999818  0.   0.   0.   0.   0.   0.   0.   0.   0.  -1.183425874e-05  0.   0.   0.   0.   0.   0.   0.   0.   0.  4.629801557e-06
8.199999817  0.   0.   0.   0.   0.   0.   0.   0.   0.  -1.078522601e-05  0.   0.   0.   0.   0.   0.   0.   0.   0.  4.182452726e-06
8.239999816  0.   0.   0.   0.   0.   0.   0.   0.   0.  -9.825268552e-06  0.   0.   0.   0.   0.   0.   0.   0.   0.  3.776921424e-06
8.279999815  0.   0.   0.   0.   0.   0.   0.   0.   0.  -8.947186779e-06  0.   0.   0.   0.   0.   0.   0.   0.   0.  3.40943926e-06
8.319999814  0.   0.   0.   0.   0.   0.   0.   0.   0.  -8.144330273e-06  0.   0.   0.   0.   0.   0.   0.   0.   0.  3.07656372e-06
8.359999813  0.   0.   0.   0.   0.   0.   0.   0.   0.  -7.410558759e-06  0.   0.   0.   0.   0.   0.   0.   0.   0.  2.775151291e-06
8.399999812  0.   0.   0.   0.   0.   0.   0.   0.   0.  -6.74020558e-06  0.   0.   0.   0.   0.   0.   0.   0.   0.  2.50233267e-06
8.439999811  0.   0.   0.   0.   0.   0.   0.   0.   0.  -6.128043581e-06  0.   0.   0.   0.   0.   0.   0.   0.   0.  2.255489933e-06
8.47999981  0.   0.   0.   0.   0.   0.   0.   0.   0.  -5.569253242e-06  0.   0.   0.   0.   0.   0.   0.   0.   0.  2.032235498e-06
8.51999981  0.   0.   0.   0.   0.   0.   0.   0.   0.  -5.059392934e-06  0.   0.   0.   0.   0.   0.   0.   0.   0.  1.830392754e-06
8.559999809  0.   0.   0.   0.   0.   0.   0.   0.   0.  -4.594371177e-06  0.   0.   0.   0.   0.   0.   0.   0.   0.  1.647978239e-06
8.599999808  0.   0.   0.   0.   0.   0.   0.   0.   0.  -4.170420766e-06  0.   0.   0.   0.   0.   0.   0.   0.   0.  1.483185246e-06
8.639999807  0.   0.   0.   0.   0.   0.   0.   0.   0.  -3.784074668e-06  0.   0.   0.   0.   0.   0.   0.   0.   0.  1.334368751e-06
8.679999806  0.   0.   0.   0.   0.   0.   0.   0.   0.  -3.432143568e-06  0.   0.   0.   0.   0.   0.   0.   0.   0.  1.200031558e-06
8.719999805  0.   0.   0.   0.   0.   0.   0.   0.   0.  -3.111694972e-06  0.   0.   0.   0.   0.   0.   0.   0.   0.  1.078811576e-06
8.759999804  0.   0.   0.   0.   0.   0.   0.   0.   0.  -2.820033762e-06  0.   0.   0.   0.   0.   0.   0.   0.   0.  9.694701408e-07
8.799999803  0.   0.   0.   0.   0.   0.   0.   0.   0.  -2.554684117e-06  0.   0.   0.   0.   0.   0.   0.   0.   0.  8.708812902e-07
8.839999802  0.   0.   0.   0.   0.   0.   0.   0.   0.  -2.313372712e-06  0.   0.   0.   0.   0.   0.   0.   0.   0.  7.820219319e-07
8.879999802  0.   0.   0.   0.   0.   0.   0.   0.   0.  -2.094013114e-06  0.   0.   0.   0.   0.   0.   0.   0.   0.  7.019628275e-07
8.919999801  0.   0.   0.   0.   0.   0.   0.   0.   0.  -1.894691289e-06  0.   0.   0.   0.   0.   0.   0.   0.   0.  6.298603295e-07
8.9599998  0.   0.   0.   0.   0.   0.   0.   0.   0.  -1.713652162e-06  0.   0.   0.   0.   0.   0.   0.   0.   0.  5.649488121e-07
8.999999799  0.   0.   0.   0.   0.   0.   0.   0.   0.  -1.549287153e-06  0.   0.   0.   0.   0.   0.   0.   0.   0.  5.065337412e-07
9.039999798  0.   0.   0.   0.   0.   0.   0.   0.   0.  -1.400122619e-06  0.   0.   0.   0.   0.   0.   0.   0.   0.  4.53985332e-07
9.079999797  0.   0.   0.   0.   0.   0.   0.   0.   0.  -1.264809152e-06  0.   0.   0.   0.   0.   0.   0.   0.   0.  4.067327474e-07
9.119999796  0.   0.   0.   0.   0.   0.   0.   0.   0.  -1.142111668e-06  0.   0.   0.   0.   0.   0.   0.   0.   0.  3.642587922e-07
9.159999795  0.   0.   0.   0.   0.   0.   0.   0.   0.  -1.030900239e-06  0.   0.   0.   0.   0.   0.   0.   0.   0.  3.260950657e-07
9.199999794  0.   0.   0.   0.   0.   0.   0.   0.   0.  -9.301416066e-07  0.   0.   0.   0.   0.   0.   0.   0.   0.  2.918175316e-07
9.239999793  0.   0.   0.   0.   0.   0.   0.   0.   0.  -8.388913441e-07  0.   0.   0.   0.   0.   0.   0.   0.   0.  2.610424739e-07
9.279999793  0.   0.   0.   0.   0.   0.   0.   0.   0.  -7.562866107e-07  0.   0.   0.   0.   0.   0.   0.   0.   0.  2.334228057e-07
9.319999792  0.   0.   0.   0.   0.   0.   0.   0.   0.  -6.815394619e-07  0.   0.   0.   0.   0.   0.   0.   0.   0.  2.086447013e-07
9.359999791  0.   0.   0.   0.   0.   0.   0.   0.   0.  -6.139306751e-07  0.   0.   0.   0.   0.   0.   0.   0.   0.  1.864245253e-07
9.39999979  0.   0.   0.   0.   0.   0.   0.   0.   0.  -5.528040535e-07  0.   0.   0.   0.   0.   0.   0.   0.   0.  1.665060336e-07
9.439999789  0.   0.   0.   0.   0.   0.   0.   0.   0.  -4.975611747e-07  0.   0.   0.   0.   0.   0.   0.   0.   0.  1.486578235e-07
9.479999788  0.   0.   0.   0.   0.   0.   0.   0.   0.  -4.47656551e-07  0.   0.   0.   0.   0.   0.   0.   0.   0.  1.326710109e-07
9.519999787  0.   0.   0.   0.   0.   0.   0.   0.   0.  -4.025931723e-07  0.   0.   0.   0.   0.   0.   0.   0.   0.  1.183571167e-07
9.559999786  0.   0.   0.   0.   0.   0.   0.   0.   0.  -3.619184025e-07  0.   0.   0.   0.   0.   0.   0.   0.   0.  1.055461434e-07
9.599999785  0.   0.   0.   0.   0.   0.   0.   0.   0.  -3.252202043e-07  0.   0.   0.   0.   0.   0.   0.   0.   0.  9.408482587e-08
9.639999785  0.   0.   0.   0.   0.   0.   0.   0.   0.  -2.92123667e-07  0.   0.   0.   0.   0.   0.   0.   0.   0.  8.383504142e-08
9.679999784  0.   0.   0.   0.   0.   0.   0.   0.   0.  -2.622878154e-07  0.   0.   0.   0.   0.   0.   0.   0.   0.  7.467236481e-08
9.719999783  0.   0.   0.   0.   0.   0.   0.   0.   0.  -2.35402678e-07  0.   0.   0.   0.   0.   0.   0.   0.   0.  6.648475619e-08
9.759999782  0.   0.   0.   0.   0.   0.   0.   0.   0.  -2.111865951e-07  0.   0.   0.   0.   0.   0.   0.   0.   0.  5.917136976e-08
9.799999781  0.   0.   0.   0.   0.   0.   0.   0.   0.  -1.893837482e-07  0.   0.   0.   0.   0.   0.   0.   0.   0.  5.264147282e-08
9.83999978  0.   0.   0.   0.   0.   0.   0.   0.   0.  -1.697618937e-07  0.   0.   0.   0.   0.   0.   0.   0.   0.  4.681346531e-08
9.879999779  0.   0.   0.   0.   0.   0.   0.   0.   0.  -1.521102856e-07  0.   0.   0.   0.   0.   0.   0.   0.   0.  4.161399083e-08
9.919999778  0.   0.   0.   0.   0.   0.   0.   0.   0.  -1.362377716e-07  0.   0.   0.   0.   0.   0.   0.   0.   0.  3.697713113e-08
9.959999777  0.   0.   0.   0.   0.   0.   0.   0.   0.  -1.219710491e-07  0.   0.   0.   0.   0.   0.   0.   0.   0.  3.284367638e-08
9.999999776  0.   0.   0.   0.   0.   0.   0.   0.   0.  -1.091530697e-07  0.   0.   0.   0.   0.   0.   0.   0.   0.  2.91604645e-08
10.03999978  0.   0.   0.   0.   0.   0.   0.   0.   0.  -9.764157792e-08  0.   0.   0.   0.   0.   0.   0.   0.   0.  2.58797832e-08
10.07999977  0.   0.   0.   0.   0.   0.   0.   0.   0.  -8.73077763e-08  0.   0.   0.   0.   0.   0.   0.   0.   0.  2.295882911e-08
10.11999977  0.   0.   0.   0.   0.   0.   0.   0.   0.  -7.803510433e-08  0.   0.   0.   0.   0.   0.   0.   0.   0.  2.035921866e-08
10.15999977  0.   0.   0.   0.   0.   0.   0.   0.   0.  -6.971812324e-08  0.   0.   0.   0.   0.   0.   0.   0.   0.  1.804654601e-08
10.19999977  0.   0.   0.   0.   0.   0.   0.   0.   0.  -6.226149767e-08  0.   0.   0.   0.   0.   0.   0.   0.   0.  1.598998368e-08
10.23999977  0.   0.   0.   0.   0.   0.   0.   0.   0.  -5.557906617e-08  0.   0.   0.   0.   0.   0.   0.   0.   0.  1.416192192e-08
10.27999977  0.   0.   0.   0.   0.   0.   0.   0.   0.  -4.959299341e-08  0.   0.   0.   0.   0.   0.   0.   0.   0.  1.253764315e-08
10.31999977  0.   0.   0.   0.   0.   0.   0.   0.   0.  -4.423299712e-08  0.   0.   0.   0.   0.   0.   0.   0.   0.  1.109502827e-08
10.35999977  0.   0.   0.   0.   0.   0.   0.   0.   0.  -3.943564363e-08  0.   0.   0.   0.   0.   0.   0.   0.   0.  9.814291783e-09
10.39999977  0.   0.   0.   0.   0.   0.   0.   0.   0.  -3.51437062e-08  0.   0.   0.   0.   0.   0.   0.   0.   0.  8.677743027e-09
10.43999977  0.   0.   0.   0.   0.   0.   0.   0.   0.  -3.130558082e-08  0.   0.   0.   0.   0.   0.   0.   0.   0.  7.669571012e-09
10.47999977  0.   0.   0.   0.   0.   0.   0.   0.   0.  -2.787475467e-08  0.   0.   0.   0.   0.   0.   0.   0.   0.  6.775650667e-09
10.51999976  0.   0.   0.   0.   0.   0.   0.   0.   0.  -2.48093226e-08  0.   0.   0.   0.   0.   0.   0.   0.   0.  5.983368388e-09
10.55999976  0.   0.   0.   0.   0.   0.   0.   0.   0.  -2.207154765e-08  0.   0.   0.   0.   0.   0.   0.   0.   0.  5.281465067e-09
10.59999976  0.   0.   0.   0.   0.   0.   0.   0.   0.  -1.962746172e-08  0.   0.   0.   0.   0.   0.   0.   0.   0.  4.659894899e-09
10.63999976  0.   0.   0.   0.   0.   0.   0.   0.   0.  -1.744650283e-08  0.   0.   0.   0.   0.   0.   0.   0.   0.  4.109698441e-09
10.67999976  0.   0.   0.   0.   0.   0.   0.   0.   0.  -1.5501186e-08  0.   0.   0.   0.   0.   0.   0.   0.   0.  3.62288853e-09
10.71999976  0.   0.   0.   0.   0.   0.   0.   0.   0.  -1.376680451e-08  0.   0.   0.   0.   0.   0.   0.   0.   0.  3.192347809e-09
10.75999976  0.   0.   0.   0.   0.   0.   0.   0.   0.  -1.222115908e-08  0.   0.   0.   0.   0.   0.   0.   0.   0.  2.811736719e-09
10.79999976  0.   0.   0.   0.   0.   0.   0.   0.   0.  -1.084431234e-08  0.   0.   0.   0.   0.   0.   0.   0.   0.  2.475410919e-09
10.83999976  0.   0.   0.   0.   0.   0.   0.   0.   0.  -9.618366419e-09  0.   0.   0.   0.   0.   0.   0.   0.   0.  2.178347208e-09
10.87999976  0.   0.   0.   0.   0.   0.   0.   0.   0.  -8.527261574e-09  0.   0.   0.   0.   0.   0.   0.   0.   0.  1.916077096e-09
10.91999976  0.   0.   0.   0.   0.   0.   0.   0.   0.  -7.556593884e-09  0.   0.   0.   0.   0.   0.   0.   0.   0.  1.684627269e-09
10.95999976  0.   0.   0.   0.   0.   0.   0.   0.   0.  -6.693450363e-09  0.   0.   0.   0.   0.   0.   0.   0.   0.  1.480466244e-09
10.99999975  0.   0.   0.   0.   0.   0.   0.   0.   0.  -5.926259858e-09  0.   0.   0.   0.   0.   0.   0.   0.   0.  1.300456609e-09
11.03999975  0.   0.   0.   0.   0.   0.   0.   0.   0.  -5.244658305e-09  0.   0.   0.   0.   0.   0.   0.   0.   0.  1.141812259e-09
11.07999975  0.   0.   0.   0.   0.   0.   0.   0.   0.  -4.639367e-09  0.   0.   0.   0.   0.   0.   0.   0.   0.  1.002060149e-09
11.11999975  0.   0.   0.   0.   0.   0.   0.   0.   0.  -4.102082704e-09  0.   0.   0.   0.   0.   0.   0.   0.   0.  8.790060762e-10
11.15999975  0.   0.   0.   0.   0.   0.   0.   0.   0.  -3.625378463e-09  0.   0.   0.   0.   0.   0.   0.   0.   0.  7.707041032e-10
11.19999975  0.   0.   0.   0.   0.   0.   0.   0.   0.  -3.202614142e-09  0.   0.   0.   0.   0.   0.   0.   0.   0.  6.754292283e-10
11.23999975  0.   0.   0.   0.   0.   0.   0.   0.   0.  -2.827855775e-09  0.   0.   0.   0.   0.   0.   0.   0.   0.  5.91652982e-10
11.27999975  0.   0.   0.   0.   0.   0.   0.   0.   0.  -2.495802875e-09  0.   0.   0.   0.   0.   0.   0.   0.   0.  5.180216399e-10
11.31999975  0.   0.   0.   0.   0.   0.   0.   0.   0.  -2.201722972e-09  0.   0.   0.   0.   0.   0.   0.   0.   0.  4.533367819e-10
11.35999975  0.   0.   0.   0.   0.   0.   0.   0.   0.  -1.941392676e-09  0.   0.   0.   0.   0.   0.   0.   0.   0.  3.965379522e-10
11.39999975  0.   0.   0.   0.   0.   0.   0.   0.   0.  -1.711044637e-09  0.   0.   0.   0.   0.   0.   0.   0.   0.  3.466872005e-10
11.43999974  0.   0.   0.   0.   0.   0.   0.   0.   0.  -1.507319846e-09  0.   0.   0.   0.   0.   0.   0.   0.   0.  3.029553069e-10
11.47999974  0.   0.   0.   0.   0.   0.   0.   0.   0.  -1.327224756e-09  0.   0.   0.   0.   0.   0.   0.   0.   0.  2.646095113e-10
11.51999974  0.   0.   0.   0.   0.   0.   0.   0.   0.  -1.168092749e-09  0.   0.   0.   0.   0.   0.   0.   0.   0.  2.310025898e-10
11.55999974  0.   0.   0.   0.   0.   0.   0.   0.   0.  -1.027549526e-09  0.   0.   0.   0.   0.   0.   0.   0.   0.  2.015631327e-10
11.59999974  0.   0.   0.   0.   0.   0.   0.   0.   0.  -9.034820507e-10  0.   0.   0.   0.   0.   0.   0.   0.   0.  1.757868975e-10
11.63999974  0.   0.   0.   0.   0.   0.   0.   0.   0.  -7.940106664e-10  0.   0.   0.   0.   0.   0.   0.   0.   0.  1.532291204e-10
11.67999974  0.   0.   0.   0.   0.   0.   0.   0.   0.  -6.97464105e-10  0.   0.   0.   0.   0.   0.   0.   0.   0.  1.334976842e-10
11.71999974  0.   0.   0.   0.   0.   0.   0.   0.   0.  -6.123570766e-10  0.   0.   0.   0.   0.   0.   0.   0.   0.  1.162470487e-10
11.75999974  0.   0.   0.   0.   0.   0.   0.   0.   0.  -5.373701939e-10  0.   0.   0.   0.   0.   0.   0.   0.   0.  1.011728621e-10
11.79999974  0.   0.   0.   0.   0.   0.   0.   0.   0.  -4.713319927e-10  0.   0.   0.   0.   0.   0.   0.   0.   0.  8.800717911e-11
11.83999974  0.   0.   0.   0.   0.   0.   0.   0.   0.  -4.132028389e-10  0.   0.   0.   0.   0.   0.   0.   0.   0.  7.651421866e-11
11.87999973  0.   0.   0.   0.   0.   0.   0.   0.   0.  -3.620605307e-10  0.   0.   0.   0.   0.   0.   0.   0.   0.  6.648660269e-11
11.91999973  0.   0.   0.   0.   0.   0.   0.   0.   0.  -3.170874228e-10  0.   0.   0.   0.   0.   0.   0.   0.   0.  5.774202301e-11
11.95999973  0.   0.   0.   0.   0.   0.   0.   0.   0.  -2.77558919e-10  0.   0.   0.   0.   0.   0.   0.   0.   0.  5.012028868e-11
11.99999973  0.   0.   0.   0.   0.   0.   0.   0.   0.  -2.428331906e-10  0.   0.   0.   0.   0.   0.   0.   0.   0.  4.348071184e-11
12.03999973  0.   0.   0.   0.   0.   0.   0.   0.   0.  -2.123419965e-10  0.   0.   0.   0.   0.   0.   0.   0.   0.  3.769979419e-11
12.07999973  0.   0.   0.   0.   0.   0.   0.   0.   0.  -1.855824895e-10  0.   0.   0.   0.   0.   0.   0.   0.   0.  3.266918062e-11
12.11999973  0.   0.   0.   0.   0.   0.   0.   0.   0.  -1.621099069e-10  0.   0.   0.   0.   0.   0.   0.   0.   0.  2.829384996e-11
12.15999973  0.   0.   0.   0.   0.   0.   0.   0.   0.  -1.415310535e-10  0.   0.   0.   0.   0.   0.   0.   0.   0.  2.449051612e-11
12.19999973  0.   0.   0.   0.   0.   0.   0.   0.   0.  -1.234984929e-10  0.   0.   0.   0.   0.   0.   0.   0.   0.  2.118621584e-11
12.23999973  0.   0.   0.   0.   0.   0.   0.   0.   0.  -1.077053742e-10  0.   0.   0.   0.   0.   0.   0.   0.   0.  1.831706197e-11
12.27999973  0.   0.   0.   0.   0.   0.   0.   0.   0.  -9.388082491e-11  0.   0.   0.   0.   0.   0.   0.   0.   0.  1.582714324e-11
12.31999972  0.   0.   0.   0.   0.   0.   0.   0.   0.  -8.178585217e-11  0.   0.   0.   0.   0.   0.   0.   0.   0.  1.366755395e-11
12.35999972  0.   0.   0.   0.   0.   0.   0.   0.   0.  -7.12096962e-11  0.   0.   0.   0.   0.   0.   0.   0.   0.  1.179553854e-11
12.39999972  0.   0.   0.   0.   0.   0.   0.   0.   0.  -6.196658889e-11  0.   0.   0.   0.   0.   0.   0.   0.   0.  1.017373792e-11
12.43999972  0.   0.   0.   0.   0.   0.   0.   0.   0.  -5.389287336e-11  0.   0.   0.   0.   0.   0.   0.   0.   0.  8.769525687e-12
12.47999972  0.   0.   0.   0.   0.   0.   0.   0.   0.  -4.684444577e-11  0.   0.   0.   0.   0.   0.   0.   0.   0.  7.554423838e-12
12.51999972  0.   0.   0.   0.   0.   0.   0.   0.   0.  -4.069448433e-11  0.   0.   0.   0.   0.   0.   0.   0.   0.  6.503588768e-12
12.55999972  0.   0.   0.   0.   0.   0.   0.   0.   0.  -3.533143446e-11  0.   0.   0.   0.   0.   0.   0.   0.   0.  5.595359244e-12
12.59999972  0.   0.   0.   0.   0.   0.   0.   0.   0.  -3.065722193e-11  0.   0.   0.   0.   0.   0.   0.   0.   0.  4.810859145e-12
12.63999972  0.   0.   0.   0.   0.   0.   0.   0.   0.  -2.658566903e-11  0.   0.   0.   0.   0.   0.   0.   0.   0.  4.133648488e-12
12.67999972  0.   0.   0.   0.   0.   0.   0.   0.   0.  -2.304109148e-11  0.   0.   0.   0.   0.   0.   0.   0.   0.  3.549417039e-12
12.71999972  0.   0.   0.   0.   0.   0.   0.   0.   0.  -1.995705602e-11  0.   0.   0.   0.   0.   0.   0.   0.   0.  3.045715448e-12
12.75999971  0.   0.   0.   0.   0.   0.   0.   0.   0.  -1.727528087e-11  0.   0.   0.   0.   0.   0.   0.   0.   0.  2.611719434e-12
12.79999971  0.   0.   0.   0.   0.   0.   0.   0.   0.  -1.494466305e-11  0.   0.   0.   0.   0.   0.   0.   0.   0.  2.238023083e-12
12.83999971  0.   0.   0.   0.   0.   0.   0.   0.   0.  -1.292041856e-11  0.   0.   0.   0.   0.   0.   0.   0.   0.  1.916457736e-12
12.87999971  0.   0.   0.   0.   0.   0.   0.   0.   0.  -1.116332245e-11  0.   0.   0.   0.   0.   0.   0.   0.   0.  1.639933408e-12
12.91999971  0.   0.   0.   0.   0.   0.   0.   0.   0.  -9.639037785e-12  0.   0.   0.   0.   0.   0.   0.   0.   0.  1.402299997e-12
12.95999971  0.   0.   0.   0.   0.   0.   0.   0.   0.  -8.317523233e-12  0.   0.   0.   0.   0.   0.   0.   0.   0.  1.198225884e-12
12.99999971  0.   0.   0.   0.   0.   0.   0.   0.   0.  -7.17251044e-12  0.   0.   0.   0.   0.   0.   0.   0.   0.  1.023091805e-12
13.03999971  0.   0.   0.   0.   0.   0.   0.   0.   0.  -6.181043165e-12  0.   0.   0.   0.   0.   0.   0.   0.   0.   0. 
13.07999971  0.   0.   0.   0.   0.   0.   0.   0.   0.  -5.323071122e-12  0.   0.   0.   0.   0.   0.   0.   0.   0.   0. 
13.11999971  0.   0.   0.   0.   0.   0.   0.   0.   0.  -4.581092214e-12  0.   0.   0.   0.   0.   0.   0.   0.   0.   0. 
13.15999971  0.   0.   0.   0.   0.   0.   0.   0.   0.  -3.93983756e-12  0.   0.   0.   0.   0.   0.   0.   0.   0.   0. 
13.1999997  0.   0.   0.   0.   0.   0.   0.   0.   0.  -3.385994365e-12  0.   0.   0.   0.   0.   0.   0.   0.   0.   0. 
13.2399997  0.   0.   0.   0.   0.   0.   0.   0.   0.  -2.907962196e-12  0.   0.   0.   0.   0.   0.   0.   0.   0.   0. 
13.2799997  0.   0.   0.   0.   0.   0.   0.   0.   0.  -2.495638778e-12  0.   0.   0.   0.   0.   0.   0.   0.   0.   0. 
13.3199997  0.   0.   0.   0.   0.   0.   0.   0.   0.  -2.140231819e-12  0.   0.   0.   0.   0.   0.   0.   0.   0.   0. 
13.3599997  0.   0.   0.   0.   0.   0.   0.   0.   0.  -1.834093812e-12  0.   0.   0.   0.   0.   0.   0.   0.   0.   0. 
13.3999997  0.   0.   0.   0.   0.   0.   0.   0.   0.  -1.570577078e-12  0.   0.   0.   0.   0.   0.   0.   0.   0.   0. 
13.4399997  0.   0.   0.   0.   0.   0.   0.   0.   0.  -1.343906641e-12  0.   0.   0.   0.   0.   0.   0.   0.   0.   0. 
13.4799997  0.   0.   0.   0.   0.   0.   0.   0.   0.  -1.149068821e-12  0.   0.   0.   0.   0.   0.   0.   0.   0.   0. 
13.5199997  0.   0.   0.   0.   0.   0.   0.   0.   0.   0.   0.   0.   0.   0.   0.   0.   0.   0.   0.   0. 
13.5599997  0.   0.   0.   0.   0.   0.   0.   0.   0.   0.   0.   0.   0.   0.   0.   0.   0.   0.   0.   0. 
13.5999997  0.   0.   0.   0.   0.   0.   0.   0.   0.   0.   0.   0.   0.   0.   0.   0.   0.   0.   0.   0. 
13.6399997  0.   0.   0.   0.   0.   0.   0.   0.   0.   0.   0.   0.   0.   0.   0.   0.   0.   0.   0.   0. 
13.67999969  0.   0.   0.   0.   0.   0.   0.   0.   0.   0.   0.   0.   0.   0.   0.   0.   0.   0.   0.   0. 
13.71999969  0.   0.   0.   0.   0.   0.   0.   0.   0.   0.   0.   0.   0.   0.   0.   0.   0.   0.   0.   0. 
13.75999969  0.   0.   0.   0.   0.   0.   0.   0.   0.   0.   0.   0.   0.   0.   0.   0.   0.   0.   0.   0. 
13.79999969  0.   0.   0.   0.   0.   0.   0.   0.   0.   0.   0.   0.   0.   0.   0.   0.   0.   0.   0.   0. 
13.83999969  0.   0.   0.   0.   0.   0.   0.   0.   0.   0.   0.   0.   0.   0.   0.   0.   0.   0.   0.   0. 
13.87999969  0.   0.   0.   0.   0.   0.   0.   0.   0.   0.   0.   0.   0.   0.   0.   0.   0.   0.   0.   0. 
13.91999969  0.   0.   0.   0.   0.   0.   0.   0.   0.   0.   0.   0.   0.   0.   0.   0.   0.   0.   0.   0. 
13.95999969  0.   0.   0.   0.   0.   0.   0.   0.   0.   0.   0.   0.   0.   0.   0.   0.   0.   0.   0.   0. 
13.99999969  0.   0.   0.   0.   0.   0.   0.   0.   0.   0.   0.   0.   0.   0.   0.   0.   0.   0.   0.   0. 
14.03999969  0.   0.   0.   0.   0.   0.   0.   0.   0.   0.   0.   0.   0.   0.   0.   0.   0.   0.   0.   0. 
14.07999969  0.   0.   0.   0.   0.   0.   0.   0.   0.   0.   0.   0.   0.   0.   0.   0.   0.   0.   0.   0. 
14.11999968  0.   0.   0.   0.   0.   0.   0.   0.   0.   0.   0.   0.   0.   0.   0.   0.   0.   0.   0.   0. 
14.15999968  0.   0.   0.   0.   0.   0.   0.   0.   0.   0.   0.   0.   0.   0.   0.   0.   0.   0.   0.   0. 
14.19999968  0.   0.   0.   0.   0.   0.   0.   0.   0.   0.   0.   0.   0.   0.   0.   0.   0.   0.   0.   0. 
14.23999968  0.   0.   0.   0.   0.   0.   0.   0.   0.   0.   0.   0.   0.   0.   0.   0.   0.   0.   0.   0. 
14.27999968  0.   0.   0.   0.   0.   0.   0.   0.   0.   0.   0.   0.   0.   0.   0.   0.   0.   0.   0.   0. 
14.31999968  0.   0.   0.   0.   0.   0.   0.   0.   0.   0.   0.   0.   0.   0.   0.   0.   0.   0.   0.   0. 
14.35999968  0.   0.   0.   0.   0.   0.   0.   0.   0.   0.   0.   0.   0.   0.   0.   0.   0.   0.   0.   0. 
14.39999968  0.   0.   0.   0.   0.   0.   0.   0.   0.   0.   0.   0.   0.   0.   0.   0.   0.   0.   0.   0. 
14.43999968  0.   0.   0.   0.   0.   0.   0.   0.   0.   0.   0.   0.   0.   0.   0.   0.   0.   0.   0.   0. 
14.47999968  0.   0.   0.   0.   0.   0.   0.   0.   0.   0.   0.   0.   0.   0.   0.   0.   0.   0.   0.   0. 
14.51999968  0.   0.   0.   0.   0.   0.   0.   0.   0.   0.   0.   0.   0.   0.   0.   0.   0.   0.   0.   0. 
14.55999967  0.   0.   0.   0.   0.   0.   0.   0.   0.   0.   0.   0.   0.   0.   0.   0.   0.   0.   0.   0. 
14.59999967  0.   0.   0.   0.   0.   0.   0.   0.   0.   0.   0.   0.   0.   0.   0.   0.   0.   0.   0.   0. 
14.63999967  0.   0.   0.   0.   0.   0.   0.   0.   0.   0.   0.   0.   0.   0.   0.   0.   0.   0.   0.   0. 
14.67999967  0.   0.   0.   0.   0.   0.   0.   0.   0.   0.   0.   0.   0.   0.   0.   0.   0.   0.   0.   0. 
14.71999967  0.   0.   0.   0.   0.   0.   0.   0.   0.   0.   0.   0.   0.   0.   0.   0.   0.   0.   0.   0. 
14.75999967  0.   0.   0.   0.   0.   0.   0.   0.   0.   0.   0.   0.   0.   0.   0.   0.   0.   0.   0.   0. 
14.79999967  0.   0.   0.   0.   0.   0.   0.   0.   0.   0.   0.   0.   0.   0.   0.   0.   0.   0.   0.   0. 
14.83999967  0.   0.   0.   0.   0.   0.   0.   0.   0.   0.   0.   0.   0.   0.   0.   0.   0.   0.   0.   0. 
14.87999967  0.   0.   0.   0.   0.   0.   0.   0.   0.   0.   0.   0.   0.   0.   0.   0.   0.   0.   0.   0. 
14.91999967  0.   0.   0.   0.   0.   0.   0.   0.   0.   0.   0.   0.   0.   0.   0.   0.   0.   0.   0.   0. 
14.95999967  0.   0.   0.   0.   0.   0.   0.   0.   0.   0.   0.   0.   0.   0.   0.   0.   0.   0.   0.   0. 
14.99999966  0.   0.   0.   0.   0.   0.   0.   0.   0.   0.   0.   0.   0.   0.   0.   0.   0.   0.   0.   0. 
15.03999966  0.   0.   0.   0.   0.   0.   0.   0.   0.   0.   0.   0.   0.   0.   0.   0.   0.   0.   0.   0. 
15.07999966  0.   0.   0.   0.   0.   0.   0.   0.   0.   0.   0.   0.   0.   0.   0.   0.   0.   0.   0.   0. 
15.11999966  0.   0.   0.   0.   0.   0.   0.   0.   0.   0.   0.   0.   0.   0.   0.   0.   0.   0.   0.   0. 
15.15999966  0.   0.   0.   0.   0.   0.   0.   0.   0.   0.   0.   0.   0.   0.   0.   0.   0.   0.   0.   0. 
15.19999966  0.   0.   0.   0.   0.   0.   0.   0.   0.   0.   0.   0.   0.   0.   0.   0.   0.   0.   0.   0. 
15.23999966  0.   0.   0.   0.   0.   0.   0.   0.   0.   0.   0.   0.   0.   0.   0.   0.   0.   0.   0.   0. 
15.27999966  0.   0.   0.   0.   0.   0.   0.   0.   0.   0.   0.   0.   0.   0.   0.   0.   0.   0.   0.   0. 
15.31999966  0.   0.   0.   0.   0.   0.   0.   0.   0.   0.   0.   0.   0.   0.   0.   0.   0.   0.   0.   0. 
15.35999966  0.   0.   0.   0.   0.   0.   0.   0.   0.   0.   0.   0.   0.   0.   0.   0.   0.   0.   0.   0. 
15.39999966  0.   0.   0.   0.   0.   0.   0.   0.   0.   0.   0.   0.   0.   0.   0.   0.   0.   0.   0.   0. 
15.43999965  0.   0.   0.   0.   0.   0.   0.   0.   0.   0.   0.   0.   0.   0.   0.   0.   0.   0.   0.   0. 
15.47999965  0.   0.   0.   0.   0.   0.   0.   0.   0.   0.   0.   0.   0.   0.   0.   0.   0.   0.   0.   0. 
15.51999965  0.   0.   0.   0.   0.   0.   0.   0.   0.   0.   0.   0.   0.   0.   0.   0.   0.   0.   0.   0. 
15.55999965  0.   0.   0.   0.   0.   0.   0.   0.   0.   0.   0.   0.   0.   0.   0.   0.   0.   0.   0.   0. 
15.59999965  0.   0.   0.   0.   0.   0.   0.   0.   0.   0.   0.   0.   0.   0.   0.   0.   0.   0.   0.   0. 
15.63999965  0.   0.   0.   0.   0.   0.   0.   0.   0.   0.   0.   0.   0.   0.   0.   0.   0.   0.   0.   0. 
15.67999965  0.   0.   0.   0.   0.   0.   0.   0.   0.   0.   0.   0.   0.   0.   0.   0.   0.   0.   0.   0. 
15.71999965  0.   0.   0.   0.   0.   0.   0.   0.   0.   0.   0.   0.   0.   0.   0.   0.   0.   0.   0.   0. 
15.75999965  0.   0.   0.   0.   0.   0.   0.   0.   0.   0.   0.   0.   0.   0.   0.   0.   0.   0.   0.   0. 
15.79999965  0.   0.   0.   0.   0.   0.   0.   0.   0.   0.   0.   0.   0.   0.   0.   0.   0.   0.   0.   0. 
15.83999965  0.   0.   0.   0.   0.   0.   0.   0.   0.   0.   0.   0.   0.   0.   0.   0.   0.   0.   0.   0. 
15.87999965  0.   0.   0.   0.   0.   0.   0.   0.   0.   0.   0.   0.   0.   0.   0.   0.   0.   0.   0.   0. 
15.91999964  0.   0.   0.   0.   0.   0.   0.   0.   0.   0.   0.   0.   0.   0.   0.   0.   0.   0.   0.   0. 
15.95999964  0.   0.   0.   0.   0.   0.   0.   0.   0.   0.   0.   0.   0.   0.   0.   0.   0.   0.   0.   0. 
15.99999964  0.   0.   0.   0.   0.   0.   0.   0.   0.   0.   0.   0.   0.   0.   0.   0.   0.   0.   0.   0. 
