slako_comment=
H xc=PW92 charge=0.0 conf:quadratic r0=1.304
O xc=PW92 charge=0.0 conf:quadratic r0=2.553
Fri Aug  1 09:54:37 2008 


H_O_table=
1.000000e+00 0. 0. 0. 0. 0. 0. 0. 0. 7.265656e-01 9.598221e-01 0. 0. 0. 0. 0. 0. 0. 0. -5.536667e-01 -6.779108e-01
3.750000e+00 0. 0. 0. 0. 0. 0. 0. 0. 4.742003e-02 3.068672e-02 0. 0. 0. 0. 0. 0. 0. 0. -3.530979e-02 -1.781870e-02
6.500000e+00 0. 0. 0. 0. 0. 0. 0. 0. 2.665275e-04 9.601269e-05 0. 0. 0. 0. 0. 0. 0. 0. -8.708467e-05 -2.800907e-05
9.250000e+00 0. 0. 0. 0. 0. 0. 0. 0. 7.595675e-08 1.993229e-08 0. 0. 0. 0. 0. 0. 0. 0. -1.434139e-08 -3.485601e-09
1.200000e+01 0. 0. 0. 0. 0. 0. 0. 0. 3.813387e-13 9.055789e-14 0. 0. 0. 0. 0. 0. 0. 0. -5.980686e-14 -1.316524e-14



O_H_table=
1.000000e+00 0. 0. 0. 0. 0. 0. 0. 0. 0. 9.528276e-01 0. 0. 0. 0. 0. 0. 0. 0. 0. -6.779108e-01
3.750000e+00 0. 0. 0. 0. 0. 0. 0. 0. 0. 3.041225e-02 0. 0. 0. 0. 0. 0. 0. 0. 0. -1.781870e-02
6.500000e+00 0. 0. 0. 0. 0. 0. 0. 0. 0. 9.548272e-05 0. 0. 0. 0. 0. 0. 0. 0. 0. -2.800907e-05
9.250000e+00 0. 0. 0. 0. 0. 0. 0. 0. 0. 2.320151e-08 0. 0. 0. 0. 0. 0. 0. 0. 0. -3.485601e-09
1.200000e+01 0. 0. 0. 0. 0. 0. 0. 0. 0. 1.583480e-13 0. 0. 0. 0. 0. 0. 0. 0. 0. -1.316524e-14



