slako_comment=
Na xc=PW92 charge=0.0 conf:frauenheim r0=5.365
O xc=PW92 charge=0.0 conf:frauenheim r0=2.553
Fri Aug  1 11:03:34 2008 


Na_O_table=
1.000000e-03 0. 0. 0. 0. 0. -1.040977e+00 -1.040377e+00 0. 1.397862e-03 -1.170981e+00 0. 0. 0. 0. 0. -1.619546e-01 -1.618595e-01 0. 3.257845e-04 -2.284680e-01
1.334222e+00 0. 0. 0. 0. 0. 4.346666e-01 1.258032e-01 0. -3.233619e-01 2.575274e-01 0. 0. 0. 0. 0. -3.254021e-01 -2.930763e-01 0. 1.453871e-01 -3.574027e-01
2.667444e+00 0. 0. 0. 0. 0. -4.900405e-02 1.385396e-01 0. 9.080605e-02 3.511992e-01 0. 0. 0. 0. 0. 8.492881e-02 -2.065756e-01 0. -1.300135e-01 -3.421753e-01
4.000667e+00 0. 0. 0. 0. 0. -1.280805e-01 5.574269e-02 0. 9.850383e-02 1.695571e-01 0. 0. 0. 0. 0. 2.026970e-01 -7.925428e-02 0. -1.358009e-01 -1.622200e-01
5.333889e+00 0. 0. 0. 0. 0. -7.342781e-02 1.590263e-02 0. 4.350200e-02 5.226516e-02 0. 0. 0. 0. 0. 1.050414e-01 -1.987925e-02 0. -5.479586e-02 -4.680792e-02
6.667111e+00 0. 0. 0. 0. 0. -2.529236e-02 3.367938e-03 0. 1.248359e-02 1.137327e-02 0. 0. 0. 0. 0. 2.977443e-02 -3.471531e-03 0. -1.316527e-02 -9.035433e-03
8.000333e+00 0. 0. 0. 0. 0. -5.831158e-03 5.285041e-04 0. 2.490228e-03 1.797003e-03 0. 0. 0. 0. 0. 5.404380e-03 -4.350938e-04 0. -2.105366e-03 -1.219317e-03
9.333556e+00 0. 0. 0. 0. 0. -9.273505e-04 6.096844e-05 0. 3.513989e-04 2.078384e-04 0. 0. 0. 0. 0. 6.697972e-04 -3.977525e-05 0. -2.352831e-04 -1.178577e-04
1.066678e+01 0. 0. 0. 0. 0. -1.032331e-04 5.136456e-06 0. 3.535545e-05 1.755652e-05 0. 0. 0. 0. 0. 5.831541e-05 -2.628196e-06 0. -1.877751e-05 -8.165160e-06
1.200000e+01 0. 0. 0. 0. 0. -8.014998e-06 3.064245e-07 0. 2.521507e-06 1.051587e-06 0. 0. 0. 0. 0. 3.410539e-06 -1.179090e-07 0. -1.027836e-06 -3.808038e-07



O_Na_table=
1.000000e-03 0. 0. 0. 0. 0. -1.040978e+00 -1.040379e+00 0. 5.575700e-03 -1.171200e+00 0. 0. 0. 0. 0. -1.619546e-01 -1.618595e-01 0. -4.623083e-04 -2.284680e-01
1.334222e+00 0. 0. 0. 0. 0. 4.346937e-01 1.259032e-01 0. 2.373033e-01 2.576941e-01 0. 0. 0. 0. 0. -3.254021e-01 -2.930763e-01 0. -3.611915e-01 -3.574027e-01
2.667444e+00 0. 0. 0. 0. 0. -4.902100e-02 1.386228e-01 0. 4.730843e-01 3.513241e-01 0. 0. 0. 0. 0. 8.492881e-02 -2.065756e-01 0. -4.956003e-01 -3.421753e-01
4.000667e+00 0. 0. 0. 0. 0. -1.281313e-01 5.577639e-02 0. 2.833978e-01 1.696056e-01 0. 0. 0. 0. 0. 2.026970e-01 -7.925428e-02 0. -2.914336e-01 -1.622200e-01
5.333889e+00 0. 0. 0. 0. 0. -7.348815e-02 1.591644e-02 0. 1.030733e-01 5.228877e-02 0. 0. 0. 0. 0. 1.050414e-01 -1.987925e-02 0. -9.903145e-02 -4.680792e-02
6.667111e+00 0. 0. 0. 0. 0. -2.530300e-02 3.370787e-03 0. 2.566954e-02 1.137606e-02 0. 0. 0. 0. 0. 2.977443e-02 -3.471531e-03 0. -2.180899e-02 -9.035433e-03
8.000333e+00 0. 0. 0. 0. 0. -5.832864e-03 5.286834e-04 0. 4.547228e-03 1.797264e-03 0. 0. 0. 0. 0. 5.404380e-03 -4.350938e-04 0. -3.283562e-03 -1.219317e-03
9.333556e+00 0. 0. 0. 0. 0. -9.288018e-04 6.089321e-05 0. 5.797370e-04 2.076266e-04 0. 0. 0. 0. 0. 6.697972e-04 -3.977525e-05 0. -3.482455e-04 -1.178577e-04
1.066678e+01 0. 0. 0. 0. 0. -1.021877e-04 4.903618e-06 0. 5.132591e-05 1.699332e-05 0. 0. 0. 0. 0. 5.831541e-05 -2.628196e-06 0. -2.606203e-05 -8.165160e-06
1.200000e+01 0. 0. 0. 0. 0. -7.103334e-06 2.560897e-07 0. 2.845823e-06 8.948692e-07 0. 0. 0. 0. 0. 3.410539e-06 -1.179090e-07 0. -1.285659e-06 -3.808038e-07



