slako_comment=
C xc=PW92 charge=0.0 conf:quadratic r0=2.657
H xc=PW92 charge=0.0 conf:quadratic r0=1.084
Tue Mar  2 11:24:06 2010 


C_H_table=
1.000000e+00 0. 0. 0. 0. 0. 0. 0. 0. 0. 5.902586e-01 0. 0. 0. 0. 0. 0. 0. 0. 0. -6.251192e-01
1.224490e+00 0. 0. 0. 0. 0. 0. 0. 0. 0. 5.446496e-01 0. 0. 0. 0. 0. 0. 0. 0. 0. -5.643228e-01
1.448980e+00 0. 0. 0. 0. 0. 0. 0. 0. 0. 4.816418e-01 0. 0. 0. 0. 0. 0. 0. 0. 0. -4.938432e-01
1.673469e+00 0. 0. 0. 0. 0. 0. 0. 0. 0. 4.128811e-01 0. 0. 0. 0. 0. 0. 0. 0. 0. -4.192953e-01
1.897959e+00 0. 0. 0. 0. 0. 0. 0. 0. 0. 3.454409e-01 0. 0. 0. 0. 0. 0. 0. 0. 0. -3.457904e-01
2.122449e+00 0. 0. 0. 0. 0. 0. 0. 0. 0. 2.832327e-01 0. 0. 0. 0. 0. 0. 0. 0. 0. -2.773765e-01
2.346939e+00 0. 0. 0. 0. 0. 0. 0. 0. 0. 2.281290e-01 0. 0. 0. 0. 0. 0. 0. 0. 0. -2.167341e-01
2.571429e+00 0. 0. 0. 0. 0. 0. 0. 0. 0. 1.807389e-01 0. 0. 0. 0. 0. 0. 0. 0. 0. -1.652050e-01
2.795918e+00 0. 0. 0. 0. 0. 0. 0. 0. 0. 1.409114e-01 0. 0. 0. 0. 0. 0. 0. 0. 0. -1.229937e-01
3.020408e+00 0. 0. 0. 0. 0. 0. 0. 0. 0. 1.081180e-01 0. 0. 0. 0. 0. 0. 0. 0. 0. -8.954114e-02
3.244898e+00 0. 0. 0. 0. 0. 0. 0. 0. 0. 8.162548e-02 0. 0. 0. 0. 0. 0. 0. 0. 0. -6.381004e-02
3.469388e+00 0. 0. 0. 0. 0. 0. 0. 0. 0. 6.063033e-02 0. 0. 0. 0. 0. 0. 0. 0. 0. -4.455474e-02
3.693878e+00 0. 0. 0. 0. 0. 0. 0. 0. 0. 4.427385e-02 0. 0. 0. 0. 0. 0. 0. 0. 0. -3.049823e-02
3.918367e+00 0. 0. 0. 0. 0. 0. 0. 0. 0. 3.177898e-02 0. 0. 0. 0. 0. 0. 0. 0. 0. -2.047934e-02
4.142857e+00 0. 0. 0. 0. 0. 0. 0. 0. 0. 2.241526e-02 0. 0. 0. 0. 0. 0. 0. 0. 0. -1.349597e-02
4.367347e+00 0. 0. 0. 0. 0. 0. 0. 0. 0. 1.552934e-02 0. 0. 0. 0. 0. 0. 0. 0. 0. -8.730915e-03
4.591837e+00 0. 0. 0. 0. 0. 0. 0. 0. 0. 1.056744e-02 0. 0. 0. 0. 0. 0. 0. 0. 0. -5.546624e-03
4.816327e+00 0. 0. 0. 0. 0. 0. 0. 0. 0. 7.060858e-03 0. 0. 0. 0. 0. 0. 0. 0. 0. -3.460839e-03
5.040816e+00 0. 0. 0. 0. 0. 0. 0. 0. 0. 4.630287e-03 0. 0. 0. 0. 0. 0. 0. 0. 0. -2.120870e-03
5.265306e+00 0. 0. 0. 0. 0. 0. 0. 0. 0. 2.981540e-03 0. 0. 0. 0. 0. 0. 0. 0. 0. -1.276964e-03
5.489796e+00 0. 0. 0. 0. 0. 0. 0. 0. 0. 1.884143e-03 0. 0. 0. 0. 0. 0. 0. 0. 0. -7.553038e-04
5.714286e+00 0. 0. 0. 0. 0. 0. 0. 0. 0. 1.168541e-03 0. 0. 0. 0. 0. 0. 0. 0. 0. -4.389291e-04
5.938776e+00 0. 0. 0. 0. 0. 0. 0. 0. 0. 7.112660e-04 0. 0. 0. 0. 0. 0. 0. 0. 0. -2.506139e-04
6.163265e+00 0. 0. 0. 0. 0. 0. 0. 0. 0. 4.248412e-04 0. 0. 0. 0. 0. 0. 0. 0. 0. -1.405888e-04
6.387755e+00 0. 0. 0. 0. 0. 0. 0. 0. 0. 2.490028e-04 0. 0. 0. 0. 0. 0. 0. 0. 0. -7.748673e-05
6.612245e+00 0. 0. 0. 0. 0. 0. 0. 0. 0. 1.432114e-04 0. 0. 0. 0. 0. 0. 0. 0. 0. -4.195909e-05
6.836735e+00 0. 0. 0. 0. 0. 0. 0. 0. 0. 8.081937e-05 0. 0. 0. 0. 0. 0. 0. 0. 0. -2.232178e-05
7.061224e+00 0. 0. 0. 0. 0. 0. 0. 0. 0. 4.475053e-05 0. 0. 0. 0. 0. 0. 0. 0. 0. -1.166392e-05
7.285714e+00 0. 0. 0. 0. 0. 0. 0. 0. 0. 2.431539e-05 0. 0. 0. 0. 0. 0. 0. 0. 0. -5.985200e-06
7.510204e+00 0. 0. 0. 0. 0. 0. 0. 0. 0. 1.296440e-05 0. 0. 0. 0. 0. 0. 0. 0. 0. -3.014387e-06
7.734694e+00 0. 0. 0. 0. 0. 0. 0. 0. 0. 6.782703e-06 0. 0. 0. 0. 0. 0. 0. 0. 0. -1.489482e-06
7.959184e+00 0. 0. 0. 0. 0. 0. 0. 0. 0. 3.481150e-06 0. 0. 0. 0. 0. 0. 0. 0. 0. -7.212975e-07
8.183673e+00 0. 0. 0. 0. 0. 0. 0. 0. 0. 1.752269e-06 0. 0. 0. 0. 0. 0. 0. 0. 0. -3.418445e-07
8.408163e+00 0. 0. 0. 0. 0. 0. 0. 0. 0. 8.642594e-07 0. 0. 0. 0. 0. 0. 0. 0. 0. -1.584584e-07
8.632653e+00 0. 0. 0. 0. 0. 0. 0. 0. 0. 4.172120e-07 0. 0. 0. 0. 0. 0. 0. 0. 0. -7.158606e-08
8.857143e+00 0. 0. 0. 0. 0. 0. 0. 0. 0. 1.967989e-07 0. 0. 0. 0. 0. 0. 0. 0. 0. -3.150096e-08
9.081633e+00 0. 0. 0. 0. 0. 0. 0. 0. 0. 9.058220e-08 0. 0. 0. 0. 0. 0. 0. 0. 0. -1.348528e-08
9.306122e+00 0. 0. 0. 0. 0. 0. 0. 0. 0. 4.049703e-08 0. 0. 0. 0. 0. 0. 0. 0. 0. -5.572586e-09
9.530612e+00 0. 0. 0. 0. 0. 0. 0. 0. 0. 1.757040e-08 0. 0. 0. 0. 0. 0. 0. 0. 0. -2.231034e-09
9.755102e+00 0. 0. 0. 0. 0. 0. 0. 0. 0. 7.352192e-09 0. 0. 0. 0. 0. 0. 0. 0. 0. -8.564731e-10
9.979592e+00 0. 0. 0. 0. 0. 0. 0. 0. 0. 2.967547e-09 0. 0. 0. 0. 0. 0. 0. 0. 0. -3.169509e-10
1.020408e+01 0. 0. 0. 0. 0. 0. 0. 0. 0. 1.157298e-09 0. 0. 0. 0. 0. 0. 0. 0. 0. -1.136118e-10
1.042857e+01 0. 0. 0. 0. 0. 0. 0. 0. 0. 4.275977e-10 0. 0. 0. 0. 0. 0. 0. 0. 0. -3.838337e-11
1.065306e+01 0. 0. 0. 0. 0. 0. 0. 0. 0. 1.510745e-10 0. 0. 0. 0. 0. 0. 0. 0. 0. -1.239423e-11
1.087755e+01 0. 0. 0. 0. 0. 0. 0. 0. 0. 5.062044e-11 0. 0. 0. 0. 0. 0. 0. 0. 0. -3.791072e-12
1.110204e+01 0. 0. 0. 0. 0. 0. 0. 0. 0. 1.610756e-11 0. 0. 0. 0. 0. 0. 0. 0. 0. -1.103259e-12
1.132653e+01 0. 0. 0. 0. 0. 0. 0. 0. 0. 4.814983e-12 0. 0. 0. 0. 0. 0. 0. 0. 0. -3.018563e-13
1.155102e+01 0. 0. 0. 0. 0. 0. 0. 0. 0. 1.358207e-12 0. 0. 0. 0. 0. 0. 0. 0. 0. -7.824338e-14
1.177551e+01 0. 0. 0. 0. 0. 0. 0. 0. 0. 3.724588e-13 0. 0. 0. 0. 0. 0. 0. 0. 0. -1.982506e-14
1.200000e+01 0. 0. 0. 0. 0. 0. 0. 0. 0. 0. 0. 0. 0. 0. 0. 0. 0. 0. 0. 0.



H_C_table=
1.000000e+00 0. 0. 0. 0. 0. 0. 0. 0. 5.850189e-01 5.902242e-01 0. 0. 0. 0. 0. 0. 0. 0. -6.057297e-01 -6.251192e-01
1.224490e+00 0. 0. 0. 0. 0. 0. 0. 0. 5.431168e-01 5.446838e-01 0. 0. 0. 0. 0. 0. 0. 0. -6.127634e-01 -5.643228e-01
1.448980e+00 0. 0. 0. 0. 0. 0. 0. 0. 4.864162e-01 4.816795e-01 0. 0. 0. 0. 0. 0. 0. 0. -5.829038e-01 -4.938432e-01
1.673469e+00 0. 0. 0. 0. 0. 0. 0. 0. 4.253665e-01 4.129224e-01 0. 0. 0. 0. 0. 0. 0. 0. -5.277794e-01 -4.192953e-01
1.897959e+00 0. 0. 0. 0. 0. 0. 0. 0. 3.655992e-01 3.454839e-01 0. 0. 0. 0. 0. 0. 0. 0. -4.584617e-01 -3.457904e-01
2.122449e+00 0. 0. 0. 0. 0. 0. 0. 0. 3.098131e-01 2.832785e-01 0. 0. 0. 0. 0. 0. 0. 0. -3.842390e-01 -2.773765e-01
2.346939e+00 0. 0. 0. 0. 0. 0. 0. 0. 2.591108e-01 2.281731e-01 0. 0. 0. 0. 0. 0. 0. 0. -3.120150e-01 -2.167341e-01
2.571429e+00 0. 0. 0. 0. 0. 0. 0. 0. 2.138228e-01 1.807749e-01 0. 0. 0. 0. 0. 0. 0. 0. -2.462860e-01 -1.652050e-01
2.795918e+00 0. 0. 0. 0. 0. 0. 0. 0. 1.739447e-01 1.409432e-01 0. 0. 0. 0. 0. 0. 0. 0. -1.894143e-01 -1.229937e-01
3.020408e+00 0. 0. 0. 0. 0. 0. 0. 0. 1.393405e-01 1.081475e-01 0. 0. 0. 0. 0. 0. 0. 0. -1.422049e-01 -8.954114e-02
3.244898e+00 0. 0. 0. 0. 0. 0. 0. 0. 1.097948e-01 8.165254e-02 0. 0. 0. 0. 0. 0. 0. 0. -1.043709e-01 -6.381004e-02
3.469388e+00 0. 0. 0. 0. 0. 0. 0. 0. 8.502115e-02 6.064318e-02 0. 0. 0. 0. 0. 0. 0. 0. -7.497488e-02 -4.455474e-02
3.693878e+00 0. 0. 0. 0. 0. 0. 0. 0. 6.464998e-02 4.428524e-02 0. 0. 0. 0. 0. 0. 0. 0. -5.275179e-02 -3.049823e-02
3.918367e+00 0. 0. 0. 0. 0. 0. 0. 0. 4.824563e-02 3.178750e-02 0. 0. 0. 0. 0. 0. 0. 0. -3.637907e-02 -2.047934e-02
4.142857e+00 0. 0. 0. 0. 0. 0. 0. 0. 3.531930e-02 2.241986e-02 0. 0. 0. 0. 0. 0. 0. 0. -2.460148e-02 -1.349597e-02
4.367347e+00 0. 0. 0. 0. 0. 0. 0. 0. 2.535704e-02 1.553305e-02 0. 0. 0. 0. 0. 0. 0. 0. -1.631936e-02 -8.730915e-03
4.591837e+00 0. 0. 0. 0. 0. 0. 0. 0. 1.784974e-02 1.056908e-02 0. 0. 0. 0. 0. 0. 0. 0. -1.062248e-02 -5.546624e-03
4.816327e+00 0. 0. 0. 0. 0. 0. 0. 0. 1.231819e-02 7.061182e-03 0. 0. 0. 0. 0. 0. 0. 0. -6.785962e-03 -3.460839e-03
5.040816e+00 0. 0. 0. 0. 0. 0. 0. 0. 8.333037e-03 4.631190e-03 0. 0. 0. 0. 0. 0. 0. 0. -4.254758e-03 -2.120870e-03
5.265306e+00 0. 0. 0. 0. 0. 0. 0. 0. 5.525954e-03 2.981749e-03 0. 0. 0. 0. 0. 0. 0. 0. -2.619157e-03 -1.276964e-03
5.489796e+00 0. 0. 0. 0. 0. 0. 0. 0. 3.591962e-03 1.884227e-03 0. 0. 0. 0. 0. 0. 0. 0. -1.582856e-03 -7.553038e-04
5.714286e+00 0. 0. 0. 0. 0. 0. 0. 0. 2.288688e-03 1.168571e-03 0. 0. 0. 0. 0. 0. 0. 0. -9.392369e-04 -4.389291e-04
5.938776e+00 0. 0. 0. 0. 0. 0. 0. 0. 1.429487e-03 7.112335e-04 0. 0. 0. 0. 0. 0. 0. 0. -5.472417e-04 -2.506139e-04
6.163265e+00 0. 0. 0. 0. 0. 0. 0. 0. 8.752339e-04 4.247975e-04 0. 0. 0. 0. 0. 0. 0. 0. -3.130867e-04 -1.405888e-04
6.387755e+00 0. 0. 0. 0. 0. 0. 0. 0. 5.253101e-04 2.489614e-04 0. 0. 0. 0. 0. 0. 0. 0. -1.758887e-04 -7.748673e-05
6.612245e+00 0. 0. 0. 0. 0. 0. 0. 0. 3.090652e-04 1.431653e-04 0. 0. 0. 0. 0. 0. 0. 0. -9.702780e-05 -4.195909e-05
6.836735e+00 0. 0. 0. 0. 0. 0. 0. 0. 1.782242e-04 8.076503e-05 0. 0. 0. 0. 0. 0. 0. 0. -5.255653e-05 -2.232178e-05
7.061224e+00 0. 0. 0. 0. 0. 0. 0. 0. 1.007006e-04 4.468479e-05 0. 0. 0. 0. 0. 0. 0. 0. -2.794709e-05 -1.166392e-05
7.285714e+00 0. 0. 0. 0. 0. 0. 0. 0. 5.572158e-05 2.423514e-05 0. 0. 0. 0. 0. 0. 0. 0. -1.458550e-05 -5.985200e-06
7.510204e+00 0. 0. 0. 0. 0. 0. 0. 0. 3.016038e-05 1.287154e-05 0. 0. 0. 0. 0. 0. 0. 0. -7.466614e-06 -3.014387e-06
7.734694e+00 0. 0. 0. 0. 0. 0. 0. 0. 1.596697e-05 6.692987e-06 0. 0. 0. 0. 0. 0. 0. 0. -3.747729e-06 -1.489482e-06
7.959184e+00 0. 0. 0. 0. 0. 0. 0. 0. 8.254980e-06 3.402505e-06 0. 0. 0. 0. 0. 0. 0. 0. -1.842193e-06 -7.212975e-07
8.183673e+00 0. 0. 0. 0. 0. 0. 0. 0. 4.159207e-06 1.687796e-06 0. 0. 0. 0. 0. 0. 0. 0. -8.854524e-07 -3.418445e-07
8.408163e+00 0. 0. 0. 0. 0. 0. 0. 0. 2.042342e-06 8.167859e-07 0. 0. 0. 0. 0. 0. 0. 0. -4.159430e-07 -1.584584e-07
8.632653e+00 0. 0. 0. 0. 0. 0. 0. 0. 9.722819e-07 3.837737e-07 0. 0. 0. 0. 0. 0. 0. 0. -1.902211e-07 -7.158606e-08
8.857143e+00 0. 0. 0. 0. 0. 0. 0. 0. 4.490246e-07 1.751181e-07 0. 0. 0. 0. 0. 0. 0. 0. -8.465909e-08 -3.150096e-08
9.081633e+00 0. 0. 0. 0. 0. 0. 0. 0. 2.009926e-07 7.752443e-08 0. 0. 0. 0. 0. 0. 0. 0. -3.662351e-08 -1.348528e-08
9.306122e+00 0. 0. 0. 0. 0. 0. 0. 0. 8.631822e-08 3.298054e-08 0. 0. 0. 0. 0. 0. 0. 0. -1.527324e-08 -5.572586e-09
9.530612e+00 0. 0. 0. 0. 0. 0. 0. 0. 3.581325e-08 1.356428e-08 0. 0. 0. 0. 0. 0. 0. 0. -6.166662e-09 -2.231034e-09
9.755102e+00 0. 0. 0. 0. 0. 0. 0. 0. 1.416798e-08 5.327125e-09 0. 0. 0. 0. 0. 0. 0. 0. -2.384364e-09 -8.564731e-10
9.979592e+00 0. 0. 0. 0. 0. 0. 0. 0. 5.389816e-09 2.013045e-09 0. 0. 0. 0. 0. 0. 0. 0. -8.881567e-10 -3.169509e-10
1.020408e+01 0. 0. 0. 0. 0. 0. 0. 0. 1.984947e-09 7.364524e-10 0. 0. 0. 0. 0. 0. 0. 0. -3.203918e-10 -1.136118e-10
1.042857e+01 0. 0. 0. 0. 0. 0. 0. 0. 6.845797e-10 2.527237e-10 0. 0. 0. 0. 0. 0. 0. 0. -1.087790e-10 -3.838337e-11
1.065306e+01 0. 0. 0. 0. 0. 0. 0. 0. 2.251310e-10 8.274790e-11 0. 0. 0. 0. 0. 0. 0. 0. -3.527690e-11 -1.239423e-11
1.087755e+01 0. 0. 0. 0. 0. 0. 0. 0. 6.989275e-11 2.559900e-11 0. 0. 0. 0. 0. 0. 0. 0. -1.082822e-11 -3.791072e-12
1.110204e+01 0. 0. 0. 0. 0. 0. 0. 0. 2.060718e-11 7.524393e-12 0. 0. 0. 0. 0. 0. 0. 0. -3.160818e-12 -1.103259e-12
1.132653e+01 0. 0. 0. 0. 0. 0. 0. 0. 5.694600e-12 2.074520e-12 0. 0. 0. 0. 0. 0. 0. 0. -8.668373e-13 -3.018563e-13
1.155102e+01 0. 0. 0. 0. 0. 0. 0. 0. 1.488935e-12 5.412488e-13 0. 0. 0. 0. 0. 0. 0. 0. -2.251752e-13 -7.824338e-14
1.177551e+01 0. 0. 0. 0. 0. 0. 0. 0. 3.817221e-13 1.383589e-13 0. 0. 0. 0. 0. 0. 0. 0. -5.720967e-14 -1.982506e-14
1.200000e+01 0. 0. 0. 0. 0. 0. 0. 0. 0. 0. 0. 0. 0. 0. 0. 0. 0. 0. 0. 0.



