slako_comment=
Au xc=PW92 charge=0.0 conf:frauenheim r0=5.140
Wed Nov 25 11:28:23 2009 


Au_Au_table=
1.000000e-01 -3.602390e+00 -3.130223e+00 -6.090361e+00 -9.513353e-01 -3.176169e-01 -6.781145e-01 -1.178992e+00 1.100425e+00 -3.040169e-01 -1.701602e+00 9.682911e-01 9.714594e-01 9.895668e-01 2.784529e-02 2.427677e-02 9.900506e-01 9.961264e-01 -1.436960e-03 4.525101e-02 9.929443e-01
2.505051e-01 -3.122443e+00 -1.961484e+00 -3.635833e+00 -1.663396e-01 -6.736485e-01 -1.425119e-01 -7.202728e-01 7.119626e-02 -4.051610e-01 -1.108467e+00 8.771853e-01 8.873516e-01 9.546747e-01 5.220527e-02 5.299185e-02 9.551665e-01 9.826340e-01 9.885249e-03 1.073111e-01 9.698866e-01
4.010101e-01 -1.207974e+00 -1.057863e+00 -2.878328e+00 -5.735701e-01 -6.992961e-01 -2.312272e-01 -5.251761e-01 1.390904e-01 -2.367894e-01 -7.697621e-01 7.535846e-01 7.729710e-01 9.086352e-01 5.989361e-02 7.069552e-02 9.087743e-01 9.638826e-01 3.099640e-02 1.607606e-01 9.397261e-01
5.515152e-01 -1.489210e+00 -4.033844e-01 -2.266022e+00 -7.493810e-02 -6.717969e-01 2.718100e-03 -4.134903e-01 -3.270862e-01 -3.293899e-01 -7.066348e-01 6.341815e-01 6.482628e-01 8.544570e-01 4.556016e-02 7.693605e-02 8.519951e-01 9.411785e-01 6.170107e-02 2.082395e-01 9.066879e-01
7.020202e-01 -1.593365e+00 -4.789206e-01 -1.870325e+00 9.142636e-02 -5.062525e-01 2.656206e-02 -3.166839e-01 -3.902426e-01 -2.654685e-01 -5.668081e-01 5.078712e-01 5.232697e-01 7.968307e-01 2.346139e-02 7.328798e-02 7.919896e-01 9.155853e-01 8.991734e-02 2.473201e-01 8.704334e-01
8.525253e-01 -9.585228e-01 -4.741492e-01 -1.627830e+00 -9.885195e-02 -4.155454e-01 -6.675658e-02 -2.646213e-01 -2.374703e-01 -1.719076e-01 -4.589652e-01 3.669878e-01 3.921217e-01 7.369667e-01 -1.566386e-03 6.380122e-02 7.296422e-01 8.882569e-01 1.146041e-01 2.803035e-01 8.336596e-01
1.003030e+00 -2.487110e-01 -2.081837e-01 -1.436818e+00 -2.057519e-01 -3.970889e-01 -7.389649e-02 -2.368230e-01 -2.076541e-01 -1.673758e-01 -4.312229e-01 2.289660e-01 2.550489e-01 6.747737e-01 -3.563285e-02 4.964321e-02 6.624962e-01 8.594839e-01 1.405149e-01 3.100981e-01 7.981572e-01
1.153535e+00 1.627447e-01 1.636568e-01 -1.252247e+00 -1.214470e-01 -3.850677e-01 -4.342598e-03 -2.113878e-01 -3.102987e-01 -2.071844e-01 -4.265641e-01 1.146396e-01 1.202393e-01 6.111583e-01 -8.113125e-02 3.012052e-02 5.916666e-01 8.290713e-01 1.674942e-01 3.362553e-01 7.631318e-01
1.304040e+00 2.659817e-01 4.942032e-01 -1.068877e+00 6.394604e-02 -3.472487e-01 6.935782e-02 -1.830003e-01 -4.393730e-01 -2.320578e-01 -4.041955e-01 3.449092e-02 -2.520443e-03 5.471867e-01 -1.334517e-01 5.271438e-03 5.208474e-01 7.975622e-01 1.907028e-01 3.571273e-01 7.276121e-01
1.454545e+00 1.820616e-01 7.188462e-01 -8.945008e-01 2.481432e-01 -2.829305e-01 1.058602e-01 -1.546018e-01 -5.213487e-01 -2.231675e-01 -3.611902e-01 -1.127335e-02 -1.062092e-01 4.846910e-01 -1.848073e-01 -2.381996e-02 4.534681e-01 7.653607e-01 2.050313e-01 3.719455e-01 6.915737e-01
1.605051e+00 2.803404e-02 8.347008e-01 -7.370350e-01 3.767397e-01 -2.048909e-01 1.011642e-01 -1.301387e-01 -5.360786e-01 -1.895066e-01 -3.107664e-01 -2.873284e-02 -1.877621e-01 4.252744e-01 -2.280388e-01 -5.524631e-02 3.910981e-01 7.331017e-01 2.075716e-01 3.814926e-01 6.560878e-01
1.755556e+00 -1.245623e-01 8.646349e-01 -6.004827e-01 4.385247e-01 -1.260714e-01 6.952842e-02 -1.115340e-01 -4.954579e-01 -1.474637e-01 -2.655926e-01 -2.602816e-02 -2.471488e-01 3.700154e-01 -2.584638e-01 -8.681501e-02 3.335651e-01 7.012621e-01 1.979658e-01 3.874107e-01 6.223585e-01
1.906061e+00 -2.445862e-01 8.376368e-01 -4.855719e-01 4.445866e-01 -5.527522e-02 2.769947e-02 -9.886027e-02 -4.209845e-01 -1.096806e-01 -2.321469e-01 -1.057829e-02 -2.865730e-01 3.195822e-01 -2.741948e-01 -1.165275e-01 2.796272e-01 6.700648e-01 1.778144e-01 3.914953e-01 5.912831e-01
2.056566e+00 -3.238950e-01 7.773749e-01 -3.908338e-01 4.126831e-01 3.377253e-03 -1.224625e-02 -9.108378e-02 -3.325362e-01 -8.252511e-02 -2.113558e-01 1.137646e-02 -3.090631e-01 2.743063e-01 -2.754439e-01 -1.429603e-01 2.277750e-01 6.395307e-01 1.497705e-01 3.952156e-01 5.633173e-01
2.207071e+00 -3.670770e-01 7.010489e-01 -3.136952e-01 3.592888e-01 4.882161e-02 -4.367770e-02 -8.683315e-02 -2.439133e-01 -6.737349e-02 -2.010155e-01 3.555672e-02 -3.177670e-01 2.341437e-01 -2.639271e-01 -1.651711e-01 1.766267e-01 6.097089e-01 1.168182e-01 3.995327e-01 5.384618e-01
2.357576e+00 -3.825922e-01 6.202327e-01 -2.515075e-01 2.968227e-01 8.200957e-02 -6.431462e-02 -8.478510e-02 -1.631937e-01 -6.278938e-02 -1.978975e-01 5.909107e-02 -3.160473e-01 1.989146e-01 -2.419481e-01 -1.826624e-01 1.253492e-01 5.803684e-01 8.157346e-02 4.047372e-01 5.162392e-01
2.508081e+00 -3.786608e-01 5.414628e-01 -2.015816e-01 2.334669e-01 1.046057e-01 -7.458304e-02 -8.390103e-02 -9.416085e-02 -6.610851e-02 -1.988313e-01 8.020520e-02 -3.065151e-01 1.682553e-01 -2.121747e-01 -1.953340e-01 7.355932e-02 5.514679e-01 4.635514e-02 4.107575e-01 4.960746e-01
2.658586e+00 -3.625054e-01 4.682861e-01 -1.616237e-01 1.740412e-01 1.186160e-01 -7.614691e-02 -8.344967e-02 -3.777613e-02 -7.457150e-02 -2.013673e-01 9.804391e-02 -2.915211e-01 1.417828e-01 -1.771515e-01 -2.033958e-01 2.132038e-02 5.228814e-01 1.287398e-02 4.172156e-01 4.773302e-01
2.809091e+00 -3.391020e-01 4.023442e-01 -1.296706e-01 1.209910e-01 1.258814e-01 -7.113058e-02 -8.294141e-02 6.535134e-03 -8.577189e-02 -2.037522e-01 1.121632e-01 -2.729070e-01 1.190418e-01 -1.391939e-01 -2.071681e-01 -3.087969e-02 4.946254e-01 -1.764087e-02 4.235109e-01 4.593420e-01
2.959596e+00 -3.120892e-01 3.441108e-01 -1.041426e-01 7.524971e-02 1.280981e-01 -6.152905e-02 -8.211824e-02 4.012720e-02 -9.788372e-02 -2.049849e-01 1.225275e-01 -2.522486e-01 9.964151e-02 -1.002590e-01 -2.072116e-01 -8.243520e-02 4.665802e-01 -4.444413e-02 4.291067e-01 4.416655e-01
3.110101e+00 -2.839403e-01 2.932636e-01 -8.371330e-02 3.688477e-02 1.265549e-01 -4.911535e-02 -8.083185e-02 6.459475e-02 -1.095513e-01 -2.044495e-01 1.293663e-01 -2.305545e-01 8.314087e-02 -6.202306e-02 -2.039910e-01 -1.324513e-01 4.387860e-01 -6.708696e-02 4.333314e-01 4.238086e-01
3.260606e+00 -2.561774e-01 2.492861e-01 -6.735060e-02 5.434939e-03 1.223518e-01 -3.525266e-02 -7.904445e-02 8.156000e-02 -1.199327e-01 -2.019784e-01 1.330246e-01 -2.087111e-01 6.916417e-02 -2.574321e-02 -1.980603e-01 -1.800585e-01 4.112841e-01 -8.547139e-02 4.356744e-01 4.055009e-01
3.411111e+00 -2.297092e-01 2.115163e-01 -5.423288e-02 -1.983385e-02 1.163631e-01 -2.092415e-02 -7.679838e-02 9.253244e-02 -1.285629e-01 -1.976654e-01 1.339464e-01 -1.873854e-01 5.737185e-02 7.685193e-03 -1.899771e-01 -2.244821e-01 3.841918e-01 -9.974203e-02 4.357882e-01 3.866356e-01
3.561616e+00 -2.050189e-01 1.791851e-01 -4.370370e-02 -3.963098e-02 1.092418e-01 -6.883653e-03 -7.413904e-02 9.874480e-02 -1.351927e-01 -1.916858e-01 1.325197e-01 -1.669871e-01 4.746301e-02 3.757307e-02 -1.802706e-01 -2.650168e-01 3.575906e-01 -1.101101e-01 4.334319e-01 3.671866e-01
3.712121e+00 -1.822215e-01 1.515891e-01 -3.524255e-02 -5.467661e-02 1.014817e-01 6.373545e-03 -7.113744e-02 1.012380e-01 -1.397647e-01 -1.842878e-01 1.290893e-01 -1.478017e-01 3.916368e-02 6.347056e-02 -1.694007e-01 -3.010445e-01 3.316051e-01 -1.168852e-01 4.284557e-01 3.471822e-01
3.862626e+00 -1.614785e-01 1.281013e-01 -2.843450e-02 -6.572989e-02 9.345453e-02 1.855753e-02 -6.787682e-02 1.009456e-01 -1.423719e-01 -1.757790e-01 1.241320e-01 -1.300246e-01 3.223258e-02 8.525794e-02 -1.577754e-01 -3.321232e-01 3.063317e-01 -1.205267e-01 4.208573e-01 3.267434e-01
4.013131e+00 -1.427183e-01 1.081198e-01 -2.294811e-02 -7.341139e-02 8.541013e-02 2.948061e-02 -6.442985e-02 9.856916e-02 -1.431497e-01 -1.664188e-01 1.180017e-01 -1.137033e-01 2.645693e-02 1.028677e-01 -1.457190e-01 -3.578656e-01 2.819003e-01 -1.214289e-01 4.106616e-01 3.059756e-01
4.163636e+00 -1.258267e-01 9.117094e-02 -1.852564e-02 -7.830522e-02 7.756563e-02 3.907409e-02 -6.085278e-02 9.469969e-02 -1.422996e-01 -1.564993e-01 1.110024e-01 -9.891837e-02 2.166331e-02 1.164728e-01 -1.335749e-01 -3.782304e-01 2.583772e-01 -1.200573e-01 3.981218e-01 2.851191e-01
4.314141e+00 -1.107155e-01 7.679587e-02 -1.495586e-02 -8.092531e-02 7.003860e-02 4.733595e-02 -5.722221e-02 8.980930e-02 -1.400407e-01 -1.462522e-01 1.034675e-01 -8.561436e-02 1.769170e-02 1.263083e-01 -1.215585e-01 -3.931494e-01 2.358903e-01 -1.168345e-01 3.834331e-01 2.643322e-01
4.464646e+00 -9.720948e-02 6.462286e-02 -1.207479e-02 -8.168815e-02 6.293157e-02 5.428976e-02 -5.357793e-02 8.424968e-02 -1.365817e-01 -1.358896e-01 9.560061e-02 -7.375339e-02 1.441489e-02 1.326624e-01 -1.099011e-01 -4.028287e-01 2.145214e-01 -1.121397e-01 3.669360e-01 2.438395e-01
4.615152e+00 -8.518449e-02 5.431373e-02 -9.745758e-03 -8.096379e-02 5.627532e-02 5.998881e-02 -4.995840e-02 7.830538e-02 -1.321317e-01 -1.255621e-01 8.762494e-02 -6.323373e-02 1.171371e-02 1.358887e-01 -9.871246e-02 -4.073541e-01 1.942785e-01 -1.063269e-01 3.488503e-01 2.237565e-01
4.765657e+00 -7.450719e-02 4.559746e-02 -7.864742e-03 -7.908773e-02 5.011934e-02 6.453796e-02 -4.641973e-02 7.220606e-02 -1.269038e-01 -1.154422e-01 7.972276e-02 -5.397619e-02 9.496896e-03 1.363983e-01 -8.814069e-02 -4.072109e-01 1.752964e-01 -9.973186e-02 3.296068e-01 2.043084e-01
4.916162e+00 -6.505173e-02 3.823881e-02 -6.343828e-03 -7.635201e-02 4.446258e-02 6.800965e-02 -4.296178e-02 6.613076e-02 -1.210705e-01 -1.056366e-01 7.203885e-02 -4.588726e-02 7.680488e-03 1.346343e-01 -7.825224e-02 -4.028109e-01 1.575118e-01 -9.265806e-02 3.095390e-01 1.856337e-01
5.066667e+00 -5.668727e-02 3.202529e-02 -5.114304e-03 -7.295119e-02 3.929782e-02 7.049771e-02 -3.962854e-02 6.018437e-02 -1.148013e-01 -9.622317e-02 6.466077e-02 -3.884608e-02 6.196057e-03 1.309384e-01 -6.908661e-02 -3.945239e-01 1.409810e-01 -8.531008e-02 2.889195e-01 1.678171e-01
5.217172e+00 -4.930817e-02 2.678624e-02 -4.120423e-03 -6.909741e-02 3.461171e-02 7.209128e-02 -3.642541e-02 5.446851e-02 -1.082377e-01 -8.727382e-02 5.768219e-02 -3.275450e-02 4.986344e-03 1.257242e-01 -6.067227e-02 -3.829217e-01 1.256857e-01 -7.790696e-02 2.680969e-01 1.509750e-01
5.367677e+00 -4.280960e-02 2.237717e-02 -3.317571e-03 -6.495115e-02 3.038871e-02 7.288860e-02 -3.337036e-02 4.904696e-02 -1.015129e-01 -7.884167e-02 5.115288e-02 -2.751770e-02 4.003701e-03 1.193564e-01 -5.302206e-02 -3.685797e-01 1.116269e-01 -7.061367e-02 2.473848e-01 1.351912e-01
5.518182e+00 -3.709431e-02 1.866615e-02 -2.668873e-03 -6.062522e-02 2.659395e-02 7.296073e-02 -3.046923e-02 4.395153e-02 -9.472926e-02 -7.093998e-02 4.510117e-02 -2.302942e-02 3.206868e-03 1.121301e-01 -4.610686e-02 -3.519093e-01 9.875337e-02 -6.354148e-02 2.269766e-01 1.204766e-01
5.668687e+00 -3.208036e-02 1.554597e-02 -2.144770e-03 -5.623342e-02 2.319723e-02 7.238677e-02 -2.772906e-02 3.921031e-02 -8.797674e-02 -6.358418e-02 3.955167e-02 -1.920025e-02 2.561981e-03 1.043488e-01 -3.989735e-02 -3.334313e-01 8.701785e-02 -5.679548e-02 2.070989e-01 1.068576e-01
5.819192e+00 -2.769216e-02 1.293061e-02 -1.722060e-03 -5.187428e-02 2.017846e-02 7.126142e-02 -2.515220e-02 3.484099e-02 -8.134147e-02 -5.679271e-02 3.450845e-02 -1.595622e-02 2.042347e-03 9.628837e-02 -3.437571e-02 -3.137607e-01 7.639813e-02 -5.045669e-02 1.880027e-01 9.437051e-02
5.969697e+00 -2.385303e-02 1.073663e-02 -1.381123e-03 -4.758653e-02 1.749858e-02 6.963753e-02 -2.274006e-02 3.083005e-02 -7.487686e-02 -5.053972e-02 2.995160e-02 -1.321146e-02 1.624183e-03 8.811522e-02 -2.948316e-02 -2.931806e-01 6.681930e-02 -4.454749e-02 1.697523e-01 8.295670e-02
6.120202e+00 -2.050631e-02 8.901549e-03 -1.106527e-03 -4.344477e-02 1.513341e-02 6.760234e-02 -2.049558e-02 2.718152e-02 -6.864050e-02 -4.482564e-02 2.587482e-02 -1.090380e-02 1.288789e-03 8.004436e-02 -2.518244e-02 -2.722308e-01 5.823545e-02 -3.911353e-02 1.525255e-01 7.261771e-02
6.270707e+00 -1.758891e-02 7.366557e-03 -8.853936e-04 -3.946449e-02 1.304851e-02 6.520030e-02 -1.841071e-02 2.387186e-02 -6.266288e-02 -3.961614e-02 2.224260e-02 -8.967500e-03 1.020212e-03 7.217972e-02 -2.141613e-02 -2.511404e-01 5.056274e-02 -3.414668e-02 1.363407e-01 6.328113e-02
6.421212e+00 -1.505709e-02 6.085321e-03 -7.073623e-04 -3.569422e-02 1.121681e-02 6.250039e-02 -1.648062e-02 2.089399e-02 -5.697594e-02 -3.489542e-02 1.903833e-02 -7.350961e-03 8.055169e-04 6.466653e-02 -1.813656e-02 -2.303123e-01 4.373081e-02 -2.966090e-02 1.212914e-01 5.491571e-02
6.571717e+00 -1.285949e-02 5.017380e-03 -5.643531e-04 -3.213748e-02 9.614299e-03 5.955994e-02 -1.470468e-02 1.822151e-02 -5.160004e-02 -3.063291e-02 1.622083e-02 -6.005779e-03 6.345219e-04 5.755760e-02 -1.529700e-02 -2.099610e-01 3.768525e-02 -2.563048e-02 1.073794e-01 4.745258e-02
6.722222e+00 -1.095955e-02 4.129733e-03 -4.496149e-04 -2.881984e-02 8.218407e-03 5.644560e-02 -1.307569e-02 1.583975e-02 -4.655351e-02 -2.680688e-02 1.376351e-02 -4.892284e-03 4.987149e-04 5.093115e-02 -1.285375e-02 -1.903806e-01 3.236183e-02 -2.204488e-02 9.464048e-02 4.084417e-02
6.872727e+00 -9.317669e-03 3.392759e-03 -3.577152e-04 -2.573499e-02 7.006175e-03 5.320402e-02 -1.159046e-02 1.372191e-02 -4.184156e-02 -2.338252e-02 1.162756e-02 -3.973019e-03 3.911294e-04 4.480153e-02 -1.076056e-02 -1.716827e-01 2.769689e-02 -1.886959e-02 8.303036e-02 3.501335e-02
7.023232e+00 -7.902904e-03 2.781314e-03 -2.841118e-04 -2.288582e-02 5.954486e-03 4.987440e-02 -1.023803e-02 1.184716e-02 -3.746173e-02 -2.032764e-02 9.782893e-03 -3.215916e-03 3.059936e-04 3.918822e-02 -8.972829e-03 -1.539873e-01 2.361636e-02 -1.607714e-02 7.251153e-02 2.989275e-02
7.173737e+00 -6.687598e-03 2.275629e-03 -2.252747e-04 -2.027487e-02 5.046449e-03 4.651133e-02 -9.011958e-03 1.019644e-02 -3.341552e-02 -1.761662e-02 8.199172e-03 -2.595538e-03 2.388400e-04 3.410027e-02 -7.455234e-03 -1.374291e-01 2.006689e-02 -1.363944e-02 6.305608e-02 2.542473e-02
7.324242e+00 -5.644716e-03 1.857905e-03 -1.783113e-04 -1.788918e-02 4.264347e-03 4.314880e-02 -7.905353e-03 8.746297e-03 -2.969422e-02 -1.521706e-02 6.844087e-03 -2.088431e-03 1.859841e-04 2.951672e-02 -6.171615e-03 -1.220256e-01 1.699092e-02 -1.152022e-02 5.459219e-02 2.153915e-02
7.474747e+00 -4.752817e-03 1.513474e-03 -1.408829e-04 -1.572375e-02 3.592700e-03 3.982531e-02 -6.910794e-03 7.478332e-03 -2.628869e-02 -1.310206e-02 5.691627e-03 -1.675222e-03 1.444772e-04 2.542298e-02 -5.090333e-03 -1.078210e-01 1.433582e-02 -9.689875e-03 4.706423e-02 1.817804e-02
7.625253e+00 -3.992009e-03 1.230495e-03 -1.111286e-04 -1.377020e-02 3.018891e-03 3.658055e-02 -6.021247e-03 6.374591e-03 -2.318988e-02 -1.124685e-02 4.715930e-03 -1.340205e-03 1.120029e-04 2.179462e-02 -4.184940e-03 -9.483807e-02 1.205731e-02 -8.118197e-03 4.041340e-02 1.528696e-02
7.775758e+00 -3.343327e-03 9.980432e-04 -8.749512e-05 -1.200915e-02 2.528986e-03 3.342741e-02 -5.227805e-03 5.414706e-03 -2.037856e-02 -9.621318e-03 3.891721e-03 -1.068831e-03 8.662511e-05 1.859047e-02 -3.428218e-03 -8.300289e-02 1.010539e-02 -6.771911e-03 3.455016e-02 1.280436e-02
7.926263e+00 -2.793512e-03 8.076730e-04 -6.873874e-05 -1.043725e-02 2.112151e-03 3.039921e-02 -4.522128e-03 4.585854e-03 -1.784275e-02 -8.205429e-03 3.201109e-03 -8.500104e-04 6.682525e-05 1.579008e-02 -2.798667e-03 -7.233051e-02 8.439508e-03 -5.628532e-03 2.942448e-02 1.068797e-02
8.076768e+00 -2.327921e-03 6.521537e-04 -5.390759e-05 -9.037524e-03 1.759087e-03 2.751418e-02 -3.898771e-03 3.871593e-03 -1.556565e-02 -6.975919e-03 2.623738e-03 -6.740947e-04 5.144159e-05 1.335241e-02 -2.277306e-03 -6.275282e-02 7.025803e-03 -4.660361e-03 2.496093e-02 8.889660e-03
8.227273e+00 -1.934580e-03 5.253831e-04 -4.219736e-05 -7.796106e-03 1.460871e-03 2.478460e-02 -3.349805e-03 3.258053e-03 -1.352951e-02 -5.911682e-03 2.142822e-03 -5.331025e-04 3.951426e-05 1.124177e-02 -1.847110e-03 -5.420416e-02 5.830061e-03 -3.844008e-03 2.109129e-02 7.367459e-03
8.377778e+00 -1.603106e-03 4.221608e-04 -3.295489e-05 -6.699014e-03 1.209260e-03 2.221584e-02 -2.867320e-03 2.732565e-03 -1.171516e-02 -4.992827e-03 1.743771e-03 -4.203195e-04 3.027235e-05 9.423381e-03 -1.492909e-03 -4.660807e-02 4.820312e-03 -3.158412e-03 1.774912e-02 6.083138e-03
8.528283e+00 -1.324969e-03 3.384675e-04 -2.568802e-05 -5.736449e-03 9.982483e-04 1.982406e-02 -2.446103e-03 2.284966e-03 -1.010809e-02 -4.204013e-03 1.414476e-03 -3.305435e-04 2.314351e-05 7.868047e-03 -1.202996e-03 -3.991625e-02 3.973249e-03 -2.586168e-03 1.488266e-02 5.006210e-03
8.678788e+00 -1.092133e-03 2.707498e-04 -1.998433e-05 -4.894886e-03 8.217553e-04 1.761028e-02 -2.079705e-03 1.904832e-03 -8.690353e-03 -3.528890e-03 1.143630e-03 -2.592660e-04 1.765560e-05 6.543623e-03 -9.664519e-04 -3.404779e-02 3.264893e-03 -2.110264e-03 1.243372e-02 4.106228e-03
8.829293e+00 -8.976029e-04 2.160237e-04 -1.551172e-05 -4.161048e-03 6.743460e-04 1.557031e-02 -1.761674e-03 1.582725e-03 -7.443648e-03 -2.952344e-03 9.214966e-04 -2.027738e-04 1.343606e-05 5.420074e-03 -7.738738e-04 -2.891923e-02 2.673670e-03 -1.715685e-03 1.034787e-02 3.356112e-03
8.979798e+00 -7.356333e-04 1.719248e-04 -1.201386e-05 -3.524347e-03 5.517039e-04 1.370406e-02 -1.487064e-03 1.310893e-03 -6.352519e-03 -2.462012e-03 7.400866e-04 -1.581498e-04 1.020081e-05 4.472000e-03 -6.177087e-04 -2.446345e-02 2.182367e-03 -1.390030e-03 8.580096e-03 2.733675e-03
9.130303e+00 -6.011089e-04 1.364710e-04 -9.284860e-06 -2.973916e-03 4.499827e-04 1.200622e-02 -1.250878e-03 1.082181e-03 -5.401249e-03 -2.046313e-03 5.924071e-04 -1.229916e-04 7.726769e-06 3.675273e-03 -4.914823e-04 -2.060914e-02 1.775518e-03 -1.122194e-03 7.087603e-03 2.218932e-03
9.280808e+00 -4.899566e-04 1.080848e-04 -7.159128e-06 -2.501569e-03 3.659873e-04 1.047531e-02 -1.048468e-03 8.908861e-04 -4.576738e-03 -1.695865e-03 4.728760e-04 -9.542487e-05 5.839161e-06 3.010406e-03 -3.899500e-04 -1.730115e-02 1.440090e-03 -9.032770e-04 5.835895e-03 1.795810e-03
9.431313e+00 -3.981304e-04 8.538267e-05 -5.508504e-06 -2.096265e-03 2.967864e-04 9.098457e-03 -8.758416e-04 7.309453e-04 -3.863790e-03 -1.400740e-03 3.761857e-04 -7.383197e-05 4.403055e-06 2.456257e-03 -3.084494e-04 -1.446511e-02 1.164379e-03 -7.244872e-04 4.787322e-03 1.448324e-03
9.581818e+00 -3.225697e-04 6.726994e-05 -4.228426e-06 -1.750296e-03 2.399195e-04 7.867640e-03 -7.290155e-04 5.978010e-04 -3.250062e-03 -1.153200e-03 2.983238e-04 -5.696584e-05 3.312045e-06 1.996782e-03 -2.432210e-04 -1.204688e-02 9.383621e-04 -5.791467e-04 3.913103e-03 1.164189e-03
9.732323e+00 -2.606439e-04 5.287527e-05 -3.238753e-06 -1.456617e-03 1.934131e-04 6.775504e-03 -6.047811e-04 4.874688e-04 -2.724391e-03 -9.465471e-04 2.358961e-04 -4.384638e-05 2.486004e-06 1.617830e-03 -1.912575e-04 -9.997477e-03 7.540020e-04 -4.615563e-04 3.188082e-03 9.329685e-04
9.882828e+00 -2.099537e-04 4.144115e-05 -2.474531e-06 -1.207587e-03 1.554057e-04 5.808582e-03 -4.998828e-04 3.961464e-04 -2.275184e-03 -7.742450e-04 1.859169e-04 -3.364743e-05 1.861215e-06 1.305868e-03 -1.499048e-04 -8.263193e-03 6.037927e-04 -3.665600e-04 2.587705e-03 7.450553e-04
1.003333e+01 -1.686502e-04 3.240189e-05 -1.886533e-06 -9.977284e-04 1.245239e-04 4.959364e-03 -4.118264e-04 3.209475e-04 -1.893446e-03 -6.313510e-04 1.460895e-04 -2.575832e-05 1.390518e-06 1.050503e-03 -1.171729e-04 -6.805301e-03 4.821156e-04 -2.902096e-04 2.093423e-03 5.931519e-04
1.018384e+01 -1.350938e-04 2.526851e-05 -1.434666e-06 -8.215672e-04 9.948101e-05 4.217025e-03 -3.380793e-04 2.592261e-04 -1.570109e-03 -5.132034e-04 1.144602e-04 -1.966841e-05 1.036344e-06 8.422697e-04 -9.132286e-05 -5.584687e-03 3.837600e-04 -2.290592e-04 1.687957e-03 4.707620e-04
1.033434e+01 -1.078776e-04 1.964969e-05 -1.088341e-06 -6.741167e-04 7.922191e-05 3.570555e-03 -2.765651e-04 2.087082e-04 -1.297343e-03 -4.158059e-04 8.941004e-05 -1.497528e-05 7.704589e-07 6.729991e-04 -7.095368e-05 -4.566043e-03 3.044763e-04 -1.802187e-04 1.356336e-03 3.724184e-04
1.048485e+01 -8.589843e-05 1.524315e-05 -8.236489e-07 -5.512792e-04 6.291348e-05 3.011240e-03 -2.254824e-04 1.675251e-04 -1.068296e-03 -3.358566e-04 6.963715e-05 -1.137509e-05 5.715144e-07 5.359873e-04 -5.498023e-05 -3.720253e-03 2.408755e-04 -1.413618e-04 1.086344e-03 2.937278e-04
1.063535e+01 -6.820382e-05 1.179064e-05 -6.216876e-07 -4.491947e-04 4.980240e-05 2.528712e-03 -1.831776e-04 1.340219e-04 -8.763682e-04 -2.703584e-04 5.407078e-05 -8.615763e-06 4.228523e-07 4.254042e-04 -4.247024e-05 -3.019834e-03 1.899393e-04 -1.105252e-04 8.670663e-04 2.309037e-04
1.078586e+01 -5.399465e-05 9.092690e-06 -4.680265e-07 -3.647728e-04 3.929546e-05 2.114949e-03 -1.482769e-04 1.068901e-04 -7.164597e-04 -2.169435e-04 4.186385e-05 -6.506752e-06 3.120395e-07 3.365309e-04 -3.270282e-05 -2.442604e-03 1.492778e-04 -8.615242e-05 6.897599e-04 1.809516e-04
1.093636e+01 -4.261182e-05 6.995640e-06 -3.516475e-07 -2.952567e-04 3.092818e-05 1.762293e-03 -1.196711e-04 8.499674e-05 -5.837868e-04 -1.735627e-04 3.231850e-05 -4.903118e-06 2.298463e-07 2.653743e-04 -2.511995e-05 -1.969187e-03 1.170241e-04 -6.695530e-05 5.470111e-04 1.413932e-04
1.108687e+01 -3.351447e-05 5.365718e-06 -2.634484e-07 -2.381030e-04 2.426033e-05 1.462172e-03 -9.621789e-05 6.735509e-05 -4.738497e-04 -1.383674e-04 2.486922e-05 -3.683664e-06 1.688339e-07 2.085186e-04 -1.923285e-05 -1.581515e-03 9.142531e-05 -5.186168e-05 4.322575e-04 1.101090e-04
1.123737e+01 -2.628142e-05 4.104589e-06 -1.968599e-07 -1.913872e-04 1.897269e-05 1.208473e-03 -7.709497e-05 5.321420e-05 -3.832809e-04 -1.099657e-04 1.908283e-05 -2.760402e-06 1.236996e-07 1.633259e-04 -1.468336e-05 -1.265926e-03 7.120726e-05 -4.005286e-05 3.405080e-04 8.549359e-05
1.138788e+01 -2.054812e-05 3.130886e-06 -1.467070e-07 -1.533216e-04 1.479138e-05 9.948585e-04 -6.155377e-05 4.190982e-05 -3.088928e-04 -8.710966e-05 1.460060e-05 -2.062792e-06 9.040045e-08 1.275168e-04 -1.117629e-05 -1.009851e-03 5.528556e-05 -3.083971e-05 2.673631e-04 6.617759e-05
1.153838e+01 -1.601623e-05 2.381630e-06 -1.090559e-07 -1.224017e-04 1.149613e-05 8.157474e-04 -4.897775e-05 3.290108e-05 -2.480602e-04 -6.877906e-05 1.113749e-05 -1.537376e-06 6.590144e-08 9.923010e-05 -8.482251e-06 -8.027605e-04 4.279133e-05 -2.367210e-05 2.092399e-04 5.106595e-05
1.168889e+01 -1.244289e-05 1.806114e-06 -8.085135e-08 -9.736042e-05 8.906334e-06 6.661163e-04 -3.883248e-05 2.573973e-05 -1.984409e-04 -5.411522e-05 8.468667e-06 -1.142359e-06 4.792186e-08 7.694918e-05 -6.417285e-06 -6.357872e-04 3.301415e-05 -1.811021e-05 1.631763e-04 3.927303e-05
1.183939e+01 -9.640090e-06 1.366184e-06 -5.979427e-08 -7.720008e-05 6.879948e-06 5.419526e-04 -3.068847e-05 2.007909e-05 -1.582344e-04 -4.245158e-05 6.422070e-06 -8.467604e-07 3.476316e-08 5.949420e-05 -4.841937e-06 -5.019485e-04 2.539645e-05 -1.381661e-05 1.268744e-04 3.011842e-05
1.198990e+01 -7.444942e-06 1.030631e-06 -4.409958e-08 -6.100762e-05 5.299520e-06 4.392411e-04 -2.417102e-05 1.561288e-05 -1.257138e-04 -3.319283e-05 4.855226e-06 -6.260925e-07 2.515526e-08 4.584803e-05 -3.643286e-06 -3.949445e-04 1.948030e-05 -1.050834e-05 9.832834e-05 2.302650e-05
1.214040e+01 -5.732858e-06 7.750927e-07 -3.242797e-08 -4.804893e-05 4.068295e-06 3.546104e-04 -1.896711e-05 1.210181e-05 -9.952439e-05 -2.586860e-05 3.660296e-06 -4.615389e-07 1.815039e-08 3.522149e-05 -2.732578e-06 -3.096862e-04 1.489144e-05 -7.968383e-06 7.595711e-05 1.754998e-05
1.229091e+01 -4.400549e-06 5.810678e-07 -2.377564e-08 -3.770946e-05 3.112501e-06 2.851452e-04 -1.482865e-05 9.349253e-06 -7.850354e-05 -2.009199e-05 2.751133e-06 -3.392044e-07 1.305917e-08 2.696898e-05 -2.042926e-06 -2.419746e-04 1.134511e-05 -6.023403e-06 5.847836e-05 1.333300e-05
1.244141e+01 -3.367126e-06 4.345823e-07 -1.739765e-08 -2.949524e-05 2.375089e-06 2.284403e-04 -1.155951e-05 7.200048e-06 -6.171491e-05 -1.555642e-05 2.061449e-06 -2.487237e-07 9.378557e-09 2.058293e-05 -1.523598e-06 -1.884361e-04 8.620838e-06 -4.539152e-06 4.487910e-05 1.009868e-05
1.259192e+01 -2.568059e-06 3.238875e-07 -1.268319e-08 -2.298924e-05 1.805859e-06 1.822718e-04 -8.974725e-06 5.525990e-06 -4.832503e-05 -1.200188e-05 1.539934e-06 -1.817833e-07 6.711775e-09 1.565658e-05 -1.132275e-06 -1.462205e-04 6.527025e-06 -3.409704e-06 3.432317e-05 7.623606e-06
1.274242e+01 -1.952536e-06 2.408155e-07 -9.231196e-09 -1.785952e-05 1.369410e-06 1.449113e-04 -6.948692e-06 4.228245e-06 -3.771898e-05 -9.231364e-06 1.146967e-06 -1.325486e-07 4.795093e-09 1.187187e-05 -8.394173e-07 -1.130958e-04 4.928893e-06 -2.553697e-06 2.617007e-05 5.738394e-06
1.289293e+01 -1.480072e-06 1.783704e-07 -6.688128e-09 -1.382609e-05 1.034244e-06 1.147441e-04 -5.355182e-06 3.224443e-06 -2.932756e-05 -7.075288e-06 8.518235e-07 -9.630810e-08 3.411523e-09 8.973581e-06 -6.199175e-07 -8.716445e-05 3.706868e-06 -1.906715e-06 1.988531e-05 4.305188e-06
1.304343e+01 -1.118483e-06 1.317846e-07 -4.837478e-09 -1.066893e-05 7.790934e-07 9.053398e-05 -4.115820e-06 2.451403e-06 -2.272732e-05 -5.406103e-06 6.307822e-07 -6.980462e-08 2.422978e-09 6.761751e-06 -4.566492e-07 -6.696351e-05 2.780697e-06 -1.419440e-06 1.506350e-05 3.220463e-06
1.319394e+01 -8.420971e-07 9.706201e-08 -3.487426e-09 -8.201051e-06 5.848560e-07 7.113367e-05 -3.151306e-06 1.856856e-06 -1.754336e-05 -4.115379e-06 4.654555e-07 -5.044456e-08 1.715618e-09 5.076253e-06 -3.353207e-07 -5.124885e-05 2.078748e-06 -1.052951e-06 1.136925e-05 2.400564e-06
1.334444e+01 -6.322195e-07 7.125455e-08 -2.504559e-09 -6.284490e-06 4.375657e-07 5.568996e-05 -2.403428e-06 1.402265e-06 -1.349414e-05 -3.122900e-06 3.425496e-07 -3.634518e-08 1.210507e-09 3.799842e-06 -2.454197e-07 -3.909897e-05 1.548714e-06 -7.789116e-07 8.554800e-06 1.784184e-06
1.349495e+01 -4.730944e-07 5.214040e-08 -1.794667e-09 -4.798530e-06 3.263016e-07 4.342918e-05 -1.826953e-06 1.055361e-06 -1.034203e-05 -2.361615e-06 2.513074e-07 -2.610362e-08 8.521154e-10 2.834863e-06 -1.790423e-07 -2.972293e-05 1.150118e-06 -5.743284e-07 6.415048e-06 1.321696e-06
1.364545e+01 -3.527030e-07 3.801828e-08 -1.280938e-09 -3.650192e-06 2.424083e-07 3.372657e-05 -1.382967e-06 7.913595e-07 -7.893509e-06 -1.779154e-06 1.837299e-07 -1.868569e-08 5.976165e-10 2.107143e-06 -1.301532e-07 -2.251104e-05 8.508865e-07 -4.219934e-07 4.792949e-06 9.756472e-07
1.379596e+01 -2.620618e-07 2.764811e-08 -9.125853e-10 -2.766688e-06 1.795847e-07 2.609210e-05 -1.043844e-06 5.913848e-07 -6.003621e-06 -1.335837e-06 1.338836e-07 -1.334086e-08 4.183896e-10 1.560891e-06 -9.436294e-08 -1.698856e-05 6.277874e-07 -3.090409e-07 3.568872e-06 7.178434e-07
1.394646e+01 -1.941086e-07 2.002536e-08 -6.471681e-10 -2.089849e-06 1.324933e-07 2.010690e-05 -7.842660e-07 4.404663e-07 -4.548754e-06 -9.994471e-07 9.727954e-08 -9.489236e-09 2.916321e-10 1.152600e-06 -6.813910e-08 -1.277664e-05 4.612645e-07 -2.256305e-07 2.648488e-06 5.264531e-07
1.409697e+01 -1.432983e-07 1.447971e-08 -4.577900e-10 -1.573333e-06 9.751178e-08 1.544054e-05 -5.876228e-07 3.270428e-07 -3.435673e-06 -7.454818e-07 7.045515e-08 -6.738537e-09 2.028212e-10 8.483179e-07 -4.911311e-08 -9.577694e-06 3.380821e-07 -1.642193e-07 1.959411e-06 3.849442e-07
1.424747e+01 -1.054649e-07 1.041599e-08 -3.221911e-10 -1.180086e-06 7.141746e-08 1.180738e-05 -4.379691e-07 2.419554e-07 -2.584518e-06 -5.539349e-07 5.087956e-08 -4.762064e-09 1.403706e-10 6.223556e-07 -3.522045e-08 -7.152494e-06 2.465912e-07 -1.191392e-07 1.444296e-06 2.804724e-07
1.439798e+01 -7.729435e-08 7.477668e-09 -2.268079e-10 -8.817384e-07 5.219308e-08 8.993338e-06 -3.258343e-07 1.783324e-07 -1.936530e-06 -4.100986e-07 3.659756e-08 -3.357945e-09 9.713017e-11 4.547300e-07 -2.520644e-08 -5.321605e-06 1.794928e-07 -8.610520e-08 1.060723e-06 2.036322e-07
1.454848e+01 -5.642339e-08 5.336695e-09 -1.584330e-10 -6.558778e-07 3.792272e-08 5.866847e-06 -2.408059e-07 1.308595e-07 -1.443821e-06 -3.021985e-07 2.622536e-08 -2.355261e-09 6.674291e-11 3.309096e-07 -1.793575e-08 -3.941533e-06 1.298925e-07 -6.198089e-08 7.755644e-07 1.472055e-07
1.469899e+01 -3.083054e-08 2.874312e-09 -8.412733e-11 -3.625679e-07 2.066082e-08 2.966641e-06 -1.325911e-07 7.173644e-08 -7.992642e-07 -1.660963e-07 1.416204e-08 -1.254079e-09 3.504449e-11 1.804594e-07 -9.641275e-09 -2.173184e-06 7.058684e-08 -3.356782e-08 4.242099e-07 7.994130e-08
1.484949e+01 -9.146002e-09 8.441897e-10 -2.446000e-11 -1.084086e-07 6.116773e-09 8.314484e-07 -3.953936e-08 2.132828e-08 -2.392075e-07 -4.947052e-08 4.167090e-09 -3.653437e-10 1.010637e-11 5.346195e-08 -2.827777e-09 -6.486438e-07 2.086092e-08 -9.897146e-09 1.259311e-07 2.361448e-08
1.500000e+01 0. 0. 0. 0. 0. 0. 0. 0. 0. 0. 0. 0. 0. 0. 0. 0. 0. 0. 0. 0.



repulsion_fitting_comment=
Repulsive potential generated by fitting function 'fit_smoothing_spline'
The systems used to produce this fit:
parameters r_cut = 3.0000, s = 20.0000, k =   3


repulsion_comment=
Wed Nov 25 13:18:00 2009


fitting=


repulsion=
0.18897259582 32.7765032586
0.244328204697 31.3215043252
0.299683813573 29.9159667369
0.35503942245 28.5587505833
0.410395031326 27.2487292485
0.465750640203 25.9847894386
0.521106249079 24.7658311747
0.576461857956 23.5907677947
0.631817466833 22.4585259524
0.687173075709 21.3680456183
0.742528684586 20.3182800794
0.797884293462 19.3081959392
0.853239902339 18.3367731176
0.908595511215 17.4030048513
0.963951120092 16.5058976928
1.01930672897 15.6444715114
1.07466233785 14.8177594924
1.13001794672 14.0248081378
1.1853735556 13.2646772657
1.24072916447 12.5364400107
1.29608477335 11.8391828236
1.35144038223 11.1720054717
1.4067959911 10.5340210387
1.46215159998 9.92435592445
1.51750720886 9.34214984532
1.57286281773 8.786555834
1.62821842661 8.25674023953
1.68357403549 7.75188272729
1.73892964436 7.27117627905
1.79428525324 6.8138271929
1.84964086212 6.37905508333
1.90499647099 5.96609288114
1.96035207987 5.57418683351
2.01570768875 5.20259650399
2.07106329762 4.85059477246
2.1264189065 4.51746783517
2.18177451538 4.20251520473
2.23713012425 3.90504971009
2.29248573313 3.62439749657
2.34784134201 3.35989802585
2.40319695088 3.11090407605
2.45855255976 2.87678174203
2.51390816864 2.6569104351
2.56926377751 2.45068288293
2.62461938639 2.25750512952
2.67997499527 2.07679653527
2.73533060414 1.90798977691
2.79068621302 1.75053084752
2.8460418219 1.60387905656
2.90139743077 1.46750702983
2.95675303965 1.34090070949
3.01210864853 1.22355935406
3.0674642574 1.1149955384
3.12281986628 1.01473515376
3.17817547515 0.922317407723
3.23353108403 0.837294824223
3.28888669291 0.759233243565
3.34424230178 0.687711822404
3.39959791066 0.622323033754
3.45495351954 0.562672666985
3.51030912841 0.508379827821
3.56566473729 0.459076938346
3.62102034617 0.414409736999
3.67637595504 0.374037278575
3.73173156392 0.337631934226
3.7870871728 0.304879391461
3.84244278167 0.275478654145
3.89779839055 0.2491420425
3.95315399943 0.225595193104
4.0085096083 0.204577058891
4.06386521718 0.185839909247
4.11922082606 0.169149330291
4.17457643493 0.154284224591
4.22993204381 0.141036811074
4.28528765269 0.129212625021
4.34064326156 0.118630518071
4.39599887044 0.109122658219
4.45135447932 0.100534529818
4.50671008819 0.092724933575
4.56206569707 0.0855659865556
4.61742130595 0.078943122181
4.67277691482 0.0727550902289
4.7281325237 0.066913956834
4.78348813258 0.061345104487
4.83884374145 0.0559872320356
4.89419935033 0.0507923546837
4.94955495921 0.045725803992
5.00491056808 0.0407662278771
5.06026617696 0.0359055906141
5.11562178583 0.0311491728283
5.17097739471 0.0265155715226
5.22633300359 0.022036699986
5.28168861246 0.0177577880961
5.33704422134 0.0137373813384
5.39239983022 0.0100473439059
5.44775543909 0.00677284921717
5.50311104797 0.00401240765468
5.55846665685 0.00187779068988
5.61382226572 0.000494215675355
5.6691778746 0.0

kill_radius= 2.334
