slako_comment=
Au xc=PW92 charge=0.0 conf:frauenheim r0=4.755
C xc=PW92 charge=0.0 conf:frauenheim r0=2.657
Wed Nov 25 12:05:50 2009 


Au_C_table=
1.000000e-01 0. 0. 0. 0. 0. 1.182792e-01 1.218624e-01 0. 9.803160e-03 -7.829541e-02 0. 0. 0. 0. 0. 2.957677e-01 2.946574e-01 0. -2.139790e-02 4.757915e-01
2.505051e-01 0. 0. 0. 0. 0. 1.415811e-01 1.205044e-01 0. 6.196953e-03 9.640527e-02 0. 0. 0. 0. 0. 3.036933e-01 2.973302e-01 0. -5.299790e-02 4.808111e-01
4.010101e-01 0. 0. 0. 0. 0. 2.180187e-01 1.452084e-01 0. -7.104582e-03 -2.228652e-02 0. 0. 0. 0. 0. 3.192038e-01 3.023601e-01 0. -8.381651e-02 4.931470e-01
5.515152e-01 0. 0. 0. 0. 0. 1.612473e-01 1.608219e-01 0. 8.921392e-02 -2.905349e-01 0. 0. 0. 0. 0. 3.433486e-01 3.100464e-01 0. -1.132087e-01 5.075719e-01
7.020202e-01 0. 0. 0. 0. 0. -1.248127e-02 1.428901e-01 0. 2.396437e-01 -4.205216e-01 0. 0. 0. 0. 0. 3.725708e-01 3.203109e-01 0. -1.372607e-01 5.166450e-01
8.525253e-01 0. 0. 0. 0. 0. -2.072971e-01 9.771508e-02 0. 3.606849e-01 -4.216042e-01 0. 0. 0. 0. 0. 3.997742e-01 3.320042e-01 0. -1.510729e-01 5.183910e-01
1.003030e+00 0. 0. 0. 0. 0. -3.572654e-01 3.979692e-02 0. 4.160241e-01 -3.733967e-01 0. 0. 0. 0. 0. 4.177373e-01 3.436702e-01 0. -1.513739e-01 5.148973e-01
1.153535e+00 0. 0. 0. 0. 0. -4.404060e-01 -1.799771e-02 0. 4.079276e-01 -3.273499e-01 0. 0. 0. 0. 0. 4.214613e-01 3.536929e-01 0. -1.375387e-01 5.088959e-01
1.304040e+00 0. 0. 0. 0. 0. -4.617887e-01 -6.845596e-02 0. 3.550561e-01 -3.015927e-01 0. 0. 0. 0. 0. 4.086669e-01 3.609112e-01 0. -1.110944e-01 5.023344e-01
1.454545e+00 0. 0. 0. 0. 0. -4.374248e-01 -1.081611e-01 0. 2.779601e-01 -2.953604e-01 0. 0. 0. 0. 0. 3.796032e-01 3.644841e-01 0. -7.496938e-02 4.958934e-01
1.605051e+00 0. 0. 0. 0. 0. -3.843236e-01 -1.366219e-01 0. 1.929199e-01 -3.014573e-01 0. 0. 0. 0. 0. 3.363067e-01 3.639401e-01 0. -3.271672e-02 4.892620e-01
1.755556e+00 0. 0. 0. 0. 0. -3.163656e-01 -1.549509e-01 0. 1.106755e-01 -3.125955e-01 0. 0. 0. 0. 0. 2.817608e-01 3.592630e-01 0. 1.229093e-02 4.818533e-01
1.906061e+00 0. 0. 0. 0. 0. -2.438952e-01 -1.647838e-01 0. 3.745348e-02 -3.232829e-01 0. 0. 0. 0. 0. 2.194688e-01 3.506787e-01 0. 5.701542e-02 4.729065e-01
2.056566e+00 0. 0. 0. 0. 0. -1.736196e-01 -1.679513e-01 0. -2.393210e-02 -3.302938e-01 0. 0. 0. 0. 0. 1.529462e-01 3.386473e-01 0. 9.902547e-02 4.618082e-01
2.207071e+00 0. 0. 0. 0. 0. -1.094944e-01 -1.660883e-01 0. -7.278409e-02 -3.321181e-01 0. 0. 0. 0. 0. 8.543704e-02 3.236748e-01 0. 1.365158e-01 4.481430e-01
2.357576e+00 0. 0. 0. 0. 0. -5.326009e-02 -1.606375e-01 0. -1.099791e-01 -3.287103e-01 0. 0. 0. 0. 0. 1.970566e-02 3.063591e-01 0. 1.683921e-01 4.318351e-01
2.508081e+00 0. 0. 0. 0. 0. -5.717237e-03 -1.526933e-01 0. -1.366395e-01 -3.203465e-01 0. 0. 0. 0. 0. -4.188215e-02 2.872453e-01 0. 1.939112e-01 4.128702e-01
2.658586e+00 0. 0. 0. 0. 0. 3.345889e-02 -1.432333e-01 0. -1.544462e-01 -3.080107e-01 0. 0. 0. 0. 0. -9.771152e-02 2.670165e-01 0. 2.130236e-01 3.916657e-01
2.809091e+00 0. 0. 0. 0. 0. 6.476637e-02 -1.328858e-01 0. -1.648793e-01 -2.925109e-01 0. 0. 0. 0. 0. -1.464794e-01 2.461293e-01 0. 2.257976e-01 3.685202e-01
2.959596e+00 0. 0. 0. 0. 0. 8.908755e-02 -1.221727e-01 0. -1.694177e-01 -2.747858e-01 0. 0. 0. 0. 0. -1.874876e-01 2.250717e-01 0. 2.326831e-01 3.439393e-01
3.110101e+00 0. 0. 0. 0. 0. 1.073085e-01 -1.114959e-01 0. -1.693515e-01 -2.556743e-01 0. 0. 0. 0. 0. -2.204827e-01 2.042896e-01 0. 2.343215e-01 3.184686e-01
3.260606e+00 0. 0. 0. 0. 0. 1.203203e-01 -1.010886e-01 0. -1.657777e-01 -2.358452e-01 0. 0. 0. 0. 0. -2.454835e-01 1.840844e-01 0. 2.313894e-01 2.925763e-01
3.411111e+00 0. 0. 0. 0. 0. 1.288942e-01 -9.110924e-02 0. -1.595824e-01 -2.158345e-01 0. 0. 0. 0. 0. -2.628184e-01 1.647145e-01 0. 2.246279e-01 2.667204e-01
3.561616e+00 0. 0. 0. 0. 0. 1.338394e-01 -8.168789e-02 0. -1.515723e-01 -1.961423e-01 0. 0. 0. 0. 0. -2.731239e-01 1.464030e-01 0. 2.148633e-01 2.413677e-01
3.712121e+00 0. 0. 0. 0. 0. 1.357673e-01 -7.290658e-02 0. -1.423310e-01 -1.770780e-01 0. 0. 0. 0. 0. -2.770599e-01 1.292975e-01 0. 2.027766e-01 2.168402e-01
3.862626e+00 0. 0. 0. 0. 0. 1.352874e-01 -6.477985e-02 0. -1.323758e-01 -1.589153e-01 0. 0. 0. 0. 0. -2.755003e-01 1.134810e-01 0. 1.890923e-01 1.934568e-01
4.013131e+00 0. 0. 0. 0. 0. 1.328629e-01 -5.731823e-02 0. -1.220735e-01 -1.418086e-01 0. 0. 0. 0. 0. -2.692792e-01 9.899932e-02 0. 1.743919e-01 1.714245e-01
4.163636e+00 0. 0. 0. 0. 0. 1.288780e-01 -5.051390e-02 0. -1.117002e-01 -1.258501e-01 0. 0. 0. 0. 0. -2.592342e-01 8.586094e-02 0. 1.591777e-01 1.508877e-01
4.314141e+00 0. 0. 0. 0. 0. 1.237417e-01 -4.434612e-02 0. -1.015202e-01 -1.111297e-01 0. 0. 0. 0. 0. -2.462573e-01 7.404497e-02 0. 1.439320e-01 1.319699e-01
4.464646e+00 0. 0. 0. 0. 0. 1.177287e-01 -3.877326e-02 0. -9.168494e-02 -9.765065e-02 0. 0. 0. 0. 0. -2.311207e-01 6.349350e-02 0. 1.290018e-01 1.147084e-01
4.615152e+00 0. 0. 0. 0. 0. 1.110780e-01 -3.378235e-02 0. -8.230590e-02 -8.539641e-02 0. 0. 0. 0. 0. -2.145001e-01 5.415732e-02 0. 1.146434e-01 9.909453e-02
4.765657e+00 0. 0. 0. 0. 0. 1.040419e-01 -2.931921e-02 0. -7.348968e-02 -7.434961e-02 0. 0. 0. 0. 0. -1.970787e-01 4.594922e-02 0. 1.011003e-01 8.511263e-02
4.916162e+00 0. 0. 0. 0. 0. 9.673066e-02 -2.534390e-02 0. -6.524691e-02 -6.442501e-02 0. 0. 0. 0. 0. -1.793228e-01 3.877710e-02 0. 8.847049e-02 7.267197e-02
5.066667e+00 0. 0. 0. 0. 0. 8.936009e-02 -2.183026e-02 0. -5.764394e-02 -5.559025e-02 0. 0. 0. 0. 0. -1.617326e-01 3.256390e-02 0. 7.687608e-02 6.170850e-02
5.217172e+00 0. 0. 0. 0. 0. 8.201146e-02 -1.872998e-02 0. -5.066454e-02 -4.775315e-02 0. 0. 0. 0. 0. -1.446314e-01 2.720770e-02 0. 6.633777e-02 5.210784e-02
5.367677e+00 0. 0. 0. 0. 0. 7.481223e-02 -1.600608e-02 0. -4.431712e-02 -4.084838e-02 0. 0. 0. 0. 0. -1.283179e-01 2.262065e-02 0. 5.687335e-02 4.376779e-02
5.518182e+00 0. 0. 0. 0. 0. 6.783013e-02 -1.362400e-02 0. -3.857538e-02 -3.479115e-02 0. 0. 0. 0. 0. -1.129749e-01 1.871508e-02 0. 4.844814e-02 3.656796e-02
5.668687e+00 0. 0. 0. 0. 0. 6.113540e-02 -1.155249e-02 0. -3.341679e-02 -2.950617e-02 0. 0. 0. 0. 0. -9.873959e-02 1.541141e-02 0. 4.101642e-02 3.039410e-02
5.819192e+00 0. 0. 0. 0. 0. 5.478208e-02 -9.756113e-03 0. -2.881141e-02 -2.491844e-02 0. 0. 0. 0. 0. -8.569563e-02 1.263095e-02 0. 3.451911e-02 2.513477e-02
5.969697e+00 0. 0. 0. 0. 0. 4.880364e-02 -8.203818e-03 0. -2.472225e-02 -2.095390e-02 0. 0. 0. 0. 0. -7.387101e-02 1.030277e-02 0. 2.888247e-02 2.068113e-02
6.120202e+00 0. 0. 0. 0. 0. 4.324115e-02 -6.872094e-03 0. -2.111912e-02 -1.754934e-02 0. 0. 0. 0. 0. -6.327022e-02 8.366417e-03 0. 2.403391e-02 1.693504e-02
6.270707e+00 0. 0. 0. 0. 0. 3.808753e-02 -5.732157e-03 0. -1.795279e-02 -1.463329e-02 0. 0. 0. 0. 0. -5.384119e-02 6.762530e-03 0. 1.988656e-02 1.379870e-02
6.421212e+00 0. 0. 0. 0. 0. 3.336756e-02 -4.761936e-03 0. -1.519320e-02 -1.215234e-02 0. 0. 0. 0. 0. -4.553986e-02 5.442027e-03 0. 1.636868e-02 1.119054e-02
6.571717e+00 0. 0. 0. 0. 0. 2.906261e-02 -3.939271e-03 0. -1.279481e-02 -1.004748e-02 0. 0. 0. 0. 0. -3.828322e-02 4.359701e-03 0. 1.340031e-02 9.031498e-03
6.722222e+00 0. 0. 0. 0. 0. 2.517635e-02 -3.244422e-03 0. -1.072629e-02 -8.272890e-03 0. 0. 0. 0. 0. -3.199723e-02 3.476983e-03 0. 1.091485e-02 7.255529e-03
6.872727e+00 0. 0. 0. 0. 0. 2.169163e-02 -2.661279e-03 0. -8.951132e-03 -6.783337e-03 0. 0. 0. 0. 0. -2.659082e-02 2.761083e-03 0. 8.845616e-03 5.802003e-03
7.023232e+00 0. 0. 0. 0. 0. 1.858353e-02 -2.173299e-03 0. -7.433614e-03 -5.537548e-03 0. 0. 0. 0. 0. -2.197251e-02 2.182873e-03 0. 7.132275e-03 4.618111e-03
7.173737e+00 0. 0. 0. 0. 0. 1.583657e-02 -1.767051e-03 0. -6.145643e-03 -4.501892e-03 0. 0. 0. 0. 0. -1.805805e-02 1.718248e-03 0. 5.723214e-03 3.659437e-03
7.324242e+00 0. 0. 0. 0. 0. 1.342139e-02 -1.430695e-03 0. -5.056719e-03 -3.644051e-03 0. 0. 0. 0. 0. -1.475990e-02 1.346769e-03 0. 4.569966e-03 2.886584e-03
7.474747e+00 0. 0. 0. 0. 0. 1.131563e-02 -1.153496e-03 0. -4.142304e-03 -2.937597e-03 0. 0. 0. 0. 0. -1.200122e-02 1.051162e-03 0. 3.632124e-03 2.267026e-03
7.625253e+00 0. 0. 0. 0. 0. 9.488174e-03 -9.259846e-04 0. -3.377121e-03 -2.357788e-03 0. 0. 0. 0. 0. -9.706615e-03 8.169401e-04 0. 2.872912e-03 1.772475e-03
7.775758e+00 0. 0. 0. 0. 0. 7.914894e-03 -7.400775e-04 0. -2.741030e-03 -1.884587e-03 0. 0. 0. 0. 0. -7.810937e-03 6.322349e-04 0. 2.262055e-03 1.379843e-03
7.926263e+00 0. 0. 0. 0. 0. 6.566792e-03 -5.889154e-04 0. -2.214184e-03 -1.499760e-03 0. 0. 0. 0. 0. -6.253104e-03 4.872165e-04 0. 1.772705e-03 1.069426e-03
8.076768e+00 0. 0. 0. 0. 0. 5.419293e-03 -4.665991e-04 0. -1.780196e-03 -1.188337e-03 0. 0. 0. 0. 0. -4.980684e-03 3.738890e-04 0. 1.382792e-03 8.252172e-04
8.227273e+00 0. 0. 0. 0. 0. 4.449455e-03 -3.681108e-04 0. -1.424843e-03 -9.376319e-04 0. 0. 0. 0. 0. -3.947726e-03 2.857409e-04 0. 1.073834e-03 6.340653e-04
8.377778e+00 0. 0. 0. 0. 0. 3.634245e-03 -2.890792e-04 0. -1.135192e-03 -7.366513e-04 0. 0. 0. 0. 0. -3.113644e-03 2.174458e-04 0. 8.301583e-04 4.850987e-04
8.528283e+00 0. 0. 0. 0. 0. 2.953044e-03 -2.260625e-04 0. -9.002569e-04 -5.762645e-04 0. 0. 0. 0. 0. -2.443848e-03 1.647989e-04 0. 6.389051e-04 3.695420e-04
8.678788e+00 0. 0. 0. 0. 0. 2.387080e-03 -1.760075e-04 0. -7.106214e-04 -4.488418e-04 0. 0. 0. 0. 0. -1.908870e-03 1.243787e-04 0. 4.895148e-04 2.803058e-04
8.829293e+00 0. 0. 0. 0. 0. 1.919996e-03 -1.364290e-04 0. -5.584508e-04 -3.481339e-04 0. 0. 0. 0. 0. -1.483993e-03 9.348591e-05 0. 3.734369e-04 2.117302e-04
8.979798e+00 0. 0. 0. 0. 0. 1.536329e-03 -1.052978e-04 0. -4.368160e-04 -2.688417e-04 0. 0. 0. 0. 0. -1.148160e-03 6.997608e-05 0. 2.836126e-04 1.592442e-04
9.130303e+00 0. 0. 0. 0. 0. 1.223173e-03 -8.091576e-05 0. -3.401283e-04 -2.067242e-04 0. 0. 0. 0. 0. -8.841994e-04 5.216363e-05 0. 2.144662e-04 1.192692e-04
9.280808e+00 0. 0. 0. 0. 0. 9.689103e-04 -6.190157e-05 0. -2.636221e-04 -1.582692e-04 0. 0. 0. 0. 0. -6.777432e-04 3.872274e-05 0. 1.614711e-04 8.895033e-05
9.431313e+00 0. 0. 0. 0. 0. 7.637216e-04 -4.716201e-05 0. -2.034137e-04 -1.206589e-04 0. 0. 0. 0. 0. -5.170907e-04 2.862893e-05 0. 1.210473e-04 6.605991e-05
9.581818e+00 0. 0. 0. 0. 0. 5.989717e-04 -3.575980e-05 0. -1.562378e-04 -9.158723e-05 0. 0. 0. 0. 0. -3.927105e-04 2.107429e-05 0. 9.035443e-05 4.885394e-05
9.732323e+00 0. 0. 0. 0. 0. 4.674083e-04 -2.700509e-05 0. -1.194492e-04 -6.921693e-05 0. 0. 0. 0. 0. -2.968700e-04 1.545041e-05 0. 6.715076e-05 3.597636e-05
9.882828e+00 0. 0. 0. 0. 0. 3.629760e-04 -2.030054e-05 0. -9.091901e-05 -5.208895e-05 0. 0. 0. 0. 0. -2.233980e-04 1.127815e-05 0. 4.969421e-05 2.638255e-05
1.003333e+01 0. 0. 0. 0. 0. 2.805393e-04 -1.519654e-05 0. -6.890343e-05 -3.903612e-05 0. 0. 0. 0. 0. -1.673437e-04 8.198284e-06 0. 3.661992e-05 1.926697e-05
1.018384e+01 0. 0. 0. 0. 0. 2.157312e-04 -1.132502e-05 0. -5.197282e-05 -2.912290e-05 0. 0. 0. 0. 0. -1.247621e-04 5.933214e-06 0. 2.686528e-05 1.400934e-05
1.033434e+01 0. 0. 0. 0. 0. 1.650870e-04 -8.402094e-06 0. -3.902485e-05 -2.163300e-05 0. 0. 0. 0. 0. -9.258273e-05 4.275564e-06 0. 1.962325e-05 1.014286e-05
1.048485e+01 0. 0. 0. 0. 0. 1.257355e-04 -6.207286e-06 0. -2.917509e-05 -1.600131e-05 0. 0. 0. 0. 0. -6.838117e-05 3.067319e-06 0. 1.427115e-05 7.311298e-06
1.063535e+01 0. 0. 0. 0. 0. 9.529139e-05 -4.563925e-06 0. -2.171084e-05 -1.178297e-05 0. 0. 0. 0. 0. -5.026696e-05 2.190292e-06 0. 1.033272e-05 5.246895e-06
1.078586e+01 0. 0. 0. 0. 0. 7.188107e-05 -3.342169e-06 0. -1.608619e-05 -8.640095e-06 0. 0. 0. 0. 0. -3.677522e-05 1.557338e-06 0. 7.448149e-06 3.748616e-06
1.093636e+01 0. 0. 0. 0. 0. 5.395548e-05 -2.435848e-06 0. -1.186383e-05 -6.307220e-06 0. 0. 0. 0. 0. -2.677742e-05 1.102168e-06 0. 5.344963e-06 2.666323e-06
1.108687e+01 0. 0. 0. 0. 0. 4.030466e-05 -1.767180e-06 0. -8.710500e-06 -4.583860e-06 0. 0. 0. 0. 0. -1.940116e-05 7.761068e-07 0. 3.818046e-06 1.887554e-06
1.123737e+01 0. 0. 0. 0. 0. 2.996501e-05 -1.276435e-06 0. -6.367137e-06 -3.317084e-06 0. 0. 0. 0. 0. -1.399087e-05 5.443258e-07 0. 2.715344e-06 1.330479e-06
1.138788e+01 0. 0. 0. 0. 0. 2.216554e-05 -9.174537e-07 0. -4.632126e-06 -2.389137e-06 0. 0. 0. 0. 0. -1.003726e-05 3.796804e-07 0. 1.921811e-06 9.331677e-07
1.153838e+01 0. 0. 0. 0. 0. 1.631823e-05 -6.565198e-07 0. -3.355054e-06 -1.713242e-06 0. 0. 0. 0. 0. -7.165254e-06 2.635714e-07 0. 1.353927e-06 6.514414e-07
1.168889e+01 0. 0. 0. 0. 0. 1.195291e-05 -4.675198e-07 0. -2.418601e-06 -1.222789e-06 0. 0. 0. 0. 0. -5.087566e-06 1.820276e-07 0. 9.490932e-07 4.524435e-07
1.183939e+01 0. 0. 0. 0. 0. 8.711779e-06 -3.311678e-07 0. -1.735519e-06 -8.686855e-07 0. 0. 0. 0. 0. -3.593734e-06 1.250090e-07 0. 6.621173e-07 3.127009e-07
1.198990e+01 0. 0. 0. 0. 0. 6.315852e-06 -2.333702e-07 0. -1.239174e-06 -6.140348e-07 0. 0. 0. 0. 0. -2.523557e-06 8.535295e-08 0. 4.593941e-07 2.148945e-07
1.214040e+01 0. 0. 0. 0. 0. 4.556085e-06 -1.637266e-07 0. -8.806838e-07 -4.320342e-07 0. 0. 0. 0. 0. -1.762909e-06 5.802635e-08 0. 3.171945e-07 1.469657e-07
1.229091e+01 0. 0. 0. 0. 0. 3.270036e-06 -1.142412e-07 0. -6.229523e-07 -3.025753e-07 0. 0. 0. 0. 0. -1.226147e-06 3.925375e-08 0. 2.180737e-07 1.000990e-07
1.244141e+01 0. 0. 0. 0. 0. 2.333622e-06 -7.928502e-08 0. -4.383486e-07 -2.107377e-07 0. 0. 0. 0. 0. -8.466102e-07 2.635875e-08 0. 1.489441e-07 6.769405e-08
1.259192e+01 0. 0. 0. 0. 0. 1.656427e-06 -5.469534e-08 0. -3.069004e-07 -1.460428e-07 0. 0. 0. 0. 0. -5.815931e-07 1.760519e-08 0. 1.012337e-07 4.556201e-08
1.274242e+01 0. 0. 0. 0. 0. 1.168379e-06 -3.751288e-08 0. -2.136414e-07 -1.005898e-07 0. 0. 0. 0. 0. -3.961941e-07 1.167372e-08 0. 6.828890e-08 3.041782e-08
1.289293e+01 0. 0. 0. 0. 0. 8.202621e-07 -2.560283e-08 0. -1.480447e-07 -6.899957e-08 0. 0. 0. 0. 0. -2.693210e-07 7.711028e-09 0. 4.594704e-08 2.026934e-08
1.304343e+01 0. 0. 0. 0. 0. 5.721156e-07 -1.734718e-08 0. -1.019802e-07 -4.703063e-08 0. 0. 0. 0. 0. -1.815742e-07 5.052603e-09 0. 3.068451e-08 1.339967e-08
1.319394e+01 0. 0. 0. 0. 0. 3.963027e-07 -1.169253e-08 0. -6.981040e-08 -3.184331e-08 0. 0. 0. 0. 0. -1.212932e-07 3.292019e-09 0. 2.032197e-08 8.780445e-09
1.334444e+01 0. 0. 0. 0. 0. 2.728995e-07 -7.822684e-09 0. -4.752198e-08 -2.144283e-08 0. 0. 0. 0. 0. -8.068843e-08 2.125294e-09 0. 1.340127e-08 5.730337e-09
1.349495e+01 0. 0. 0. 0. 0. 1.870357e-07 -5.213235e-09 0. -3.220029e-08 -1.437788e-08 0. 0. 0. 0. 0. -5.346554e-08 1.371190e-09 0. 8.801924e-09 3.726517e-09
1.364545e+01 0. 0. 0. 0. 0. 1.267287e-07 -3.430888e-09 0. -2.160049e-08 -9.530704e-09 0. 0. 0. 0. 0. -3.484153e-08 8.694908e-10 0. 5.696402e-09 2.384120e-09
1.379596e+01 0. 0. 0. 0. 0. 8.573913e-08 -2.255917e-09 0. -1.446021e-08 -6.312966e-09 0. 0. 0. 0. 0. -2.279835e-08 5.523620e-10 0. 3.696436e-09 1.531771e-09
1.394646e+01 0. 0. 0. 0. 0. 5.736464e-08 -1.468388e-09 0. -9.584423e-09 -4.135676e-09 0. 0. 0. 0. 0. -1.467988e-08 3.470867e-10 0. 2.364400e-09 9.689362e-10
1.409697e+01 0. 0. 0. 0. 0. 3.815519e-08 -9.461695e-10 0. -6.315957e-09 -2.694642e-09 0. 0. 0. 0. 0. -9.424982e-09 2.156052e-10 0. 1.507278e-09 6.111596e-10
1.424747e+01 0. 0. 0. 0. 0. 2.520694e-08 -6.091315e-10 0. -4.135638e-09 -1.744511e-09 0. 0. 0. 0. 0. -6.000704e-09 1.341382e-10 0. 9.533989e-10 3.824684e-10
1.439798e+01 0. 0. 0. 0. 0. 1.642613e-08 -3.846817e-10 0. -2.674612e-09 -1.114296e-09 0. 0. 0. 0. 0. -3.759579e-09 8.149762e-11 0. 5.941785e-10 2.356005e-10
1.454848e+01 0. 0. 0. 0. 0. 1.073003e-08 -2.434375e-10 0. -1.731913e-09 -7.138637e-10 0. 0. 0. 0. 0. -2.375887e-09 4.987677e-11 0. 3.728518e-10 1.463874e-10
1.469899e+01 0. 0. 0. 0. 0. 6.869842e-09 -1.524856e-10 0. -1.101545e-09 -4.483558e-10 0. 0. 0. 0. 0. -1.459212e-09 3.014156e-11 0. 2.280330e-10 8.847761e-11
1.484949e+01 0. 0. 0. 0. 0. 2.242696e-09 -4.919418e-11 0. -3.583375e-10 -1.448597e-10 0. 0. 0. 0. 0. -4.656187e-10 9.528917e-12 0. 7.258851e-11 2.797354e-11
1.500000e+01 0. 0. 0. 0. 0. 0. 0. 0. 0. 0. 0. 0. 0. 0. 0. 0. 0. 0. 0. 0.



C_Au_table=
1.000000e-01 0. 0. 0. 8.783869e-02 8.951564e-02 1.168994e-01 1.222884e-01 -1.962584e-01 -6.509561e-02 -9.587453e-02 0. 0. 0. -8.442678e-02 -7.326008e-02 2.957677e-01 2.946574e-01 -2.563536e-03 3.450912e-02 4.757915e-01
2.505051e-01 0. 0. 0. 3.082963e-01 2.136802e-01 1.429968e-01 1.197472e-01 5.667270e-01 2.572024e-01 9.431667e-02 0. 0. 0. -2.073359e-01 -1.817081e-01 3.036933e-01 2.973302e-01 -1.581530e-02 8.683126e-02 4.808111e-01
4.010101e-01 0. 0. 0. 7.276455e-01 4.701549e-01 2.198858e-01 1.451639e-01 6.901112e-01 2.306863e-01 -2.088085e-02 0. 0. 0. -3.160243e-01 -2.847625e-01 3.192038e-01 3.023601e-01 -2.322279e-02 1.464586e-01 4.931470e-01
5.515152e-01 0. 0. 0. 9.894700e-01 7.578909e-01 1.612325e-01 1.611352e-01 2.268495e-01 -8.458075e-02 -2.879688e-01 0. 0. 0. -3.954710e-01 -3.765795e-01 3.433486e-01 3.100464e-01 -1.960557e-02 2.105632e-01 5.075719e-01
7.020202e-01 0. 0. 0. 9.915310e-01 9.701396e-01 -1.395056e-02 1.435021e-01 -1.804928e-01 -2.934875e-01 -4.171026e-01 0. 0. 0. -4.359714e-01 -4.513580e-01 3.725708e-01 3.203109e-01 -1.674721e-02 2.694254e-01 5.166450e-01
8.525253e-01 0. 0. 0. 8.158106e-01 1.078190e+00 -2.088945e-01 9.817102e-02 -3.453692e-01 -3.428504e-01 -4.182046e-01 0. 0. 0. -4.371895e-01 -5.060595e-01 3.997742e-01 3.320042e-01 -2.487555e-02 3.180577e-01 5.183910e-01
1.003030e+00 0. 0. 0. 5.673647e-01 1.096700e+00 -3.582614e-01 4.010412e-02 -3.178585e-01 -3.059128e-01 -3.704916e-01 0. 0. 0. -4.053069e-01 -5.401485e-01 4.177373e-01 3.436702e-01 -4.702834e-02 3.570330e-01 5.148973e-01
1.153535e+00 0. 0. 0. 3.180088e-01 1.053289e+00 -4.408278e-01 -1.794511e-02 -1.922029e-01 -2.495306e-01 -3.250831e-01 0. 0. 0. -3.493968e-01 -5.552981e-01 4.214613e-01 3.536929e-01 -8.067585e-02 3.891839e-01 5.088959e-01
1.304040e+00 0. 0. 0. 1.039961e-01 9.731202e-01 -4.619279e-01 -6.848144e-02 -3.975475e-02 -2.076049e-01 -2.998112e-01 0. 0. 0. -2.787634e-01 -5.540966e-01 4.086669e-01 3.609112e-01 -1.208601e-01 4.173760e-01 5.023344e-01
1.454545e+00 0. 0. 0. -6.229092e-02 8.754643e-01 -4.373535e-01 -1.082270e-01 9.958571e-02 -1.893507e-01 -2.939691e-01 0. 0. 0. -2.015001e-01 -5.398455e-01 3.796032e-01 3.644841e-01 -1.624506e-01 4.433108e-01 4.958934e-01
1.605051e+00 0. 0. 0. -1.817057e-01 7.729859e-01 -3.840518e-01 -1.367374e-01 2.091719e-01 -1.917167e-01 -3.003988e-01 0. 0. 0. -1.239010e-01 -5.155960e-01 3.363067e-01 3.639401e-01 -2.013495e-01 4.674996e-01 4.892620e-01
1.755556e+00 0. 0. 0. -2.608631e-01 6.734578e-01 -3.160568e-01 -1.550821e-01 2.857555e-01 -2.076457e-01 -3.117778e-01 0. 0. 0. -5.066337e-02 -4.842964e-01 2.817608e-01 3.592630e-01 -2.345941e-01 4.897056e-01 4.818533e-01
1.906061e+00 0. 0. 0. -3.081069e-01 5.811077e-01 -2.435986e-01 -1.649345e-01 3.326992e-01 -2.300948e-01 -3.226473e-01 0. 0. 0. 1.516006e-02 -4.484175e-01 2.194688e-01 3.506787e-01 -2.605517e-01 5.091724e-01 4.729065e-01
2.056566e+00 0. 0. 0. -3.314526e-01 4.978544e-01 -1.733671e-01 -1.680894e-01 3.557342e-01 -2.536311e-01 -3.297841e-01 0. 0. 0. 7.178573e-02 -4.099986e-01 1.529462e-01 3.386473e-01 -2.785762e-01 5.250145e-01 4.618082e-01
2.207071e+00 0. 0. 0. -3.376017e-01 4.242371e-01 -1.092171e-01 -1.662170e-01 3.607710e-01 -2.747179e-01 -3.317740e-01 0. 0. 0. 1.183404e-01 -3.706786e-01 8.543704e-02 3.236748e-01 -2.887340e-01 5.364162e-01 4.481430e-01
2.357576e+00 0. 0. 0. -3.318695e-01 3.600834e-01 -5.305993e-02 -1.607409e-01 3.530470e-01 -2.913659e-01 -3.284224e-01 0. 0. 0. 1.548175e-01 -3.318601e-01 1.970566e-02 3.063591e-01 -2.917028e-01 5.428071e-01 4.318351e-01
2.508081e+00 0. 0. 0. -3.183240e-01 3.046339e-01 -5.501292e-03 -1.528089e-01 3.367939e-01 -3.027293e-01 -3.201694e-01 0. 0. 0. 1.816770e-01 -2.943560e-01 -4.188215e-02 2.872453e-01 -2.883864e-01 5.437725e-01 4.128702e-01
2.658586e+00 0. 0. 0. -2.998248e-01 2.570743e-01 3.361317e-02 -1.433245e-01 3.151842e-01 -3.087006e-01 -3.078658e-01 0. 0. 0. 1.996359e-01 -2.589688e-01 -9.771152e-02 2.670165e-01 -2.797915e-01 5.393742e-01 3.916657e-01
2.809091e+00 0. 0. 0. -2.785998e-01 2.164523e-01 6.491539e-02 -1.329713e-01 2.906672e-01 -3.096425e-01 -2.924177e-01 0. 0. 0. 2.098203e-01 -2.260440e-01 -1.464794e-01 2.461293e-01 -2.670812e-01 5.296956e-01 3.685202e-01
2.959596e+00 0. 0. 0. -2.560808e-01 1.818959e-01 8.921506e-02 -1.222629e-01 2.649140e-01 -3.061399e-01 -2.747316e-01 0. 0. 0. 2.133023e-01 -1.958709e-01 -1.874876e-01 2.250717e-01 -2.512842e-01 5.151487e-01 3.439393e-01
3.110101e+00 0. 0. 0. -2.333187e-01 1.525959e-01 1.074202e-01 -1.115652e-01 2.391219e-01 -2.988923e-01 -2.556382e-01 0. 0. 0. 2.112300e-01 -1.685890e-01 -2.204827e-01 2.042896e-01 -2.333653e-01 4.963136e-01 3.184686e-01
3.260606e+00 0. 0. 0. -2.110366e-01 1.278015e-01 1.203995e-01 -1.011394e-01 2.141048e-01 -2.885998e-01 -2.358162e-01 0. 0. 0. 2.047700e-01 -1.441646e-01 -2.454835e-01 1.840844e-01 -2.142068e-01 4.737961e-01 2.925763e-01
3.411111e+00 0. 0. 0. -1.896993e-01 1.068556e-01 1.289892e-01 -9.116031e-02 1.903794e-01 -2.759434e-01 -2.158336e-01 0. 0. 0. 1.949538e-01 -1.225058e-01 -2.628184e-01 1.647145e-01 -1.945205e-01 4.482887e-01 2.667204e-01
3.561616e+00 0. 0. 0. -1.695905e-01 8.920581e-02 1.339153e-01 -8.174132e-02 1.682547e-01 -2.615259e-01 -1.961471e-01 0. 0. 0. 1.827415e-01 -1.035088e-01 -2.731239e-01 1.464030e-01 -1.749164e-01 4.205694e-01 2.413677e-01
3.712121e+00 0. 0. 0. -1.508816e-01 7.434506e-02 1.358486e-01 -7.294984e-02 1.478936e-01 -2.458988e-01 -1.770936e-01 0. 0. 0. 1.689530e-01 -8.695515e-02 -2.770599e-01 1.292975e-01 -1.558493e-01 3.913101e-01 2.168402e-01
3.862626e+00 0. 0. 0. -1.336543e-01 6.185822e-02 1.353469e-01 -6.481619e-02 1.293588e-01 -2.295206e-01 -1.589269e-01 0. 0. 0. 1.543209e-01 -7.266199e-02 -2.755003e-01 1.134810e-01 -1.376953e-01 3.612170e-01 1.934568e-01
4.013131e+00 0. 0. 0. -1.179142e-01 5.137766e-02 1.329016e-01 -5.734941e-02 1.126304e-01 -2.127892e-01 -1.418158e-01 0. 0. 0. 1.394043e-01 -6.040145e-02 -2.692792e-01 9.899932e-02 -1.206894e-01 3.308857e-01 1.714245e-01
4.163636e+00 0. 0. 0. -1.036163e-01 4.259352e-02 1.289352e-01 -5.054012e-02 9.763626e-02 -1.960365e-01 -1.258673e-01 0. 0. 0. 1.246275e-01 -4.995541e-02 -2.592342e-01 8.586094e-02 -1.049712e-01 3.008401e-01 1.508877e-01
4.314141e+00 0. 0. 0. -9.072290e-02 3.524439e-02 1.237907e-01 -4.436565e-02 8.429510e-02 -1.795238e-01 -1.111447e-01 0. 0. 0. 1.103951e-01 -4.111828e-02 -2.462573e-01 7.404497e-02 -9.066036e-02 2.715731e-01 1.319699e-01
4.464646e+00 0. 0. 0. -7.915852e-02 2.910296e-02 1.177711e-01 -3.879613e-02 7.249480e-02 -1.634677e-01 -9.766508e-02 0. 0. 0. 9.696116e-02 -3.368317e-02 -2.311207e-01 6.349350e-02 -7.778255e-02 2.434534e-01 1.147084e-01
4.615152e+00 0. 0. 0. -6.881734e-02 2.398070e-02 1.111284e-01 -3.379795e-02 6.210235e-02 -1.480357e-01 -8.541341e-02 0. 0. 0. 8.445439e-02 -2.746595e-02 -2.145001e-01 5.415732e-02 -6.629257e-02 2.167626e-01 9.909453e-02
4.765657e+00 0. 0. 0. -5.962615e-02 1.971669e-02 1.040675e-01 -2.933105e-02 5.300411e-02 -1.333484e-01 -7.435787e-02 0. 0. 0. 7.302200e-02 -2.229971e-02 -1.970787e-01 4.594922e-02 -5.616335e-02 1.917497e-01 8.511263e-02
4.916162e+00 0. 0. 0. -5.147794e-02 1.617099e-02 9.677400e-02 -2.535875e-02 4.506826e-02 -1.195014e-01 -6.443982e-02 0. 0. 0. 6.267457e-02 -1.802232e-02 -1.793228e-01 3.877710e-02 -4.729429e-02 1.685218e-01 7.267197e-02
5.066667e+00 0. 0. 0. -4.428824e-02 1.323202e-02 8.939106e-02 -2.184032e-02 3.818007e-02 -1.065505e-01 -5.560036e-02 0. 0. 0. 5.343156e-02 -1.450712e-02 -1.617326e-01 3.256390e-02 -3.960148e-02 1.471974e-01 6.170850e-02
5.217172e+00 0. 0. 0. -3.796640e-02 1.079888e-02 8.204555e-02 -1.873789e-02 3.222514e-02 -9.453204e-02 -4.776390e-02 0. 0. 0. 4.525513e-02 -1.162750e-02 -1.446314e-01 2.720770e-02 -3.297645e-02 1.277834e-01 5.210784e-02
5.367677e+00 0. 0. 0. -3.243205e-02 8.789939e-03 7.483784e-02 -1.601322e-02 2.710027e-02 -8.345734e-02 -4.085621e-02 0. 0. 0. 3.809822e-02 -9.282228e-03 -1.283179e-01 2.262065e-02 -2.731670e-02 1.102768e-01 4.376779e-02
5.518182e+00 0. 0. 0. -2.760289e-02 7.134762e-03 6.785172e-02 -1.363121e-02 2.270614e-02 -7.332196e-02 -3.479780e-02 0. 0. 0. 3.188334e-02 -7.379623e-03 -1.129749e-01 1.871508e-02 -2.251160e-02 9.461266e-02 3.656796e-02
5.668687e+00 0. 0. 0. -2.340458e-02 5.775095e-03 6.115629e-02 -1.155748e-02 1.895353e-02 -6.410781e-02 -2.951217e-02 0. 0. 0. 2.652720e-02 -5.844313e-03 -9.873959e-02 1.541141e-02 -1.845706e-02 8.070976e-02 3.039410e-02
5.819192e+00 0. 0. 0. -1.977049e-02 4.660851e-03 5.480085e-02 -9.759866e-03 1.576243e-02 -5.578261e-02 -2.492359e-02 0. 0. 0. 2.195032e-02 -4.610423e-03 -8.569563e-02 1.263095e-02 -1.505922e-02 6.846535e-02 2.513477e-02
5.969697e+00 0. 0. 0. -1.663690e-02 3.749937e-03 4.882278e-02 -8.208324e-03 1.305945e-02 -4.830610e-02 -2.095912e-02 0. 0. 0. 1.806718e-02 -3.622464e-03 -7.387101e-02 1.030277e-02 -1.222846e-02 5.775777e-02 2.068113e-02
6.120202e+00 0. 0. 0. -1.394668e-02 3.008126e-03 4.325077e-02 -6.875200e-03 1.077978e-02 -4.163313e-02 -1.755194e-02 0. 0. 0. 1.479541e-02 -2.836087e-03 -6.327022e-02 8.366417e-03 -9.884102e-03 4.846584e-02 1.693504e-02
6.270707e+00 0. 0. 0. -1.164465e-02 2.405254e-03 3.809849e-02 -5.734873e-03 8.863756e-03 -3.571136e-02 -1.463609e-02 0. 0. 0. 1.205340e-02 -2.211608e-03 -5.384119e-02 6.762530e-03 -7.951503e-03 4.044882e-02 1.379870e-02
6.421212e+00 0. 0. 0. -9.684474e-03 1.917162e-03 3.337222e-02 -4.763719e-03 7.260707e-03 -3.048653e-02 -1.215355e-02 0. 0. 0. 9.772312e-03 -1.718470e-03 -4.553986e-02 5.442027e-03 -6.368401e-03 3.358316e-02 1.119054e-02
6.571717e+00 0. 0. 0. -8.021251e-03 1.523059e-03 2.907014e-02 -3.940492e-03 5.924383e-03 -2.590304e-02 -1.004925e-02 0. 0. 0. 7.883283e-03 -1.330182e-03 -3.828322e-02 4.359701e-03 -5.076990e-03 2.773646e-02 9.031498e-03
6.722222e+00 0. 0. 0. -6.617221e-03 1.205893e-03 2.518250e-02 -3.245673e-03 4.815532e-03 -2.190430e-02 -8.274315e-03 0. 0. 0. 6.330380e-03 -1.025799e-03 -3.199723e-02 3.476983e-03 -4.030149e-03 2.279189e-02 7.255529e-03
6.872727e+00 0. 0. 0. -5.436586e-03 9.516023e-04 2.169500e-02 -2.662055e-03 3.898962e-03 -1.843524e-02 -6.784112e-03 0. 0. 0. 5.059746e-03 -7.882336e-04 -2.659082e-02 2.761083e-03 -3.185230e-03 1.863454e-02 5.802003e-03
7.023232e+00 0. 0. 0. -4.447963e-03 7.483099e-04 1.858845e-02 -2.174059e-03 3.144377e-03 -1.544227e-02 -5.538601e-03 0. 0. 0. 4.025236e-03 -6.033942e-04 -2.197251e-02 2.182873e-03 -2.506405e-03 1.515878e-02 4.618111e-03
7.173737e+00 0. 0. 0. -3.624297e-03 5.863962e-04 1.584037e-02 -1.767866e-03 2.525985e-03 -1.287414e-02 -4.502696e-03 0. 0. 0. 3.188266e-03 -4.602093e-04 -1.805805e-02 1.718248e-03 -1.964065e-03 1.227122e-02 3.659437e-03
7.324242e+00 0. 0. 0. -2.940622e-03 4.579091e-04 1.342555e-02 -1.431413e-03 2.021081e-03 -1.068239e-02 -3.644906e-03 0. 0. 0. 2.513781e-03 -3.497258e-04 -1.475990e-02 1.346769e-03 -1.532422e-03 9.884754e-03 2.886584e-03
7.474747e+00 0. 0. 0. -2.376082e-03 3.563216e-04 1.131803e-02 -1.153994e-03 1.610758e-03 -8.822070e-03 -2.938093e-03 0. 0. 0. 1.973513e-03 -2.648235e-04 -1.200122e-02 1.051162e-03 -1.190748e-03 7.924454e-03 2.267026e-03
7.625253e+00 0. 0. 0. -1.911738e-03 2.762695e-04 9.490481e-03 -9.263183e-04 1.278573e-03 -7.251420e-03 -2.358218e-03 0. 0. 0. 1.542443e-03 -1.997943e-04 -9.706615e-03 8.169401e-04 -9.213232e-04 6.322239e-03 1.772475e-03
7.775758e+00 0. 0. 0. -1.531733e-03 2.134318e-04 7.915851e-03 -7.403235e-04 1.010873e-03 -5.932349e-03 -1.884765e-03 0. 0. 0. 1.200483e-03 -1.501964e-04 -7.810937e-03 6.322349e-04 -7.099801e-04 5.020296e-03 1.379843e-03
7.926263e+00 0. 0. 0. -1.221979e-03 1.642763e-04 6.567547e-03 -5.891055e-04 7.959685e-04 -4.830332e-03 -1.499880e-03 0. 0. 0. 9.302429e-04 -1.124865e-04 -6.253104e-03 4.872165e-04 -5.448191e-04 3.967475e-03 1.069426e-03
8.076768e+00 0. 0. 0. -9.706926e-04 1.259772e-04 5.420420e-03 -4.667366e-04 6.242141e-04 -3.914605e-03 -1.188492e-03 0. 0. 0. 7.177060e-04 -8.393809e-05 -4.980684e-03 3.738890e-04 -4.163369e-04 3.120718e-03 8.252172e-04
8.227273e+00 0. 0. 0. -7.678196e-04 9.625222e-05 4.450381e-03 -3.681797e-04 4.875497e-04 -3.157602e-03 -9.377367e-04 0. 0. 0. 5.514306e-04 -6.241094e-05 -3.947726e-03 2.857409e-04 -3.168737e-04 2.443380e-03 6.340653e-04
8.377778e+00 0. 0. 0. -6.047525e-04 7.326160e-05 3.634983e-03 -2.891527e-04 3.792580e-04 -2.535009e-03 -7.367063e-04 0. 0. 0. 4.219053e-04 -4.623133e-05 -3.113644e-03 2.174458e-04 -2.401937e-04 1.904217e-03 4.850987e-04
8.528283e+00 0. 0. 0. -4.742706e-04 5.555499e-05 2.953722e-03 -2.260994e-04 2.938131e-04 -2.025643e-03 -5.762894e-04 0. 0. 0. 3.214389e-04 -3.412300e-05 -2.443848e-03 1.647989e-04 -1.813242e-04 1.477220e-03 3.695420e-04
8.678788e+00 0. 0. 0. -3.703397e-04 4.196750e-05 2.387889e-03 -1.760175e-04 2.266828e-04 -1.611025e-03 -4.488595e-04 0. 0. 0. 2.438617e-04 -2.509305e-05 -1.908870e-03 1.243787e-04 -1.363226e-04 1.140724e-03 2.803058e-04
8.829293e+00 0. 0. 0. -2.879611e-04 3.158338e-05 1.920671e-03 -1.364257e-04 1.741797e-04 -1.275270e-03 -3.481101e-04 0. 0. 0. 1.842590e-04 -1.838605e-05 -1.483993e-03 9.348591e-05 -1.020835e-04 8.769168e-04 2.117302e-04
8.979798e+00 0. 0. 0. -2.229291e-04 2.367670e-05 1.537027e-03 -1.052724e-04 1.332772e-04 -1.004724e-03 -2.687971e-04 0. 0. 0. 1.386330e-04 -1.342153e-05 -1.148160e-03 6.997608e-05 -7.612870e-05 6.710390e-04 1.592442e-04
9.130303e+00 0. 0. 0. -1.718511e-04 1.768154e-05 1.223871e-03 -8.087290e-05 1.015631e-04 -7.878825e-04 -2.066659e-04 0. 0. 0. 1.038788e-04 -9.761919e-06 -8.841994e-04 5.216363e-05 -5.654621e-05 5.112055e-04 1.192692e-04
9.280808e+00 0. 0. 0. -1.319050e-04 1.315223e-05 9.696605e-04 -6.184958e-05 7.707077e-05 -6.148959e-04 -1.581990e-04 0. 0. 0. 7.751519e-05 -7.073388e-06 -6.777432e-04 3.872274e-05 -4.183045e-05 3.876839e-04 8.895033e-05
9.431313e+00 0. 0. 0. -1.008075e-04 9.745328e-06 7.644358e-04 -4.708737e-05 5.823941e-05 -4.776111e-04 -1.205694e-04 0. 0. 0. 5.760366e-05 -5.106999e-06 -5.170907e-04 2.862893e-05 -3.081898e-05 2.926910e-04 6.605991e-05
9.581818e+00 0. 0. 0. -7.671326e-05 7.191078e-06 5.996780e-04 -3.568193e-05 4.382440e-05 -3.691961e-04 -9.148504e-05 0. 0. 0. 4.263408e-05 -3.672586e-06 -3.927105e-04 2.107429e-05 -2.261551e-05 2.199851e-04 4.885394e-05
9.732323e+00 0. 0. 0. -5.812322e-05 5.285345e-06 4.681002e-04 -2.691332e-05 3.283702e-05 -2.840307e-04 -6.911078e-05 0. 0. 0. 3.142146e-05 -2.631626e-06 -2.968700e-04 1.545041e-05 -1.652717e-05 1.645981e-04 3.597636e-05
9.882828e+00 0. 0. 0. -4.384824e-05 3.868196e-06 3.635683e-04 -2.020038e-05 2.450088e-05 -2.174757e-04 -5.197920e-05 0. 0. 0. 2.306466e-05 -1.878339e-06 -2.233980e-04 1.127815e-05 -1.202972e-05 1.226075e-04 2.638255e-05
1.003333e+01 0. 0. 0. -3.293267e-05 2.819349e-06 2.809082e-04 -1.508950e-05 1.820883e-05 -1.658233e-04 -3.893567e-05 0. 0. 0. 1.686198e-05 -1.335677e-06 -1.673437e-04 8.198284e-06 -8.721256e-06 9.092600e-05 1.926697e-05
1.018384e+01 0. 0. 0. -2.461834e-05 2.045995e-06 2.158344e-04 -1.121499e-05 1.347187e-05 -1.257867e-04 -2.902860e-05 0. 0. 0. 1.227443e-05 -9.460140e-07 -1.247621e-04 5.933214e-06 -6.296080e-06 6.712103e-05 1.400934e-05
1.033434e+01 0. 0. 0. -1.831808e-05 1.478539e-06 1.649354e-04 -8.296395e-06 9.919564e-06 -9.486871e-05 -2.153335e-05 0. 0. 0. 8.897710e-06 -6.674155e-07 -9.258273e-05 4.275564e-06 -4.526552e-06 4.932274e-05 1.014286e-05
1.048485e+01 0. 0. 0. -1.356731e-05 1.063750e-06 1.253569e-04 -6.105276e-06 7.269025e-06 -7.114318e-05 -1.589297e-05 0. 0. 0. 6.423043e-06 -4.690252e-07 -6.838117e-05 3.067319e-06 -3.240640e-06 3.607226e-05 7.311298e-06
1.063535e+01 0. 0. 0. -1.000234e-05 7.618212e-07 9.477692e-05 -4.469497e-06 5.302147e-06 -5.307332e-05 -1.167363e-05 0. 0. 0. 4.616901e-06 -3.282263e-07 -5.026696e-05 2.190292e-06 -2.310156e-06 2.625712e-05 5.246895e-06
1.078586e+01 0. 0. 0. -7.339372e-06 5.432823e-07 7.126326e-05 -3.256289e-06 3.849067e-06 -3.937540e-05 -8.531905e-06 0. 0. 0. 3.304522e-06 -2.288140e-07 -3.677522e-05 1.557338e-06 -1.639756e-06 1.902072e-05 3.748616e-06
1.093636e+01 0. 0. 0. -5.360558e-06 3.856610e-07 5.330590e-05 -2.360215e-06 2.781538e-06 -2.906690e-05 -6.206408e-06 0. 0. 0. 2.355057e-06 -1.588429e-07 -2.677742e-05 1.102168e-06 -1.158929e-06 1.371399e-05 2.666323e-06
1.108687e+01 0. 0. 0. -3.896016e-06 2.723796e-07 3.964730e-05 -1.700648e-06 1.999919e-06 -2.133229e-05 -4.490875e-06 0. 0. 0. 1.671008e-06 -1.097761e-07 -1.940116e-05 7.761068e-07 -8.153869e-07 9.837343e-06 1.887554e-06
1.123737e+01 0. 0. 0. -2.818531e-06 1.916330e-07 2.933570e-05 -1.220514e-06 1.431574e-06 -1.558102e-05 -3.234781e-06 0. 0. 0. 1.180625e-06 -7.558110e-08 -1.399087e-05 5.443258e-07 -5.712790e-07 7.024376e-06 1.330479e-06
1.138788e+01 0. 0. 0. -2.028579e-06 1.340757e-07 2.157837e-05 -8.702071e-07 1.019334e-06 -1.131147e-05 -2.317152e-06 0. 0. 0. 8.302754e-07 -5.178799e-08 -1.003726e-05 3.796804e-07 -3.983413e-07 4.989035e-06 9.331677e-07
1.153838e+01 0. 0. 0. -1.452805e-06 9.335600e-08 1.578285e-05 -6.170806e-07 7.221824e-07 -8.165908e-06 -1.651241e-06 0. 0. 0. 5.813043e-07 -3.533439e-08 -7.165254e-06 2.635714e-07 -2.765007e-07 3.525645e-06 6.514414e-07
1.168889e+01 0. 0. 0. -1.034830e-06 6.466593e-08 1.147231e-05 -4.350732e-07 5.088265e-07 -5.858077e-06 -1.169938e-06 0. 0. 0. 4.050418e-07 -2.399454e-08 -5.087566e-06 1.820276e-07 -1.909820e-07 2.477776e-06 4.524435e-07
1.183939e+01 0. 0. 0. -7.333063e-07 4.454030e-08 8.290355e-06 -3.047404e-07 3.566486e-07 -4.178272e-06 -8.244615e-07 0. 0. 0. 2.809257e-07 -1.621430e-08 -3.593734e-06 1.250090e-07 -1.312944e-07 1.732269e-06 3.127009e-07
1.198990e+01 0. 0. 0. -5.165350e-07 3.049714e-08 5.949566e-06 -2.120330e-07 2.484305e-07 -2.958889e-06 -5.772393e-07 0. 0. 0. 1.938199e-07 -1.089921e-08 -2.523557e-06 8.535295e-08 -8.976821e-08 1.203635e-06 2.148945e-07
1.214040e+01 0. 0. 0. -3.619605e-07 2.079408e-08 4.245339e-06 -1.468941e-07 1.721717e-07 -2.083957e-06 -4.020570e-07 0. 0. 0. 1.330933e-07 -7.296791e-09 -1.762909e-06 5.802635e-08 -6.108631e-08 8.320469e-07 1.469657e-07
1.229091e+01 0. 0. 0. -2.525661e-07 1.410842e-08 3.016255e-06 -1.012326e-07 1.188564e-07 -1.462226e-06 -2.789389e-07 0. 0. 0. 9.101239e-08 -4.862584e-09 -1.226147e-06 3.925375e-08 -4.140226e-08 5.728202e-07 1.000990e-07
1.244141e+01 0. 0. 0. -1.749069e-07 9.498930e-09 2.123719e-06 -6.913593e-08 8.138091e-08 -1.015998e-06 -1.918594e-07 0. 0. 0. 6.184652e-08 -3.219736e-09 -8.466102e-07 2.635875e-08 -2.787080e-08 3.912454e-07 6.769405e-08
1.259192e+01 0. 0. 0. -1.205200e-07 6.362016e-09 1.487363e-06 -4.695443e-08 5.545586e-08 -7.024865e-07 -1.313234e-07 0. 0. 0. 4.182888e-08 -2.121263e-09 -5.815931e-07 1.760519e-08 -1.867494e-08 2.659218e-07 4.556201e-08
1.274242e+01 0. 0. 0. -8.231864e-08 4.229097e-09 1.030858e-06 -3.161742e-08 3.743430e-08 -4.803257e-07 -8.900390e-08 0. 0. 0. 2.808648e-08 -1.388616e-09 -3.961941e-07 1.167372e-08 -1.241608e-08 1.791166e-07 3.041782e-08
1.289293e+01 0. 0. 0. -5.613377e-08 2.801101e-09 7.140614e-07 -2.122038e-08 2.525238e-08 -3.286536e-07 -6.029757e-08 0. 0. 0. 1.880932e-08 -9.054566e-10 -2.693210e-07 7.711028e-09 -8.238425e-09 1.204936e-07 2.026934e-08
1.304343e+01 0. 0. 0. -3.795230e-08 1.840112e-09 4.896786e-07 -1.410814e-08 1.688072e-08 -2.225032e-07 -4.046331e-08 0. 0. 0. 1.250674e-08 -5.862466e-10 -1.815742e-07 5.052603e-09 -5.424914e-09 8.035035e-08 1.339967e-08
1.319394e+01 0. 0. 0. -2.541478e-08 1.201947e-09 3.320863e-07 -9.324367e-09 1.117069e-08 -1.488935e-07 -2.687117e-08 0. 0. 0. 8.249416e-09 -3.775372e-10 -1.212932e-07 3.292019e-09 -3.541808e-09 5.306185e-08 8.780445e-09
1.334444e+01 0. 0. 0. -1.695295e-08 7.776475e-10 2.244005e-07 -6.096584e-09 7.366319e-09 -9.932811e-08 -1.778108e-08 0. 0. 0. 5.418616e-09 -2.411472e-10 -8.068843e-08 2.125294e-09 -2.303283e-09 3.490695e-08 5.730337e-09
1.349495e+01 0. 0. 0. -1.126527e-08 5.030814e-10 1.511077e-07 -3.991023e-09 4.841981e-09 -6.608518e-08 -1.173065e-08 0. 0. 0. 3.544683e-09 -1.538042e-10 -5.346554e-08 1.371190e-09 -1.492374e-09 2.288633e-08 3.726517e-09
1.364545e+01 0. 0. 0. -7.355992e-09 3.196251e-10 9.962924e-08 -2.556727e-09 3.122011e-09 -4.296675e-08 -7.583438e-09 0. 0. 0. 2.286603e-09 -9.667710e-11 -3.484153e-08 8.694908e-10 -9.520649e-10 1.473184e-08 2.384120e-09
1.379596e+01 0. 0. 0. -4.827015e-09 2.035082e-10 6.620035e-08 -1.645091e-09 2.026732e-09 -2.821559e-08 -4.939565e-09 0. 0. 0. 1.478350e-09 -6.078643e-11 -2.279835e-08 5.523620e-10 -6.096397e-10 9.538738e-09 1.531771e-09
1.394646e+01 0. 0. 0. -3.114599e-09 1.281607e-10 4.312322e-08 -1.045340e-09 1.292024e-09 -1.813897e-08 -3.157301e-09 0. 0. 0. 9.426677e-10 -3.785165e-11 -1.467988e-08 3.470867e-10 -3.845570e-10 6.069903e-09 9.689362e-10
1.409697e+01 0. 0. 0. -2.004668e-09 7.975710e-11 2.804135e-08 -6.554909e-10 8.221629e-10 -1.164990e-08 -2.014334e-09 0. 0. 0. 5.991205e-10 -2.332795e-11 -9.424982e-09 2.156052e-10 -2.419046e-10 3.853695e-09 6.111596e-10
1.424747e+01 0. 0. 0. -1.279074e-09 4.973197e-11 1.806439e-08 -4.126086e-10 5.185939e-10 -7.412643e-09 -1.274052e-09 0. 0. 0. 3.778073e-10 -1.438021e-11 -6.000704e-09 1.341382e-10 -1.509653e-10 2.426132e-09 3.824684e-10
1.439798e+01 0. 0. 0. -8.028046e-10 3.025757e-11 1.141944e-08 -2.523685e-10 3.214672e-10 -4.623609e-09 -7.911720e-10 0. 0. 0. 2.349137e-10 -8.685314e-12 -3.759579e-09 8.149762e-11 -9.280858e-11 1.501548e-09 2.356005e-10
1.454848e+01 0. 0. 0. -5.086927e-10 1.855815e-11 7.311641e-09 -1.560839e-10 2.015767e-10 -2.927496e-09 -4.974361e-10 0. 0. 0. 1.469808e-10 -5.272140e-12 -2.375887e-09 4.987677e-11 -5.751162e-11 9.391789e-10 1.463874e-10
1.469899e+01 0. 0. 0. -3.127980e-10 1.123489e-11 4.522778e-09 -9.516235e-11 1.224029e-10 -1.786850e-09 -3.026267e-10 0. 0. 0. 8.969049e-11 -3.163404e-12 -1.459212e-09 3.014156e-11 -3.469039e-11 5.697424e-10 8.847761e-11
1.484949e+01 0. 0. 0. -9.987762e-11 3.555427e-12 1.448985e-09 -3.023852e-11 3.880404e-11 -5.681475e-10 -9.604268e-11 0. 0. 0. 2.851405e-11 -9.959087e-13 -4.656187e-10 9.528917e-12 -1.095501e-11 1.805180e-10 2.797354e-11
1.500000e+01 0. 0. 0. 0. 0. 0. 0. 0. 0. 0. 0. 0. 0. 0. 0. 0. 0. 0. 0. 0.



repulsion_comment=
*** NO REPULSION ***

kill_radius=4.7
