slako_comment=
Au xc=PW92 charge=0.0 conf:frauenheim r0=4.755
H xc=PW92 charge=0.0 conf:frauenheim r0=1.084
Wed Nov 25 11:45:53 2009 


Au_H_table=
1.000000e-01 0. 0. 0. 0. 0. 0. 0. 0. 0. -2.019983e-02 0. 0. 0. 0. 0. 0. 0. 0. 0. -7.679372e-02
2.505051e-01 0. 0. 0. 0. 0. 0. 0. 0. 0. -1.300784e-02 0. 0. 0. 0. 0. 0. 0. 0. 0. -8.409018e-02
4.010101e-01 0. 0. 0. 0. 0. 0. 0. 0. 0. -2.879065e-02 0. 0. 0. 0. 0. 0. 0. 0. 0. -9.727181e-02
5.515152e-01 0. 0. 0. 0. 0. 0. 0. 0. 0. -5.171512e-02 0. 0. 0. 0. 0. 0. 0. 0. 0. -1.164581e-01
7.020202e-01 0. 0. 0. 0. 0. 0. 0. 0. 0. -4.595747e-02 0. 0. 0. 0. 0. 0. 0. 0. 0. -1.417592e-01
8.525253e-01 0. 0. 0. 0. 0. 0. 0. 0. 0. -1.022931e-02 0. 0. 0. 0. 0. 0. 0. 0. 0. -1.718192e-01
1.003030e+00 0. 0. 0. 0. 0. 0. 0. 0. 0. 4.221900e-02 0. 0. 0. 0. 0. 0. 0. 0. 0. -2.043158e-01
1.153535e+00 0. 0. 0. 0. 0. 0. 0. 0. 0. 9.801029e-02 0. 0. 0. 0. 0. 0. 0. 0. 0. -2.364898e-01
1.304040e+00 0. 0. 0. 0. 0. 0. 0. 0. 0. 1.482614e-01 0. 0. 0. 0. 0. 0. 0. 0. 0. -2.658465e-01
1.454545e+00 0. 0. 0. 0. 0. 0. 0. 0. 0. 1.884360e-01 0. 0. 0. 0. 0. 0. 0. 0. 0. -2.903531e-01
1.605051e+00 0. 0. 0. 0. 0. 0. 0. 0. 0. 2.171729e-01 0. 0. 0. 0. 0. 0. 0. 0. 0. -3.086072e-01
1.755556e+00 0. 0. 0. 0. 0. 0. 0. 0. 0. 2.351839e-01 0. 0. 0. 0. 0. 0. 0. 0. 0. -3.199785e-01
1.906061e+00 0. 0. 0. 0. 0. 0. 0. 0. 0. 2.438725e-01 0. 0. 0. 0. 0. 0. 0. 0. 0. -3.243603e-01
2.056566e+00 0. 0. 0. 0. 0. 0. 0. 0. 0. 2.449507e-01 0. 0. 0. 0. 0. 0. 0. 0. 0. -3.221247e-01
2.207071e+00 0. 0. 0. 0. 0. 0. 0. 0. 0. 2.400940e-01 0. 0. 0. 0. 0. 0. 0. 0. 0. -3.140075e-01
2.357576e+00 0. 0. 0. 0. 0. 0. 0. 0. 0. 2.309728e-01 0. 0. 0. 0. 0. 0. 0. 0. 0. -3.009939e-01
2.508081e+00 0. 0. 0. 0. 0. 0. 0. 0. 0. 2.187468e-01 0. 0. 0. 0. 0. 0. 0. 0. 0. -2.841004e-01
2.658586e+00 0. 0. 0. 0. 0. 0. 0. 0. 0. 2.046149e-01 0. 0. 0. 0. 0. 0. 0. 0. 0. -2.644273e-01
2.809091e+00 0. 0. 0. 0. 0. 0. 0. 0. 0. 1.893287e-01 0. 0. 0. 0. 0. 0. 0. 0. 0. -2.429583e-01
2.959596e+00 0. 0. 0. 0. 0. 0. 0. 0. 0. 1.735543e-01 0. 0. 0. 0. 0. 0. 0. 0. 0. -2.205987e-01
3.110101e+00 0. 0. 0. 0. 0. 0. 0. 0. 0. 1.577989e-01 0. 0. 0. 0. 0. 0. 0. 0. 0. -1.981180e-01
3.260606e+00 0. 0. 0. 0. 0. 0. 0. 0. 0. 1.424008e-01 0. 0. 0. 0. 0. 0. 0. 0. 0. -1.761268e-01
3.411111e+00 0. 0. 0. 0. 0. 0. 0. 0. 0. 1.276025e-01 0. 0. 0. 0. 0. 0. 0. 0. 0. -1.550976e-01
3.561616e+00 0. 0. 0. 0. 0. 0. 0. 0. 0. 1.136212e-01 0. 0. 0. 0. 0. 0. 0. 0. 0. -1.353771e-01
3.712121e+00 0. 0. 0. 0. 0. 0. 0. 0. 0. 1.005287e-01 0. 0. 0. 0. 0. 0. 0. 0. 0. -1.171787e-01
3.862626e+00 0. 0. 0. 0. 0. 0. 0. 0. 0. 8.842774e-02 0. 0. 0. 0. 0. 0. 0. 0. 0. -1.006320e-01
4.013131e+00 0. 0. 0. 0. 0. 0. 0. 0. 0. 7.733064e-02 0. 0. 0. 0. 0. 0. 0. 0. 0. -8.577514e-02
4.163636e+00 0. 0. 0. 0. 0. 0. 0. 0. 0. 6.722616e-02 0. 0. 0. 0. 0. 0. 0. 0. 0. -7.258644e-02
4.314141e+00 0. 0. 0. 0. 0. 0. 0. 0. 0. 5.811900e-02 0. 0. 0. 0. 0. 0. 0. 0. 0. -6.100450e-02
4.464646e+00 0. 0. 0. 0. 0. 0. 0. 0. 0. 4.996975e-02 0. 0. 0. 0. 0. 0. 0. 0. 0. -5.093265e-02
4.615152e+00 0. 0. 0. 0. 0. 0. 0. 0. 0. 4.271720e-02 0. 0. 0. 0. 0. 0. 0. 0. 0. -4.224841e-02
4.765657e+00 0. 0. 0. 0. 0. 0. 0. 0. 0. 3.632341e-02 0. 0. 0. 0. 0. 0. 0. 0. 0. -3.482695e-02
4.916162e+00 0. 0. 0. 0. 0. 0. 0. 0. 0. 3.071185e-02 0. 0. 0. 0. 0. 0. 0. 0. 0. -2.853345e-02
5.066667e+00 0. 0. 0. 0. 0. 0. 0. 0. 0. 2.582585e-02 0. 0. 0. 0. 0. 0. 0. 0. 0. -2.323729e-02
5.217172e+00 0. 0. 0. 0. 0. 0. 0. 0. 0. 2.159733e-02 0. 0. 0. 0. 0. 0. 0. 0. 0. -1.881297e-02
5.367677e+00 0. 0. 0. 0. 0. 0. 0. 0. 0. 1.796337e-02 0. 0. 0. 0. 0. 0. 0. 0. 0. -1.514320e-02
5.518182e+00 0. 0. 0. 0. 0. 0. 0. 0. 0. 1.485878e-02 0. 0. 0. 0. 0. 0. 0. 0. 0. -1.211959e-02
5.668687e+00 0. 0. 0. 0. 0. 0. 0. 0. 0. 1.222256e-02 0. 0. 0. 0. 0. 0. 0. 0. 0. -9.644962e-03
5.819192e+00 0. 0. 0. 0. 0. 0. 0. 0. 0. 9.999173e-03 0. 0. 0. 0. 0. 0. 0. 0. 0. -7.632794e-03
5.969697e+00 0. 0. 0. 0. 0. 0. 0. 0. 0. 8.135244e-03 0. 0. 0. 0. 0. 0. 0. 0. 0. -6.006963e-03
6.120202e+00 0. 0. 0. 0. 0. 0. 0. 0. 0. 6.582750e-03 0. 0. 0. 0. 0. 0. 0. 0. 0. -4.701556e-03
6.270707e+00 0. 0. 0. 0. 0. 0. 0. 0. 0. 5.296946e-03 0. 0. 0. 0. 0. 0. 0. 0. 0. -3.659727e-03
6.421212e+00 0. 0. 0. 0. 0. 0. 0. 0. 0. 4.238874e-03 0. 0. 0. 0. 0. 0. 0. 0. 0. -2.833302e-03
6.571717e+00 0. 0. 0. 0. 0. 0. 0. 0. 0. 3.373388e-03 0. 0. 0. 0. 0. 0. 0. 0. 0. -2.181668e-03
6.722222e+00 0. 0. 0. 0. 0. 0. 0. 0. 0. 2.669937e-03 0. 0. 0. 0. 0. 0. 0. 0. 0. -1.670889e-03
6.872727e+00 0. 0. 0. 0. 0. 0. 0. 0. 0. 2.101453e-03 0. 0. 0. 0. 0. 0. 0. 0. 0. -1.272835e-03
7.023232e+00 0. 0. 0. 0. 0. 0. 0. 0. 0. 1.644899e-03 0. 0. 0. 0. 0. 0. 0. 0. 0. -9.644403e-04
7.173737e+00 0. 0. 0. 0. 0. 0. 0. 0. 0. 1.280460e-03 0. 0. 0. 0. 0. 0. 0. 0. 0. -7.268831e-04
7.324242e+00 0. 0. 0. 0. 0. 0. 0. 0. 0. 9.912142e-04 0. 0. 0. 0. 0. 0. 0. 0. 0. -5.449266e-04
7.474747e+00 0. 0. 0. 0. 0. 0. 0. 0. 0. 7.630889e-04 0. 0. 0. 0. 0. 0. 0. 0. 0. -4.063555e-04
7.625253e+00 0. 0. 0. 0. 0. 0. 0. 0. 0. 5.842147e-04 0. 0. 0. 0. 0. 0. 0. 0. 0. -3.014203e-04
7.775758e+00 0. 0. 0. 0. 0. 0. 0. 0. 0. 4.447898e-04 0. 0. 0. 0. 0. 0. 0. 0. 0. -2.224010e-04
7.926263e+00 0. 0. 0. 0. 0. 0. 0. 0. 0. 3.367582e-04 0. 0. 0. 0. 0. 0. 0. 0. 0. -1.632308e-04
8.076768e+00 0. 0. 0. 0. 0. 0. 0. 0. 0. 2.535604e-04 0. 0. 0. 0. 0. 0. 0. 0. 0. -1.191716e-04
8.227273e+00 0. 0. 0. 0. 0. 0. 0. 0. 0. 1.898600e-04 0. 0. 0. 0. 0. 0. 0. 0. 0. -8.654604e-05
8.377778e+00 0. 0. 0. 0. 0. 0. 0. 0. 0. 1.413735e-04 0. 0. 0. 0. 0. 0. 0. 0. 0. -6.252079e-05
8.528283e+00 0. 0. 0. 0. 0. 0. 0. 0. 0. 1.046865e-04 0. 0. 0. 0. 0. 0. 0. 0. 0. -4.492675e-05
8.678788e+00 0. 0. 0. 0. 0. 0. 0. 0. 0. 7.708937e-05 0. 0. 0. 0. 0. 0. 0. 0. 0. -3.211320e-05
8.829293e+00 0. 0. 0. 0. 0. 0. 0. 0. 0. 5.645130e-05 0. 0. 0. 0. 0. 0. 0. 0. 0. -2.283226e-05
8.979798e+00 0. 0. 0. 0. 0. 0. 0. 0. 0. 4.110823e-05 0. 0. 0. 0. 0. 0. 0. 0. 0. -1.614691e-05
9.130303e+00 0. 0. 0. 0. 0. 0. 0. 0. 0. 2.976941e-05 0. 0. 0. 0. 0. 0. 0. 0. 0. -1.135784e-05
9.280808e+00 0. 0. 0. 0. 0. 0. 0. 0. 0. 2.143828e-05 0. 0. 0. 0. 0. 0. 0. 0. 0. -7.945132e-06
9.431313e+00 0. 0. 0. 0. 0. 0. 0. 0. 0. 1.535274e-05 0. 0. 0. 0. 0. 0. 0. 0. 0. -5.526849e-06
9.581818e+00 0. 0. 0. 0. 0. 0. 0. 0. 0. 1.093418e-05 0. 0. 0. 0. 0. 0. 0. 0. 0. -3.821872e-06
9.732323e+00 0. 0. 0. 0. 0. 0. 0. 0. 0. 7.744245e-06 0. 0. 0. 0. 0. 0. 0. 0. 0. -2.626857e-06
9.882828e+00 0. 0. 0. 0. 0. 0. 0. 0. 0. 5.455040e-06 0. 0. 0. 0. 0. 0. 0. 0. 0. -1.793352e-06
1.003333e+01 0. 0. 0. 0. 0. 0. 0. 0. 0. 3.821436e-06 0. 0. 0. 0. 0. 0. 0. 0. 0. -1.215585e-06
1.018384e+01 0. 0. 0. 0. 0. 0. 0. 0. 0. 2.662058e-06 0. 0. 0. 0. 0. 0. 0. 0. 0. -8.176757e-07
1.033434e+01 0. 0. 0. 0. 0. 0. 0. 0. 0. 1.844032e-06 0. 0. 0. 0. 0. 0. 0. 0. 0. -5.454234e-07
1.048485e+01 0. 0. 0. 0. 0. 0. 0. 0. 0. 1.269528e-06 0. 0. 0. 0. 0. 0. 0. 0. 0. -3.602525e-07
1.063535e+01 0. 0. 0. 0. 0. 0. 0. 0. 0. 8.681543e-07 0. 0. 0. 0. 0. 0. 0. 0. 0. -2.359283e-07
1.078586e+01 0. 0. 0. 0. 0. 0. 0. 0. 0. 5.894174e-07 0. 0. 0. 0. 0. 0. 0. 0. 0. -1.525682e-07
1.093636e+01 0. 0. 0. 0. 0. 0. 0. 0. 0. 3.970879e-07 0. 0. 0. 0. 0. 0. 0. 0. 0. -9.769670e-08
1.108687e+01 0. 0. 0. 0. 0. 0. 0. 0. 0. 2.648924e-07 0. 0. 0. 0. 0. 0. 0. 0. 0. -6.172554e-08
1.123737e+01 0. 0. 0. 0. 0. 0. 0. 0. 0. 1.751568e-07 0. 0. 0. 0. 0. 0. 0. 0. 0. -3.851866e-08
1.138788e+01 0. 0. 0. 0. 0. 0. 0. 0. 0. 1.144403e-07 0. 0. 0. 0. 0. 0. 0. 0. 0. -2.367109e-08
1.153838e+01 0. 0. 0. 0. 0. 0. 0. 0. 0. 7.382110e-08 0. 0. 0. 0. 0. 0. 0. 0. 0. -1.432901e-08
1.168889e+01 0. 0. 0. 0. 0. 0. 0. 0. 0. 4.688342e-08 0. 0. 0. 0. 0. 0. 0. 0. 0. -8.507043e-09
1.183939e+01 0. 0. 0. 0. 0. 0. 0. 0. 0. 2.936029e-08 0. 0. 0. 0. 0. 0. 0. 0. 0. -4.970868e-09
1.198990e+01 0. 0. 0. 0. 0. 0. 0. 0. 0. 1.800824e-08 0. 0. 0. 0. 0. 0. 0. 0. 0. -2.834385e-09
1.214040e+01 0. 0. 0. 0. 0. 0. 0. 0. 0. 1.085705e-08 0. 0. 0. 0. 0. 0. 0. 0. 0. -1.586246e-09
1.229091e+01 0. 0. 0. 0. 0. 0. 0. 0. 0. 6.484940e-09 0. 0. 0. 0. 0. 0. 0. 0. 0. -8.875285e-10
1.244141e+01 0. 0. 0. 0. 0. 0. 0. 0. 0. 3.753895e-09 0. 0. 0. 0. 0. 0. 0. 0. 0. -4.784770e-10
1.259192e+01 0. 0. 0. 0. 0. 0. 0. 0. 0. 2.141796e-09 0. 0. 0. 0. 0. 0. 0. 0. 0. -2.543448e-10
1.274242e+01 0. 0. 0. 0. 0. 0. 0. 0. 0. 1.168817e-09 0. 0. 0. 0. 0. 0. 0. 0. 0. -1.278011e-10
1.289293e+01 0. 0. 0. 0. 0. 0. 0. 0. 0. 6.490970e-10 0. 0. 0. 0. 0. 0. 0. 0. 0. -6.706050e-11
1.304343e+01 0. 0. 0. 0. 0. 0. 0. 0. 0. 3.454172e-10 0. 0. 0. 0. 0. 0. 0. 0. 0. -3.328935e-11
1.319394e+01 0. 0. 0. 0. 0. 0. 0. 0. 0. 1.735188e-10 0. 0. 0. 0. 0. 0. 0. 0. 0. -1.539130e-11
1.334444e+01 0. 0. 0. 0. 0. 0. 0. 0. 0. 8.909584e-11 0. 0. 0. 0. 0. 0. 0. 0. 0. -7.488279e-12
1.349495e+01 0. 0. 0. 0. 0. 0. 0. 0. 0. 4.459563e-11 0. 0. 0. 0. 0. 0. 0. 0. 0. -3.510927e-12
1.364545e+01 0. 0. 0. 0. 0. 0. 0. 0. 0. 2.030976e-11 0. 0. 0. 0. 0. 0. 0. 0. 0. -1.479526e-12
1.379596e+01 0. 0. 0. 0. 0. 0. 0. 0. 0. 1.003783e-11 0. 0. 0. 0. 0. 0. 0. 0. 0. -6.982009e-13
1.394646e+01 0. 0. 0. 0. 0. 0. 0. 0. 0. 4.363764e-12 0. 0. 0. 0. 0. 0. 0. 0. 0. -2.805450e-13
1.409697e+01 0. 0. 0. 0. 0. 0. 0. 0. 0. 2.015933e-12 0. 0. 0. 0. 0. 0. 0. 0. 0. -1.240118e-13
1.424747e+01 0. 0. 0. 0. 0. 0. 0. 0. 0. 8.524578e-13 0. 0. 0. 0. 0. 0. 0. 0. 0. -4.902198e-14
1.439798e+01 0. 0. 0. 0. 0. 0. 0. 0. 0. 3.492440e-13 0. 0. 0. 0. 0. 0. 0. 0. 0. -1.892875e-14
1.454848e+01 0. 0. 0. 0. 0. 0. 0. 0. 0. 1.529202e-13 0. 0. 0. 0. 0. 0. 0. 0. 0. -7.864949e-15
1.469899e+01 0. 0. 0. 0. 0. 0. 0. 0. 0. 5.479881e-14 0. 0. 0. 0. 0. 0. 0. 0. 0. -2.612570e-15
1.484949e+01 0. 0. 0. 0. 0. 0. 0. 0. 0. 2.387889e-14 0. 0. 0. 0. 0. 0. 0. 0. 0. -1.099198e-15
1.500000e+01 0. 0. 0. 0. 0. 0. 0. 0. 0. 0. 0. 0. 0. 0. 0. 0. 0. 0. 0. 0.



H_Au_table=
1.000000e-01 0. 0. 0. 0. 0. 0. 0. -1.860964e-02 -1.458454e-02 -3.481441e-02 0. 0. 0. 0. 0. 0. 0. 4.560657e-03 -4.061718e-03 -7.679372e-02
2.505051e-01 0. 0. 0. 0. 0. 0. 0. 2.882036e-02 -1.762374e-03 -1.806486e-02 0. 0. 0. 0. 0. 0. 0. 2.779835e-02 -1.141644e-02 -8.409018e-02
4.010101e-01 0. 0. 0. 0. 0. 0. 0. -2.431269e-02 -3.183094e-02 -3.353395e-02 0. 0. 0. 0. 0. 0. 0. 7.072930e-02 -2.151967e-02 -9.727181e-02
5.515152e-01 0. 0. 0. 0. 0. 0. 0. -1.792493e-01 -9.233451e-02 -5.798557e-02 0. 0. 0. 0. 0. 0. 0. 1.296115e-01 -3.670593e-02 -1.164581e-01
7.020202e-01 0. 0. 0. 0. 0. 0. 0. -3.470677e-01 -1.281876e-01 -5.214855e-02 0. 0. 0. 0. 0. 0. 0. 1.971302e-01 -5.962942e-02 -1.417592e-01
8.525253e-01 0. 0. 0. 0. 0. 0. 0. -4.783067e-01 -1.242743e-01 -1.505740e-02 0. 0. 0. 0. 0. 0. 0. 2.651223e-01 -9.130755e-02 -1.718192e-01
1.003030e+00 0. 0. 0. 0. 0. 0. 0. -5.603202e-01 -8.933171e-02 3.897636e-02 0. 0. 0. 0. 0. 0. 0. 3.269202e-01 -1.309281e-01 -2.043158e-01
1.153535e+00 0. 0. 0. 0. 0. 0. 0. -5.980207e-01 -3.767047e-02 9.600394e-02 0. 0. 0. 0. 0. 0. 0. 3.777999e-01 -1.762061e-01 -2.364898e-01
1.304040e+00 0. 0. 0. 0. 0. 0. 0. -6.018891e-01 1.874617e-02 1.470308e-01 0. 0. 0. 0. 0. 0. 0. 4.151019e-01 -2.242279e-01 -2.658465e-01
1.454545e+00 0. 0. 0. 0. 0. 0. 0. -5.824144e-01 7.212394e-02 1.876992e-01 0. 0. 0. 0. 0. 0. 0. 4.379204e-01 -2.718445e-01 -2.903531e-01
1.605051e+00 0. 0. 0. 0. 0. 0. 0. -5.482295e-01 1.182958e-01 2.168243e-01 0. 0. 0. 0. 0. 0. 0. 4.467715e-01 -3.161763e-01 -3.086072e-01
1.755556e+00 0. 0. 0. 0. 0. 0. 0. -5.057810e-01 1.556127e-01 2.350485e-01 0. 0. 0. 0. 0. 0. 0. 4.430412e-01 -3.549404e-01 -3.199785e-01
1.906061e+00 0. 0. 0. 0. 0. 0. 0. -4.596284e-01 1.839707e-01 2.438528e-01 0. 0. 0. 0. 0. 0. 0. 4.287692e-01 -3.864422e-01 -3.243603e-01
2.056566e+00 0. 0. 0. 0. 0. 0. 0. -4.128737e-01 2.040871e-01 2.449974e-01 0. 0. 0. 0. 0. 0. 0. 4.062670e-01 -4.096511e-01 -3.221247e-01
2.207071e+00 0. 0. 0. 0. 0. 0. 0. -3.675174e-01 2.170484e-01 2.402230e-01 0. 0. 0. 0. 0. 0. 0. 3.778338e-01 -4.241861e-01 -3.140075e-01
2.357576e+00 0. 0. 0. 0. 0. 0. 0. -3.247705e-01 2.240234e-01 2.310857e-01 0. 0. 0. 0. 0. 0. 0. 3.456654e-01 -4.302081e-01 -3.009939e-01
2.508081e+00 0. 0. 0. 0. 0. 0. 0. -2.853032e-01 2.261352e-01 2.188990e-01 0. 0. 0. 0. 0. 0. 0. 3.116643e-01 -4.282637e-01 -2.841004e-01
2.658586e+00 0. 0. 0. 0. 0. 0. 0. -2.493798e-01 2.243590e-01 2.047329e-01 0. 0. 0. 0. 0. 0. 0. 2.773479e-01 -4.192668e-01 -2.644273e-01
2.809091e+00 0. 0. 0. 0. 0. 0. 0. -2.170513e-01 2.195389e-01 1.894334e-01 0. 0. 0. 0. 0. 0. 0. 2.439688e-01 -4.042681e-01 -2.429583e-01
2.959596e+00 0. 0. 0. 0. 0. 0. 0. -1.881828e-01 2.123610e-01 1.736481e-01 0. 0. 0. 0. 0. 0. 0. 2.123679e-01 -3.844430e-01 -2.205987e-01
3.110101e+00 0. 0. 0. 0. 0. 0. 0. -1.625687e-01 2.033913e-01 1.578689e-01 0. 0. 0. 0. 0. 0. 0. 1.831157e-01 -3.609779e-01 -1.981180e-01
3.260606e+00 0. 0. 0. 0. 0. 0. 0. -1.399556e-01 1.930900e-01 1.424513e-01 0. 0. 0. 0. 0. 0. 0. 1.565501e-01 -3.349840e-01 -1.761268e-01
3.411111e+00 0. 0. 0. 0. 0. 0. 0. -1.200780e-01 1.818396e-01 1.276536e-01 0. 0. 0. 0. 0. 0. 0. 1.327976e-01 -3.074861e-01 -1.550976e-01
3.561616e+00 0. 0. 0. 0. 0. 0. 0. -1.026677e-01 1.699528e-01 1.136510e-01 0. 0. 0. 0. 0. 0. 0. 1.118390e-01 -2.793862e-01 -1.353771e-01
3.712121e+00 0. 0. 0. 0. 0. 0. 0. -8.747454e-02 1.577018e-01 1.005587e-01 0. 0. 0. 0. 0. 0. 0. 9.356394e-02 -2.514297e-01 -1.171787e-01
3.862626e+00 0. 0. 0. 0. 0. 0. 0. -7.426127e-02 1.453125e-01 8.844317e-02 0. 0. 0. 0. 0. 0. 0. 7.778983e-02 -2.242340e-01 -1.006320e-01
4.013131e+00 0. 0. 0. 0. 0. 0. 0. -6.280986e-02 1.329832e-01 7.733465e-02 0. 0. 0. 0. 0. 0. 0. 6.429504e-02 -1.982662e-01 -8.577514e-02
4.163636e+00 0. 0. 0. 0. 0. 0. 0. -5.292072e-02 1.208835e-01 6.723554e-02 0. 0. 0. 0. 0. 0. 0. 5.283894e-02 -1.738689e-01 -7.258644e-02
4.314141e+00 0. 0. 0. 0. 0. 0. 0. -4.441299e-02 1.091532e-01 5.812576e-02 0. 0. 0. 0. 0. 0. 0. 4.319034e-02 -1.512775e-01 -6.100450e-02
4.464646e+00 0. 0. 0. 0. 0. 0. 0. -3.712302e-02 9.791002e-02 4.997029e-02 0. 0. 0. 0. 0. 0. 0. 3.512054e-02 -1.306294e-01 -5.093265e-02
4.615152e+00 0. 0. 0. 0. 0. 0. 0. -3.090043e-02 8.724925e-02 4.272075e-02 0. 0. 0. 0. 0. 0. 0. 2.841030e-02 -1.119711e-01 -4.224841e-02
4.765657e+00 0. 0. 0. 0. 0. 0. 0. -2.561198e-02 7.724091e-02 3.632156e-02 0. 0. 0. 0. 0. 0. 0. 2.286741e-02 -9.529799e-02 -3.482695e-02
4.916162e+00 0. 0. 0. 0. 0. 0. 0. -2.113668e-02 6.793619e-02 3.071108e-02 0. 0. 0. 0. 0. 0. 0. 1.831410e-02 -8.054616e-02 -2.853345e-02
5.066667e+00 0. 0. 0. 0. 0. 0. 0. -1.736622e-02 5.936522e-02 2.582460e-02 0. 0. 0. 0. 0. 0. 0. 1.459496e-02 -6.761755e-02 -2.323729e-02
5.217172e+00 0. 0. 0. 0. 0. 0. 0. -1.420430e-02 5.154072e-02 2.159650e-02 0. 0. 0. 0. 0. 0. 0. 1.157423e-02 -5.638866e-02 -1.881297e-02
5.367677e+00 0. 0. 0. 0. 0. 0. 0. -1.156514e-02 4.445969e-02 1.796166e-02 0. 0. 0. 0. 0. 0. 0. 9.134163e-03 -4.671973e-02 -1.514320e-02
5.518182e+00 0. 0. 0. 0. 0. 0. 0. -9.372693e-03 3.810578e-02 1.485663e-02 0. 0. 0. 0. 0. 0. 0. 7.173391e-03 -3.846131e-02 -1.211959e-02
5.668687e+00 0. 0. 0. 0. 0. 0. 0. -7.560271e-03 3.245149e-02 1.222099e-02 0. 0. 0. 0. 0. 0. 0. 5.606138e-03 -3.146359e-02 -9.644962e-03
5.819192e+00 0. 0. 0. 0. 0. 0. 0. -6.069402e-03 2.746039e-02 9.997769e-03 0. 0. 0. 0. 0. 0. 0. 4.360052e-03 -2.557943e-02 -7.632794e-03
5.969697e+00 0. 0. 0. 0. 0. 0. 0. -4.849129e-03 2.308968e-02 8.134049e-03 0. 0. 0. 0. 0. 0. 0. 3.374478e-03 -2.066815e-02 -6.006963e-03
6.120202e+00 0. 0. 0. 0. 0. 0. 0. -3.855467e-03 1.929210e-02 6.581435e-03 0. 0. 0. 0. 0. 0. 0. 2.599035e-03 -1.659879e-02 -4.701556e-03
6.270707e+00 0. 0. 0. 0. 0. 0. 0. -3.050431e-03 1.601771e-02 5.295886e-03 0. 0. 0. 0. 0. 0. 0. 1.992032e-03 -1.325054e-02 -3.659727e-03
6.421212e+00 0. 0. 0. 0. 0. 0. 0. -2.401583e-03 1.321573e-02 4.237983e-03 0. 0. 0. 0. 0. 0. 0. 1.519347e-03 -1.051471e-02 -2.833302e-03
6.571717e+00 0. 0. 0. 0. 0. 0. 0. -1.881372e-03 1.083582e-02 3.372742e-03 0. 0. 0. 0. 0. 0. 0. 1.153174e-03 -8.294532e-03 -2.181668e-03
6.722222e+00 0. 0. 0. 0. 0. 0. 0. -1.466477e-03 8.829212e-03 2.669362e-03 0. 0. 0. 0. 0. 0. 0. 8.709799e-04 -6.504818e-03 -1.670889e-03
6.872727e+00 0. 0. 0. 0. 0. 0. 0. -1.137321e-03 7.149588e-03 2.101016e-03 0. 0. 0. 0. 0. 0. 0. 6.546122e-04 -5.071541e-03 -1.272835e-03
7.023232e+00 0. 0. 0. 0. 0. 0. 0. -8.775818e-04 5.753723e-03 1.644557e-03 0. 0. 0. 0. 0. 0. 0. 4.895817e-04 -3.931201e-03 -9.644403e-04
7.173737e+00 0. 0. 0. 0. 0. 0. 0. -6.737185e-04 4.601863e-03 1.280162e-03 0. 0. 0. 0. 0. 0. 0. 3.643588e-04 -3.029735e-03 -7.268831e-04
7.324242e+00 0. 0. 0. 0. 0. 0. 0. -5.145659e-04 3.658022e-03 9.910031e-04 0. 0. 0. 0. 0. 0. 0. 2.698245e-04 -2.321592e-03 -5.449266e-04
7.474747e+00 0. 0. 0. 0. 0. 0. 0. -3.909918e-04 2.889969e-03 7.629196e-04 0. 0. 0. 0. 0. 0. 0. 1.988315e-04 -1.768818e-03 -4.063555e-04
7.625253e+00 0. 0. 0. 0. 0. 0. 0. -2.955613e-04 2.269260e-03 5.840836e-04 0. 0. 0. 0. 0. 0. 0. 1.457926e-04 -1.340006e-03 -3.014203e-04
7.775758e+00 0. 0. 0. 0. 0. 0. 0. -2.222654e-04 1.771031e-03 4.446949e-04 0. 0. 0. 0. 0. 0. 0. 1.063709e-04 -1.009399e-03 -2.224010e-04
7.926263e+00 0. 0. 0. 0. 0. 0. 0. -1.662745e-04 1.373799e-03 3.366929e-04 0. 0. 0. 0. 0. 0. 0. 7.722246e-05 -7.560661e-04 -1.632308e-04
8.076768e+00 0. 0. 0. 0. 0. 0. 0. -1.237413e-04 1.059230e-03 2.535132e-04 0. 0. 0. 0. 0. 0. 0. 5.578228e-05 -5.631265e-04 -1.191716e-04
8.227273e+00 0. 0. 0. 0. 0. 0. 0. -9.160509e-05 8.117553e-04 1.898237e-04 0. 0. 0. 0. 0. 0. 0. 4.009335e-05 -4.170665e-04 -8.654604e-05
8.377778e+00 0. 0. 0. 0. 0. 0. 0. -6.745823e-05 6.183500e-04 1.413460e-04 0. 0. 0. 0. 0. 0. 0. 2.867246e-05 -3.071575e-04 -6.252079e-05
8.528283e+00 0. 0. 0. 0. 0. 0. 0. -4.941373e-05 4.681841e-04 1.046628e-04 0. 0. 0. 0. 0. 0. 0. 2.040188e-05 -2.249456e-04 -4.492675e-05
8.678788e+00 0. 0. 0. 0. 0. 0. 0. -3.600363e-05 3.523432e-04 7.706701e-05 0. 0. 0. 0. 0. 0. 0. 1.444369e-05 -1.638139e-04 -3.211320e-05
8.829293e+00 0. 0. 0. 0. 0. 0. 0. -2.609249e-05 2.635527e-04 5.642854e-05 0. 0. 0. 0. 0. 0. 0. 1.017359e-05 -1.186237e-04 -2.283226e-05
8.979798e+00 0. 0. 0. 0. 0. 0. 0. -1.880713e-05 1.959284e-04 4.108230e-05 0. 0. 0. 0. 0. 0. 0. 7.129247e-06 -8.541380e-05 -1.614691e-05
9.130303e+00 0. 0. 0. 0. 0. 0. 0. -1.348205e-05 1.447579e-04 2.973893e-05 0. 0. 0. 0. 0. 0. 0. 4.970205e-06 -6.115225e-05 -1.135784e-05
9.280808e+00 0. 0. 0. 0. 0. 0. 0. -9.609640e-06 1.062571e-04 2.139902e-05 0. 0. 0. 0. 0. 0. 0. 3.446697e-06 -4.352533e-05 -7.945132e-06
9.431313e+00 0. 0. 0. 0. 0. 0. 0. -6.809825e-06 7.748248e-05 1.530456e-05 0. 0. 0. 0. 0. 0. 0. 2.377390e-06 -3.079565e-05 -5.526849e-06
9.581818e+00 0. 0. 0. 0. 0. 0. 0. -4.795294e-06 5.608692e-05 1.087317e-05 0. 0. 0. 0. 0. 0. 0. 1.630528e-06 -2.165061e-05 -3.821872e-06
9.732323e+00 0. 0. 0. 0. 0. 0. 0. -3.354533e-06 4.029169e-05 7.671589e-06 0. 0. 0. 0. 0. 0. 0. 1.111801e-06 -1.512252e-05 -2.626857e-06
9.882828e+00 0. 0. 0. 0. 0. 0. 0. -2.328621e-06 2.868162e-05 5.368784e-06 0. 0. 0. 0. 0. 0. 0. 7.532232e-07 -1.048577e-05 -1.793352e-06
1.003333e+01 0. 0. 0. 0. 0. 0. 0. -1.602625e-06 2.020934e-05 3.723245e-06 0. 0. 0. 0. 0. 0. 0. 5.068112e-07 -7.214520e-06 -1.215585e-06
1.018384e+01 0. 0. 0. 0. 0. 0. 0. -1.093390e-06 1.409600e-05 2.558500e-06 0. 0. 0. 0. 0. 0. 0. 3.385217e-07 -4.922837e-06 -8.176757e-07
1.033434e+01 0. 0. 0. 0. 0. 0. 0. -7.392508e-07 9.731781e-06 1.741629e-06 0. 0. 0. 0. 0. 0. 0. 2.243019e-07 -3.328710e-06 -5.454234e-07
1.048485e+01 0. 0. 0. 0. 0. 0. 0. -4.944692e-07 6.636666e-06 1.172306e-06 0. 0. 0. 0. 0. 0. 0. 1.472260e-07 -2.226807e-06 -3.602525e-07
1.063535e+01 0. 0. 0. 0. 0. 0. 0. -3.278744e-07 4.483707e-06 7.820487e-07 0. 0. 0. 0. 0. 0. 0. 9.584271e-08 -1.476295e-06 -2.359283e-07
1.078586e+01 0. 0. 0. 0. 0. 0. 0. -2.143752e-07 2.981087e-06 5.141203e-07 0. 0. 0. 0. 0. 0. 0. 6.164010e-08 -9.654028e-07 -1.525682e-07
1.093636e+01 0. 0. 0. 0. 0. 0. 0. -1.387600e-07 1.960944e-06 3.345185e-07 0. 0. 0. 0. 0. 0. 0. 3.926549e-08 -6.248373e-07 -9.769670e-08
1.108687e+01 0. 0. 0. 0. 0. 0. 0. -8.854209e-08 1.269720e-06 2.144584e-07 0. 0. 0. 0. 0. 0. 0. 2.469084e-08 -3.986773e-07 -6.172554e-08
1.123737e+01 0. 0. 0. 0. 0. 0. 0. -5.576272e-08 8.107418e-07 1.356673e-07 0. 0. 0. 0. 0. 0. 0. 1.533869e-08 -2.510888e-07 -3.851866e-08
1.138788e+01 0. 0. 0. 0. 0. 0. 0. -3.455680e-08 5.087148e-07 8.441162e-08 0. 0. 0. 0. 0. 0. 0. 9.387940e-09 -1.556050e-07 -2.367109e-08
1.153838e+01 0. 0. 0. 0. 0. 0. 0. -2.108326e-08 3.139485e-07 5.168849e-08 0. 0. 0. 0. 0. 0. 0. 5.661802e-09 -9.492775e-08 -1.432901e-08
1.168889e+01 0. 0. 0. 0. 0. 0. 0. -1.260329e-08 1.895509e-07 3.099616e-08 0. 0. 0. 0. 0. 0. 0. 3.350504e-09 -5.674478e-08 -8.507043e-09
1.183939e+01 0. 0. 0. 0. 0. 0. 0. -7.411824e-09 1.125224e-07 1.828350e-08 0. 0. 0. 0. 0. 0. 0. 1.951772e-09 -3.336890e-08 -4.970868e-09
1.198990e+01 0. 0. 0. 0. 0. 0. 0. -4.248817e-09 6.499838e-08 1.050640e-08 0. 0. 0. 0. 0. 0. 0. 1.110099e-09 -1.912853e-08 -2.834385e-09
1.214040e+01 0. 0. 0. 0. 0. 0. 0. -2.389659e-09 3.682140e-08 5.923183e-09 0. 0. 0. 0. 0. 0. 0. 6.197496e-10 -1.075756e-08 -1.586246e-09
1.229091e+01 0. 0. 0. 0. 0. 0. 0. -1.346366e-09 2.093387e-08 3.346443e-09 0. 0. 0. 0. 0. 0. 0. 3.458266e-10 -6.054657e-09 -8.875285e-10
1.244141e+01 0. 0. 0. 0. 0. 0. 0. -7.294672e-10 1.141067e-08 1.816214e-09 0. 0. 0. 0. 0. 0. 0. 1.861112e-10 -3.278113e-09 -4.784770e-10
1.259192e+01 0. 0. 0. 0. 0. 0. 0. -3.896732e-10 6.134256e-09 9.721344e-10 0. 0. 0. 0. 0. 0. 0. 9.873623e-11 -1.749921e-09 -2.543448e-10
1.274242e+01 0. 0. 0. 0. 0. 0. 0. -1.961060e-10 3.095588e-09 4.897980e-10 0. 0. 0. 0. 0. 0. 0. 4.955067e-11 -8.809152e-10 -1.278011e-10
1.289293e+01 0. 0. 0. 0. 0. 0. 0. -1.036780e-10 1.650161e-09 2.594996e-10 0. 0. 0. 0. 0. 0. 0. 2.594855e-11 -4.648034e-10 -6.706050e-11
1.304343e+01 0. 0. 0. 0. 0. 0. 0. -5.166429e-11 8.260266e-10 1.294897e-10 0. 0. 0. 0. 0. 0. 0. 1.286357e-11 -2.314368e-10 -3.328935e-11
1.319394e+01 0. 0. 0. 0. 0. 0. 0. -2.388427e-11 3.822427e-10 5.991513e-11 0. 0. 0. 0. 0. 0. 0. 5.941848e-12 -1.070494e-10 -1.539130e-11
1.334444e+01 0. 0. 0. 0. 0. 0. 0. -1.169608e-11 1.882854e-10 2.936862e-11 0. 0. 0. 0. 0. 0. 0. 2.888256e-12 -5.231247e-11 -7.488279e-12
1.349495e+01 0. 0. 0. 0. 0. 0. 0. -5.502452e-12 8.897950e-11 1.383894e-11 0. 0. 0. 0. 0. 0. 0. 1.352088e-12 -2.459362e-11 -3.510927e-12
1.364545e+01 0. 0. 0. 0. 0. 0. 0. -2.316419e-12 3.743829e-11 5.827354e-12 0. 0. 0. 0. 0. 0. 0. 5.695863e-13 -1.035896e-11 -1.479526e-12
1.379596e+01 0. 0. 0. 0. 0. 0. 0. -1.101463e-12 1.792396e-11 2.773973e-12 0. 0. 0. 0. 0. 0. 0. 2.685308e-13 -4.913372e-12 -6.982009e-13
1.394646e+01 0. 0. 0. 0. 0. 0. 0. -4.416554e-13 7.180967e-12 1.112981e-12 0. 0. 0. 0. 0. 0. 0. 1.078238e-13 -1.972133e-12 -2.805450e-13
1.409697e+01 0. 0. 0. 0. 0. 0. 0. -1.965792e-13 3.214671e-12 4.957038e-13 0. 0. 0. 0. 0. 0. 0. 4.763685e-14 -8.756729e-13 -1.240118e-13
1.424747e+01 0. 0. 0. 0. 0. 0. 0. -7.765822e-14 1.270193e-12 1.959467e-13 0. 0. 0. 0. 0. 0. 0. 1.881870e-14 -3.460911e-13 -4.902198e-14
1.439798e+01 0. 0. 0. 0. 0. 0. 0. -3.004712e-14 4.922459e-13 7.582582e-14 0. 0. 0. 0. 0. 0. 0. 7.265404e-15 -1.338092e-13 -1.892875e-14
1.454848e+01 0. 0. 0. 0. 0. 0. 0. -1.253432e-14 2.062308e-13 3.166840e-14 0. 0. 0. 0. 0. 0. 0. 3.015546e-15 -5.575721e-14 -7.864949e-15
1.469899e+01 0. 0. 0. 0. 0. 0. 0. -4.146026e-15 6.805012e-14 1.047979e-14 0. 0. 0. 0. 0. 0. 0. 1.001175e-15 -1.847571e-14 -2.612570e-15
1.484949e+01 0. 0. 0. 0. 0. 0. 0. -1.759103e-15 2.903557e-14 4.445732e-15 0. 0. 0. 0. 0. 0. 0. 4.213370e-16 -7.813549e-15 -1.099198e-15
1.500000e+01 0. 0. 0. 0. 0. 0. 0. 0. 0. 0. 0. 0. 0. 0. 0. 0. 0. 0. 0. 0.



repulsion_fitting_comment=
Repulsive potential generated by fitting function 'fit_smoothing_spline'
The systems used to produce this fit:
parameters r_cut = 2.1000, s = 60.0000, k =   3


repulsion_comment=
Wed Nov 25 13:18:36 2009


fitting=


repulsion=
0.18897259582 8.10696160449
0.227148877804 7.74823640744
0.265325159788 7.40186693992
0.303501441772 7.06756158287
0.341677723755 6.74503222737
0.379854005739 6.43399427312
0.418030287723 6.13416662893
0.456206569707 5.84527171253
0.494382851691 5.56703545069
0.532559133675 5.29918727913
0.570735415658 5.04146014257
0.608911697642 4.79359049471
0.647087979626 4.55531829824
0.68526426161 4.32638702483
0.723440543594 4.10654365514
0.761616825578 3.89553867882
0.799793107561 3.69312609458
0.837969389545 3.49906341041
0.876145671529 3.31311164337
0.914321953513 3.13503531953
0.952498235497 2.9646024739
0.990674517481 2.80158465051
1.02885079946 2.64575690237
1.06702708145 2.49689779146
1.10520336343 2.35478938876
1.14337964542 2.21921727424
1.1815559274 2.08997053684
1.21973220938 1.96684177449
1.25790849137 1.84962709412
1.29608477335 1.73812611163
1.33426105534 1.63214195191
1.37243733732 1.53148124884
1.4106136193 1.43595414528
1.44878990129 1.34537429307
1.48696618327 1.25955885305
1.52514246525 1.17832849504
1.56331874724 1.10150739785
1.60149502922 1.02892324933
1.63967131121 0.960407246657
1.67784759319 0.895794096043
1.71602387517 0.834922012699
1.75420015716 0.777632720819
1.79237643914 0.723771453582
1.83055272113 0.673186953151
1.86872900311 0.625731470679
1.90690528509 0.581260766301
1.94508156708 0.539634109139
1.98325784906 0.5007142773
2.02143413104 0.464367557877
2.05961041303 0.43046374695
2.09778669501 0.398876149583
2.135962977 0.369481579826
2.17413925898 0.342160360715
2.21231554096 0.316796324271
2.25049182295 0.293276811502
2.28866810493 0.2714926724
2.32684438692 0.251338265944
2.3650206689 0.232711460097
2.40319695088 0.215513631888
2.44137323287 0.199649667634
2.47954951485 0.185027962718
2.51772579683 0.171560421507
2.55590207882 0.159162457354
2.5940783608 0.147752992598
2.63225464279 0.137254458563
2.67043092477 0.127592795559
2.70860720675 0.118697452882
2.74678348874 0.110501388813
2.78495977072 0.10294107062
2.82313605271 0.0959564745544
2.86131233469 0.0894910858556
2.89948861667 0.0834918987474
2.93766489866 0.0779094164394
2.97584118064 0.072697651127
3.01401746262 0.0678141239913
3.05219374461 0.063219865199
3.09037002659 0.0588794139025
3.12854630858 0.0547608182398
3.16672259056 0.0508356353347
3.20489887254 0.0470789313733
3.24307515453 0.0434692818345
3.28125143651 0.0399887712595
3.3194277185 0.0366229931753
3.35760400048 0.0333610500945
3.39578028246 0.0301955535154
3.43395656445 0.0271226239219
3.47213284643 0.0241418907837
3.51030912841 0.0212564925559
3.5484854104 0.0184730766799
3.58666169238 0.0158017995807
3.62483797437 0.0132563266765
3.66301425635 0.0108538323443
3.70119053833 0.00861500003871
3.73936682032 0.00656402189702
3.7775431023 0.00472860000643
3.81571938429 0.00313994249063
3.85389566627 0.00183277501384
3.89207194825 0.000845309299229
3.93024823024 0.000219319524463
3.96842451222 0.0

kill_radius= 1.465
