slako_comment=
Au xc=PW92 charge=0.0 conf:frauenheim r0=4.755
S xc=PW92 charge=0.0 conf:frauenheim r0=3.566
Wed Nov 25 12:33:54 2009 


Au_S_table=
1.000000e-01 0. 0. 0. 0. 0. -2.367627e-01 -1.660940e-01 0. 1.111602e-02 -1.395812e-01 0. 0. 0. 0. 0. -5.556878e-01 -5.546772e-01 0. 1.838795e-02 -6.487767e-01
2.505051e-01 0. 0. 0. 0. 0. -2.147404e-01 -2.674025e-01 0. -1.244266e-01 3.695936e-01 0. 0. 0. 0. 0. -5.655464e-01 -5.575912e-01 0. 4.651288e-02 -6.563501e-01
4.010101e-01 0. 0. 0. 0. 0. 4.815005e-01 -1.086098e-01 0. -6.101745e-01 5.442243e-01 0. 0. 0. 0. 0. -5.787048e-01 -5.632475e-01 0. 6.781477e-02 -6.593626e-01
5.515152e-01 0. 0. 0. 0. 0. 6.295396e-01 8.638131e-02 0. -5.736448e-01 5.443719e-01 0. 0. 0. 0. 0. -5.763113e-01 -5.675569e-01 0. 7.086069e-02 -6.560937e-01
7.020202e-01 0. 0. 0. 0. 0. 4.065062e-01 1.814383e-01 0. -3.192906e-01 6.115725e-01 0. 0. 0. 0. 0. -5.562979e-01 -5.675277e-01 0. 5.957435e-02 -6.485046e-01
8.525253e-01 0. 0. 0. 0. 0. 1.949864e-01 2.008583e-01 0. -1.465880e-01 6.356592e-01 0. 0. 0. 0. 0. -5.274334e-01 -5.630256e-01 0. 4.294850e-02 -6.352649e-01
1.003030e+00 0. 0. 0. 0. 0. 1.146837e-01 1.924023e-01 0. -9.664358e-02 5.903306e-01 0. 0. 0. 0. 0. -4.965444e-01 -5.553605e-01 0. 2.560722e-02 -6.164364e-01
1.153535e+00 0. 0. 0. 0. 0. 1.341054e-01 1.826758e-01 0. -1.117566e-01 5.128976e-01 0. 0. 0. 0. 0. -4.652566e-01 -5.455976e-01 0. 7.652451e-03 -5.941166e-01
1.304040e+00 0. 0. 0. 0. 0. 1.916094e-01 1.802343e-01 0. -1.365154e-01 4.409061e-01 0. 0. 0. 0. 0. -4.317433e-01 -5.343927e-01 0. -1.272107e-02 -5.711223e-01
1.454545e+00 0. 0. 0. 0. 0. 2.438265e-01 1.842434e-01 0. -1.431649e-01 3.916007e-01 0. 0. 0. 0. 0. -3.933584e-01 -5.218346e-01 0. -3.703102e-02 -5.495081e-01
1.605051e+00 0. 0. 0. 0. 0. 2.709187e-01 1.912414e-01 0. -1.255113e-01 3.662906e-01 0. 0. 0. 0. 0. -3.482148e-01 -5.076899e-01 0. -6.559536e-02 -5.300670e-01
1.755556e+00 0. 0. 0. 0. 0. 2.693518e-01 1.981421e-01 0. -8.835924e-02 3.588788e-01 0. 0. 0. 0. 0. -2.956575e-01 -4.917710e-01 0. -9.775040e-02 -5.127937e-01
1.906061e+00 0. 0. 0. 0. 0. 2.439625e-01 2.028295e-01 0. -3.994454e-02 3.614930e-01 0. 0. 0. 0. 0. -2.363571e-01 -4.739176e-01 0. -1.320138e-01 -4.970055e-01
2.056566e+00 0. 0. 0. 0. 0. 2.023859e-01 2.043660e-01 0. 1.195957e-02 3.674828e-01 0. 0. 0. 0. 0. -1.719087e-01 -4.541857e-01 0. -1.665995e-01 -4.818212e-01
2.207071e+00 0. 0. 0. 0. 0. 1.521842e-01 2.025279e-01 0. 6.145062e-02 3.721898e-01 0. 0. 0. 0. 0. -1.044868e-01 -4.326451e-01 0. -1.996797e-01 -4.663315e-01
2.357576e+00 0. 0. 0. 0. 0. 9.917174e-02 1.976245e-01 0. 1.051417e-01 3.732478e-01 0. 0. 0. 0. 0. -3.640051e-02 -4.095258e-01 0. -2.297858e-01 -4.499121e-01
2.508081e+00 0. 0. 0. 0. 0. 4.786060e-02 1.901228e-01 0. 1.409895e-01 3.693686e-01 0. 0. 0. 0. 0. 2.995487e-02 -3.850822e-01 0. -2.555732e-01 -4.319932e-01
2.658586e+00 0. 0. 0. 0. 0. 7.895291e-04 1.807210e-01 0. 1.686338e-01 3.607144e-01 0. 0. 0. 0. 0. 9.272044e-02 -3.597996e-01 0. -2.764262e-01 -4.125492e-01
2.809091e+00 0. 0. 0. 0. 0. -4.038843e-02 1.699376e-01 0. 1.882725e-01 3.476691e-01 0. 0. 0. 0. 0. 1.500950e-01 -3.339773e-01 0. -2.917754e-01 -3.914661e-01
2.959596e+00 0. 0. 0. 0. 0. -7.512972e-02 1.583110e-01 0. 2.007266e-01 3.310932e-01 0. 0. 0. 0. 0. 2.008560e-01 -3.080111e-01 0. -3.015630e-01 -3.689553e-01
3.110101e+00 0. 0. 0. 0. 0. -1.033921e-01 1.463168e-01 0. 2.070035e-01 3.119164e-01 0. 0. 0. 0. 0. 2.442245e-01 -2.823221e-01 0. -3.060255e-01 -3.453574e-01
3.260606e+00 0. 0. 0. 0. 0. -1.255227e-01 1.342715e-01 0. 2.081535e-01 2.909737e-01 0. 0. 0. 0. 0. 2.796892e-01 -2.571847e-01 0. -3.054976e-01 -3.209867e-01
3.411111e+00 0. 0. 0. 0. 0. -1.419989e-01 1.224171e-01 0. 2.051502e-01 2.689999e-01 0. 0. 0. 0. 0. 3.071027e-01 -2.328519e-01 0. -3.004758e-01 -2.962089e-01
3.561616e+00 0. 0. 0. 0. 0. -1.535385e-01 1.109722e-01 0. 1.989771e-01 2.467133e-01 0. 0. 0. 0. 0. 3.267523e-01 -2.095773e-01 0. -2.916707e-01 -2.714660e-01
3.712121e+00 0. 0. 0. 0. 0. -1.607571e-01 1.000963e-01 0. 1.904125e-01 2.246069e-01 0. 0. 0. 0. 0. 3.389841e-01 -1.875701e-01 0. -2.796832e-01 -2.470779e-01
3.862626e+00 0. 0. 0. 0. 0. -1.643464e-01 8.985263e-02 0. 1.801771e-01 2.031223e-01 0. 0. 0. 0. 0. 3.444694e-01 -1.669285e-01 0. -2.652398e-01 -2.233912e-01
4.013131e+00 0. 0. 0. 0. 0. -1.648843e-01 8.030078e-02 0. 1.688282e-01 1.825491e-01 0. 0. 0. 0. 0. 3.438970e-01 -1.477452e-01 0. -2.489554e-01 -2.006555e-01
4.163636e+00 0. 0. 0. 0. 0. -1.628860e-01 7.147108e-02 0. 1.568154e-01 1.630882e-01 0. 0. 0. 0. 0. 3.380277e-01 -1.300700e-01 0. -2.313994e-01 -1.790691e-01
4.314141e+00 0. 0. 0. 0. 0. -1.589095e-01 6.336382e-02 0. 1.445606e-01 1.449209e-01 0. 0. 0. 0. 0. 3.277821e-01 -1.139141e-01 0. -2.131730e-01 -1.588242e-01
4.464646e+00 0. 0. 0. 0. 0. -1.533594e-01 5.595221e-02 0. 1.323446e-01 1.281133e-01 0. 0. 0. 0. 0. 3.139698e-01 -9.923847e-02 0. -1.947262e-01 -1.400166e-01
4.615152e+00 0. 0. 0. 0. 0. -1.466026e-01 4.924316e-02 0. 1.203906e-01 1.126957e-01 0. 0. 0. 0. 0. 2.973695e-01 -8.603724e-02 0. -1.764397e-01 -1.227030e-01
4.765657e+00 0. 0. 0. 0. 0. -1.390023e-01 4.317620e-02 0. 1.088936e-01 9.868290e-02 0. 0. 0. 0. 0. 2.788135e-01 -7.422048e-02 0. -1.586885e-01 -1.069273e-01
4.916162e+00 0. 0. 0. 0. 0. -1.307585e-01 3.772009e-02 0. 9.793329e-02 8.600376e-02 0. 0. 0. 0. 0. 2.588731e-01 -6.370859e-02 0. -1.416572e-01 -9.264089e-02
5.066667e+00 0. 0. 0. 0. 0. -1.221824e-01 3.284557e-02 0. 8.763874e-02 7.464040e-02 0. 0. 0. 0. 0. 2.382654e-01 -5.443711e-02 0. -1.256036e-01 -7.983625e-02
5.217172e+00 0. 0. 0. 0. 0. -1.134173e-01 2.850147e-02 0. 7.803289e-02 6.449801e-02 0. 0. 0. 0. 0. 2.174452e-01 -4.629552e-02 0. -1.106198e-01 -6.842837e-02
5.367677e+00 0. 0. 0. 0. 0. -1.046506e-01 2.464361e-02 0. 6.915673e-02 5.550755e-02 0. 0. 0. 0. 0. 1.968946e-01 -3.918908e-02 0. -9.681262e-02 -5.834862e-02
5.518182e+00 0. 0. 0. 0. 0. -9.599787e-02 2.123449e-02 0. 6.100747e-02 4.757519e-02 0. 0. 0. 0. 0. 1.769402e-01 -3.302268e-02 0. -8.420469e-02 -4.949756e-02
5.668687e+00 0. 0. 0. 0. 0. -8.757087e-02 1.823622e-02 0. 5.357916e-02 4.061442e-02 0. 0. 0. 0. 0. 1.578661e-01 -2.770603e-02 0. -7.280255e-02 -4.177848e-02
5.819192e+00 0. 0. 0. 0. 0. -7.945409e-02 1.560625e-02 0. 4.685054e-02 3.453659e-02 0. 0. 0. 0. 0. 1.398837e-01 -2.314277e-02 0. -6.258360e-02 -3.509044e-02
5.969697e+00 0. 0. 0. 0. 0. -7.170477e-02 1.330619e-02 0. 4.078809e-02 2.925263e-02 0. 0. 0. 0. 0. 1.231256e-01 -1.924441e-02 0. -5.349596e-02 -2.932952e-02
6.120202e+00 0. 0. 0. 0. 0. -6.439417e-02 1.130780e-02 0. 3.536727e-02 2.468686e-02 0. 0. 0. 0. 0. 1.077041e-01 -1.593735e-02 0. -4.548827e-02 -2.440201e-02
6.270707e+00 0. 0. 0. 0. 0. -5.752408e-02 9.574683e-03 0. 3.053280e-02 2.075110e-02 0. 0. 0. 0. 0. 9.362001e-02 -1.314178e-02 0. -3.846798e-02 -2.020497e-02
6.421212e+00 0. 0. 0. 0. 0. -5.114051e-02 8.078461e-03 0. 2.625398e-02 1.737959e-02 0. 0. 0. 0. 0. 8.090399e-02 -1.079223e-02 0. -3.236846e-02 -1.665518e-02
6.571717e+00 0. 0. 0. 0. 0. -4.523124e-02 6.791710e-03 0. 2.247738e-02 1.449877e-02 0. 0. 0. 0. 0. 6.950009e-02 -8.826043e-03 0. -2.709405e-02 -1.366524e-02
6.722222e+00 0. 0. 0. 0. 0. -3.981203e-02 5.688074e-03 0. 1.916599e-02 1.205098e-02 0. 0. 0. 0. 0. 5.937263e-02 -7.187729e-03 0. -2.256945e-02 -1.116298e-02
6.872727e+00 0. 0. 0. 0. 0. -3.487529e-02 4.747052e-03 0. 1.627670e-02 9.979799e-03 0. 0. 0. 0. 0. 5.044508e-02 -5.830558e-03 0. -1.871067e-02 -9.079319e-03
7.023232e+00 0. 0. 0. 0. 0. -3.039748e-02 3.946801e-03 0. 1.376402e-02 8.232609e-03 0. 0. 0. 0. 0. 4.262539e-02 -4.710237e-03 0. -1.543600e-02 -7.351840e-03
7.173737e+00 0. 0. 0. 0. 0. -2.637016e-02 3.268781e-03 0. 1.159268e-02 6.766646e-03 0. 0. 0. 0. 0. 3.583275e-02 -3.789782e-03 0. -1.267659e-02 -5.928102e-03
7.324242e+00 0. 0. 0. 0. 0. -2.276579e-02 2.697520e-03 0. 9.723337e-03 5.540743e-03 0. 0. 0. 0. 0. 2.996618e-02 -3.037435e-03 0. -1.036208e-02 -4.759618e-03
7.474747e+00 0. 0. 0. 0. 0. -1.956439e-02 2.217907e-03 0. 8.123556e-03 4.520814e-03 0. 0. 0. 0. 0. 2.493750e-02 -2.425097e-03 0. -8.433309e-03 -3.805962e-03
7.625253e+00 0. 0. 0. 0. 0. -1.673166e-02 1.816817e-03 0. 6.758540e-03 3.674596e-03 0. 0. 0. 0. 0. 2.064859e-02 -1.928686e-03 0. -6.832424e-03 -3.030582e-03
7.775758e+00 0. 0. 0. 0. 0. -1.424393e-02 1.482444e-03 0. 5.600725e-03 2.976074e-03 0. 0. 0. 0. 0. 1.701652e-02 -1.527922e-03 0. -5.512020e-03 -2.403570e-03
7.926263e+00 0. 0. 0. 0. 0. -1.206784e-02 1.205053e-03 0. 4.621818e-03 2.401160e-03 0. 0. 0. 0. 0. 1.395516e-02 -1.205780e-03 0. -4.427124e-03 -1.898403e-03
8.076768e+00 0. 0. 0. 0. 0. -1.017542e-02 9.758260e-04 0. 3.798085e-03 1.929953e-03 0. 0. 0. 0. 0. 1.139012e-02 -9.479261e-04 0. -3.540326e-03 -1.493309e-03
8.227273e+00 0. 0. 0. 0. 0. -8.541363e-03 7.873431e-04 0. 3.108946e-03 1.545679e-03 0. 0. 0. 0. 0. 9.254469e-03 -7.424764e-04 0. -2.819566e-03 -1.170094e-03
8.377778e+00 0. 0. 0. 0. 0. -7.136153e-03 6.326164e-04 0. 2.534345e-03 1.233266e-03 0. 0. 0. 0. 0. 7.484802e-03 -5.792432e-04 0. -2.236140e-03 -9.132028e-04
8.528283e+00 0. 0. 0. 0. 0. -5.934803e-03 5.064527e-04 0. 2.057568e-03 9.803537e-04 0. 0. 0. 0. 0. 6.026293e-03 -4.502637e-04 0. -1.766123e-03 -7.099256e-04
8.678788e+00 0. 0. 0. 0. 0. -4.912690e-03 4.038893e-04 0. 1.663565e-03 7.763635e-04 0. 0. 0. 0. 0. 4.830141e-03 -3.486870e-04 0. -1.389104e-03 -5.497244e-04
8.829293e+00 0. 0. 0. 0. 0. -4.048736e-03 3.208320e-04 0. 1.339767e-03 6.126195e-04 0. 0. 0. 0. 0. 3.854816e-03 -2.690133e-04 0. -1.088291e-03 -4.240753e-04
8.979798e+00 0. 0. 0. 0. 0. -3.321197e-03 2.538974e-04 0. 1.074493e-03 4.815655e-04 0. 0. 0. 0. 0. 3.062759e-03 -2.067841e-04 0. -8.491023e-04 -3.258627e-04
9.130303e+00 0. 0. 0. 0. 0. -2.712288e-03 2.001667e-04 0. 8.583184e-04 3.771641e-04 0. 0. 0. 0. 0. 2.423097e-03 -1.583688e-04 0. -6.598819e-04 -2.494542e-04
9.280808e+00 0. 0. 0. 0. 0. -2.204910e-03 1.571771e-04 0. 6.828146e-04 2.942815e-04 0. 0. 0. 0. 0. 1.908759e-03 -1.208299e-04 0. -5.107717e-04 -1.902292e-04
9.431313e+00 0. 0. 0. 0. 0. -1.784639e-03 1.229876e-04 0. 5.410650e-04 2.287786e-04 0. 0. 0. 0. 0. 1.497315e-03 -9.187168e-05 0. -3.938270e-04 -1.445254e-04
9.581818e+00 0. 0. 0. 0. 0. -1.437869e-03 9.580747e-05 0. 4.269610e-04 1.771770e-04 0. 0. 0. 0. 0. 1.169574e-03 -6.956871e-05 0. -3.024544e-04 -1.093851e-04
9.732323e+00 0. 0. 0. 0. 0. -1.153368e-03 7.438797e-05 0. 3.355721e-04 1.367057e-04 0. 0. 0. 0. 0. 9.097276e-04 -5.250472e-05 0. -2.313665e-04 -8.247674e-05
9.882828e+00 0. 0. 0. 0. 0. -9.211061e-04 5.751468e-05 0. 2.626904e-04 1.050885e-04 0. 0. 0. 0. 0. 7.047094e-04 -3.947212e-05 0. -1.763116e-04 -6.195841e-05
1.003333e+01 0. 0. 0. 0. 0. -7.325322e-04 4.430450e-05 0. 2.048545e-04 8.049680e-05 0. 0. 0. 0. 0. 5.437176e-04 -2.956949e-05 0. -1.338603e-04 -4.637719e-05
1.018384e+01 0. 0. 0. 0. 0. -5.798798e-04 3.399641e-05 0. 1.590741e-04 6.141704e-05 0. 0. 0. 0. 0. 4.177156e-04 -2.206793e-05 0. -1.012193e-04 -3.457933e-05
1.033434e+01 0. 0. 0. 0. 0. -4.569940e-04 2.597925e-05 0. 1.230165e-04 4.668097e-05 0. 0. 0. 0. 0. 3.195906e-04 -1.640690e-05 0. -7.624034e-05 -2.568617e-05
1.048485e+01 0. 0. 0. 0. 0. -3.586701e-04 1.978324e-05 0. 9.477500e-05 3.535461e-05 0. 0. 0. 0. 0. 2.435440e-04 -1.215486e-05 0. -5.721374e-05 -1.901041e-05
1.063535e+01 0. 0. 0. 0. 0. -2.802394e-04 1.499985e-05 0. 7.271356e-05 2.667213e-05 0. 0. 0. 0. 0. 1.848128e-04 -8.968070e-06 0. -4.276546e-05 -1.401523e-05
1.078586e+01 0. 0. 0. 0. 0. -2.180645e-04 1.133603e-05 0. 5.557769e-05 2.005037e-05 0. 0. 0. 0. 0. 1.396877e-04 -6.595074e-06 0. -3.184758e-05 -1.029476e-05
1.093636e+01 0. 0. 0. 0. 0. -1.689242e-04 8.531088e-06 0. 4.230252e-05 1.501332e-05 0. 0. 0. 0. 0. 1.051401e-04 -4.830604e-06 0. -2.362346e-05 -7.532811e-06
1.108687e+01 0. 0. 0. 0. 0. -1.302958e-04 6.394191e-06 0. 3.206986e-05 1.119905e-05 0. 0. 0. 0. 0. 7.880859e-05 -3.524113e-06 0. -1.745507e-05 -5.490479e-06
1.123737e+01 0. 0. 0. 0. 0. -1.000936e-04 4.775082e-06 0. 2.422138e-05 8.324168e-06 0. 0. 0. 0. 0. 5.884065e-05 -2.562157e-06 0. -1.285015e-05 -3.987584e-06
1.138788e+01 0. 0. 0. 0. 0. -7.653920e-05 3.551176e-06 0. 1.821456e-05 6.161837e-06 0. 0. 0. 0. 0. 4.374104e-05 -1.855046e-06 0. -9.421121e-06 -2.884212e-06
1.153838e+01 0. 0. 0. 0. 0. -5.829345e-05 2.631530e-06 0. 1.364674e-05 4.544963e-06 0. 0. 0. 0. 0. 3.238767e-05 -1.338232e-06 0. -6.881646e-06 -2.078462e-06
1.168889e+01 0. 0. 0. 0. 0. -4.419927e-05 1.941690e-06 0. 1.018158e-05 3.338924e-06 0. 0. 0. 0. 0. 2.387774e-05 -9.614498e-07 0. -5.006244e-06 -1.491739e-06
1.183939e+01 0. 0. 0. 0. 0. -3.337671e-05 1.427168e-06 0. 7.567757e-06 2.443908e-06 0. 0. 0. 0. 0. 1.753298e-05 -6.879352e-07 0. -3.628310e-06 -1.066603e-06
1.198990e+01 0. 0. 0. 0. 0. -2.508629e-05 1.044417e-06 0. 5.600052e-06 1.781175e-06 0. 0. 0. 0. 0. 1.281522e-05 -4.901061e-07 0. -2.618265e-06 -7.593097e-07
1.214040e+01 0. 0. 0. 0. 0. -1.877877e-05 7.615399e-07 0. 4.128338e-06 1.293441e-06 0. 0. 0. 0. 0. 9.329731e-06 -3.479888e-07 0. -1.882334e-06 -5.385605e-07
1.229091e+01 0. 0. 0. 0. 0. -1.399756e-05 5.528949e-07 0. 3.031320e-06 9.356955e-07 0. 0. 0. 0. 0. 6.765922e-06 -2.460585e-07 0. -1.348234e-06 -3.806363e-07
1.244141e+01 0. 0. 0. 0. 0. -1.038817e-05 3.998722e-07 0. 2.216766e-06 6.741175e-07 0. 0. 0. 0. 0. 4.883219e-06 -1.732290e-07 0. -9.614561e-07 -2.677660e-07
1.259192e+01 0. 0. 0. 0. 0. -7.675262e-06 2.878315e-07 0. 1.614317e-06 4.837059e-07 0. 0. 0. 0. 0. 3.509803e-06 -1.214063e-07 0. -6.829245e-07 -1.876415e-07
1.274242e+01 0. 0. 0. 0. 0. -5.644686e-06 2.063646e-07 0. 1.170527e-06 3.455525e-07 0. 0. 0. 0. 0. 2.509651e-06 -8.471550e-08 0. -4.827909e-07 -1.308278e-07
1.289293e+01 0. 0. 0. 0. 0. -4.134423e-06 1.473658e-07 0. 8.454656e-07 2.459912e-07 0. 0. 0. 0. 0. 1.788809e-06 -5.890604e-08 0. -3.402012e-07 -9.096896e-08
1.304343e+01 0. 0. 0. 0. 0. -3.014092e-06 1.047060e-07 0. 6.080271e-07 1.743316e-07 0. 0. 0. 0. 0. 1.268485e-06 -4.073833e-08 0. -2.386040e-07 -6.293684e-08
1.319394e+01 0. 0. 0. 0. 0. -2.187541e-06 7.413061e-08 0. 4.354620e-07 1.230194e-07 0. 0. 0. 0. 0. 8.948369e-07 -2.807159e-08 0. -1.665556e-07 -4.332183e-08
1.334444e+01 0. 0. 0. 0. 0. -1.580304e-06 5.222406e-08 0. 3.105105e-07 8.644423e-08 0. 0. 0. 0. 0. 6.286624e-07 -1.923904e-08 0. -1.157966e-07 -2.970713e-08
1.349495e+01 0. 0. 0. 0. 0. -1.136639e-06 3.663521e-08 0. 2.204774e-07 6.050715e-08 0. 0. 0. 0. 0. 4.400442e-07 -1.314665e-08 0. -8.020970e-08 -2.030417e-08
1.364545e+01 0. 0. 0. 0. 0. -8.128441e-07 2.554977e-08 0. 1.557548e-07 4.209993e-08 0. 0. 0. 0. 0. 3.055490e-07 -8.909526e-09 0. -5.517519e-08 -1.376355e-08
1.379596e+01 0. 0. 0. 0. 0. -5.794257e-07 1.776739e-08 0. 1.096725e-07 2.922286e-08 0. 0. 0. 0. 0. 2.119613e-07 -6.032191e-09 0. -3.789538e-08 -9.327298e-09
1.394646e+01 0. 0. 0. 0. 0. -4.105328e-07 1.228185e-08 0. 7.679764e-08 2.015983e-08 0. 0. 0. 0. 0. 1.458882e-07 -4.056339e-09 0. -2.584662e-08 -6.271001e-09
1.409697e+01 0. 0. 0. 0. 0. -2.894334e-07 8.440323e-09 0. 5.352436e-08 1.384497e-08 0. 0. 0. 0. 0. 1.000015e-07 -2.709593e-09 0. -1.755652e-08 -4.200420e-09
1.424747e+01 0. 0. 0. 0. 0. -2.031736e-07 5.785933e-09 0. 3.715017e-08 9.469983e-09 0. 0. 0. 0. 0. 6.823694e-08 -1.808373e-09 0. -1.187387e-08 -2.801424e-09
1.439798e+01 0. 0. 0. 0. 0. -1.416064e-07 3.930276e-09 0. 2.562142e-08 6.430710e-09 0. 0. 0. 0. 0. 4.615110e-08 -1.192383e-09 0. -7.967572e-09 -1.851832e-09
1.454848e+01 0. 0. 0. 0. 0. -9.849038e-08 2.663657e-09 0. 1.762775e-08 4.361739e-09 0. 0. 0. 0. 0. 3.124236e-08 -7.865292e-10 0. -5.346296e-09 -1.226054e-09
1.469899e+01 0. 0. 0. 0. 0. -5.214540e-08 1.385126e-09 0. 9.263753e-09 2.269424e-09 0. 0. 0. 0. 0. 1.623322e-08 -5.155696e-10 0. -3.548999e-09 -8.016835e-10
1.484949e+01 0. 0. 0. 0. 0. -1.512932e-08 3.966013e-10 0. 2.673238e-09 6.500743e-10 0. 0. 0. 0. 0. 4.645234e-09 -1.703927e-10 0. -1.180466e-09 -2.646135e-10
1.500000e+01 0. 0. 0. 0. 0. 0. 0. 0. 0. 0. 0. 0. 0. 0. 0. 0. 0. 0. 0. 0.



S_Au_table=
1.000000e-01 0. 0. 0. -4.981714e-01 -2.487863e-01 -2.413005e-01 -1.644959e-01 -9.339867e-01 -4.321024e-01 -1.454211e-01 0. 0. 0. 6.574105e-02 5.722217e-02 -5.556878e-01 -5.546772e-01 -6.506801e-04 -4.917664e-02 -6.487767e-01
2.505051e-01 0. 0. 0. -9.774943e-01 -1.078687e+00 -2.124399e-01 -2.684350e-01 4.307131e-01 1.455431e-01 3.725227e-01 0. 0. 0. 1.457509e-01 1.360610e-01 -5.655464e-01 -5.575912e-01 -1.936640e-02 -1.295308e-01 -6.563501e-01
4.010101e-01 0. 0. 0. 1.760542e-02 -9.907071e-01 4.840561e-01 -1.093089e-01 5.440957e-01 3.537867e-01 5.454631e-01 0. 0. 0. 1.934456e-01 1.963268e-01 -5.787048e-01 -5.632475e-01 -3.849829e-02 -2.042085e-01 -6.593626e-01
5.515152e-01 0. 0. 0. 4.085413e-01 -5.841287e-01 6.302464e-01 8.626060e-02 2.848135e-01 3.282549e-01 5.448827e-01 0. 0. 0. 2.356377e-01 2.439088e-01 -5.763113e-01 -5.675569e-01 -5.417542e-02 -2.694777e-01 -6.560937e-01
7.020202e-01 0. 0. 0. 1.241175e-01 -3.479974e-01 4.065935e-01 1.813198e-01 3.749324e-01 4.307177e-01 6.108449e-01 0. 0. 0. 2.843855e-01 2.879773e-01 -5.562979e-01 -5.675277e-01 -7.152329e-02 -3.273360e-01 -6.485046e-01
8.525253e-01 0. 0. 0. -3.029379e-01 -3.153090e-01 1.951373e-01 2.007713e-01 5.782087e-01 5.210617e-01 6.340178e-01 0. 0. 0. 3.306663e-01 3.313768e-01 -5.274334e-01 -5.630256e-01 -8.506956e-02 -3.750756e-01 -6.352649e-01
1.003030e+00 0. 0. 0. -5.836978e-01 -3.873929e-01 1.148914e-01 1.923331e-01 6.795466e-01 5.248222e-01 5.882935e-01 0. 0. 0. 3.612068e-01 3.719458e-01 -4.965444e-01 -5.553605e-01 -8.666680e-02 -4.107797e-01 -6.164364e-01
1.153535e+00 0. 0. 0. -6.682070e-01 -4.816659e-01 1.341738e-01 1.827120e-01 6.379501e-01 4.646587e-01 5.109420e-01 0. 0. 0. 3.681233e-01 4.062585e-01 -4.652566e-01 -5.455976e-01 -7.245668e-02 -4.356502e-01 -5.941166e-01
1.304040e+00 0. 0. 0. -6.077391e-01 -5.553225e-01 1.915506e-01 1.803061e-01 4.977720e-01 3.860790e-01 4.391638e-01 0. 0. 0. 3.503526e-01 4.314957e-01 -4.317433e-01 -5.343927e-01 -4.366065e-02 -4.529590e-01 -5.711223e-01
1.454545e+00 0. 0. 0. -4.699653e-01 -5.951297e-01 2.436264e-01 1.843320e-01 3.166002e-01 3.202839e-01 3.901104e-01 0. 0. 0. 3.115181e-01 4.464255e-01 -3.933584e-01 -5.218346e-01 -4.557787e-03 -4.660717e-01 -5.495081e-01
1.605051e+00 0. 0. 0. -3.072232e-01 -6.025145e-01 2.706381e-01 1.913599e-01 1.368892e-01 2.796368e-01 3.650420e-01 0. 0. 0. 2.574172e-01 4.508872e-01 -3.482148e-01 -5.076899e-01 3.971151e-02 -4.773971e-01 -5.300670e-01
1.755556e+00 0. 0. 0. -1.518380e-01 -5.847826e-01 2.690123e-01 1.982700e-01 -1.761392e-02 2.640000e-01 3.578624e-01 0. 0. 0. 1.944218e-01 4.458541e-01 -2.956575e-01 -4.917710e-01 8.427476e-02 -4.882387e-01 -5.127937e-01
1.906061e+00 0. 0. 0. -1.961888e-02 -5.500957e-01 2.436071e-01 2.029796e-01 -1.378950e-01 2.672841e-01 3.606726e-01 0. 0. 0. 1.281643e-01 4.327314e-01 -2.363571e-01 -4.739176e-01 1.254501e-01 -4.988212e-01 -4.970055e-01
2.056566e+00 0. 0. 0. 8.417014e-02 -5.054763e-01 2.020788e-01 2.045034e-01 -2.236913e-01 2.820528e-01 3.667979e-01 0. 0. 0. 6.318555e-02 4.131619e-01 -1.719087e-01 -4.541857e-01 1.607671e-01 -5.087050e-01 -4.818212e-01
2.207071e+00 0. 0. 0. 1.601046e-01 -4.562891e-01 1.518467e-01 2.026538e-01 -2.790910e-01 3.018199e-01 3.716813e-01 0. 0. 0. 2.870168e-03 3.887919e-01 -1.044868e-01 -4.326451e-01 1.888589e-01 -5.170745e-01 -4.663315e-01
2.357576e+00 0. 0. 0. 2.117783e-01 -4.064516e-01 9.890992e-02 1.977299e-01 -3.099334e-01 3.217677e-01 3.728155e-01 0. 0. 0. -5.068435e-02 3.613009e-01 -3.640051e-02 -4.095258e-01 2.093805e-01 -5.230867e-01 -4.499121e-01
2.508081e+00 0. 0. 0. 2.436823e-01 -3.582407e-01 4.757714e-02 1.902365e-01 -3.220433e-01 3.387462e-01 3.690674e-01 0. 0. 0. -9.623171e-02 3.318718e-01 2.995487e-02 -3.850822e-01 2.225330e-01 -5.258764e-01 -4.319932e-01
2.658586e+00 0. 0. 0. 2.600951e-01 -3.131951e-01 5.716614e-04 1.808155e-01 -3.204772e-01 3.510448e-01 3.604620e-01 0. 0. 0. -1.331999e-01 3.018145e-01 9.272044e-02 -3.597996e-01 2.289058e-01 -5.250281e-01 -4.125492e-01
2.809091e+00 0. 0. 0. 2.650402e-01 -2.719832e-01 -4.060242e-02 1.700273e-01 -3.095394e-01 3.579503e-01 3.474862e-01 0. 0. 0. -1.617568e-01 2.718973e-01 1.500950e-01 -3.339773e-01 2.294400e-01 -5.200968e-01 -3.914661e-01
2.959596e+00 0. 0. 0. 2.616147e-01 -2.349131e-01 -7.531462e-02 1.584067e-01 -2.924486e-01 3.594435e-01 3.309627e-01 0. 0. 0. -1.823116e-01 2.428570e-01 2.008560e-01 -3.080111e-01 2.250935e-01 -5.110280e-01 -3.689553e-01
3.110101e+00 0. 0. 0. 2.523481e-01 -2.019954e-01 -1.035602e-01 1.463927e-01 -2.716740e-01 3.559416e-01 3.118179e-01 0. 0. 0. -1.955694e-01 2.152512e-01 2.442245e-01 -2.823221e-01 2.168533e-01 -4.980003e-01 -3.453574e-01
3.260606e+00 0. 0. 0. 2.392349e-01 -1.730156e-01 -1.256498e-01 1.343273e-01 -2.490452e-01 3.480537e-01 2.908926e-01 0. 0. 0. -2.024476e-01 1.893826e-01 2.796892e-01 -2.571847e-01 2.056938e-01 -4.812656e-01 -3.209867e-01
3.411111e+00 0. 0. 0. 2.237417e-01 -1.476769e-01 -1.421392e-01 1.224729e-01 -2.258442e-01 3.365156e-01 2.689574e-01 0. 0. 0. -2.038605e-01 1.654597e-01 3.071027e-01 -2.328519e-01 1.924542e-01 -4.612325e-01 -2.962089e-01
3.561616e+00 0. 0. 0. 2.069617e-01 -1.256806e-01 -1.536560e-01 1.110332e-01 -2.029616e-01 3.220632e-01 2.466846e-01 0. 0. 0. -2.007866e-01 1.436499e-01 3.267523e-01 -2.095773e-01 1.779066e-01 -4.384865e-01 -2.714660e-01
3.712121e+00 0. 0. 0. 1.897047e-01 -1.066572e-01 -1.608750e-01 1.001446e-01 -1.809956e-01 3.054116e-01 2.245956e-01 0. 0. 0. -1.941132e-01 1.239413e-01 3.389841e-01 -1.875701e-01 1.626615e-01 -4.135539e-01 -2.470779e-01
3.862626e+00 0. 0. 0. 1.725632e-01 -9.028499e-02 -1.644390e-01 8.989438e-02 -1.603344e-01 2.872031e-01 2.031131e-01 0. 0. 0. -1.847424e-01 1.063239e-01 3.444694e-01 -1.669285e-01 1.472721e-01 -3.870545e-01 -2.233912e-01
4.013131e+00 0. 0. 0. 1.559262e-01 -7.623766e-02 -1.649520e-01 8.033792e-02 -1.411881e-01 2.680105e-01 1.825404e-01 0. 0. 0. -1.734096e-01 9.070183e-02 3.438970e-01 -1.477452e-01 1.321315e-01 -3.595415e-01 -2.006555e-01
4.163636e+00 0. 0. 0. 1.400363e-01 -6.422275e-02 -1.629688e-01 7.150204e-02 -1.236466e-01 2.483301e-01 1.630930e-01 0. 0. 0. -1.607361e-01 7.695963e-02 3.380277e-01 -1.300700e-01 1.175276e-01 -3.315338e-01 -1.790691e-01
4.314141e+00 0. 0. 0. 1.251109e-01 -5.397969e-02 -1.589791e-01 6.338767e-02 -1.077567e-01 2.285741e-01 1.449264e-01 0. 0. 0. -1.473704e-01 6.496885e-02 3.277821e-01 -1.139141e-01 1.037310e-01 -3.035648e-01 -1.588242e-01
4.464646e+00 0. 0. 0. 1.112513e-01 -4.526439e-02 -1.534233e-01 5.598059e-02 -9.348734e-02 2.090887e-01 1.281213e-01 0. 0. 0. -1.337855e-01 5.456907e-02 3.139698e-01 -9.923847e-02 9.089428e-02 -2.760495e-01 -1.400166e-01
4.615152e+00 0. 0. 0. 9.846638e-02 -3.787196e-02 -1.466698e-01 4.926152e-02 -8.074995e-02 1.901441e-01 1.127074e-01 0. 0. 0. -1.202982e-01 4.561651e-02 2.973695e-01 -8.603724e-02 7.907751e-02 -2.493462e-01 -1.227030e-01
4.765657e+00 0. 0. 0. 8.680068e-02 -3.161641e-02 -1.390420e-01 4.319155e-02 -6.947134e-02 1.719517e-01 9.868747e-02 0. 0. 0. -1.072762e-01 3.795939e-02 2.788135e-01 -7.422048e-02 6.836072e-02 -2.237894e-01 -1.069273e-01
4.916162e+00 0. 0. 0. 7.620092e-02 -2.632959e-02 -1.308170e-01 3.773802e-02 -5.952942e-02 1.546729e-01 8.601612e-02 0. 0. 0. -9.487812e-02 3.143679e-02 2.588731e-01 -6.370859e-02 5.871634e-02 -1.995574e-01 -9.264089e-02
5.066667e+00 0. 0. 0. 6.664226e-02 -2.187951e-02 -1.222253e-01 3.285840e-02 -5.081932e-02 1.384171e-01 7.464874e-02 0. 0. 0. -8.329004e-02 2.592759e-02 2.382654e-01 -5.443711e-02 5.013470e-02 -1.768759e-01 -7.983625e-02
5.217172e+00 0. 0. 0. 5.806283e-02 -1.813713e-02 -1.134618e-01 2.851138e-02 -4.322306e-02 1.232568e-01 6.450735e-02 0. 0. 0. -7.259337e-02 2.128937e-02 2.174452e-01 -4.629552e-02 4.255897e-02 -1.558231e-01 -6.842837e-02
5.367677e+00 0. 0. 0. 5.040832e-02 -1.499867e-02 -1.046863e-01 2.465329e-02 -3.663246e-02 1.092293e-01 5.551475e-02 0. 0. 0. -6.285409e-02 1.740845e-02 1.968946e-01 -3.918908e-02 3.593278e-02 -1.364814e-01 -5.834862e-02
5.518182e+00 0. 0. 0. 4.360486e-02 -1.237205e-02 -9.602913e-02 2.124422e-02 -3.093666e-02 9.634417e-02 4.758155e-02 0. 0. 0. -5.407211e-02 1.417527e-02 1.769402e-01 -3.302268e-02 3.017617e-02 -1.188538e-01 -4.949756e-02
5.668687e+00 0. 0. 0. 3.758286e-02 -1.018042e-02 -8.760006e-02 1.824332e-02 -2.603438e-02 8.459066e-02 4.062025e-02 0. 0. 0. -4.622706e-02 1.149751e-02 1.578661e-01 -2.770603e-02 2.520884e-02 -1.029238e-01 -4.177848e-02
5.819192e+00 0. 0. 0. 3.227846e-02 -8.355319e-03 -7.948023e-02 1.561179e-02 -2.183356e-02 7.393688e-02 3.454169e-02 0. 0. 0. -3.928979e-02 9.288699e-03 1.398837e-01 -2.314277e-02 2.095455e-02 -8.864208e-02 -3.509044e-02
5.969697e+00 0. 0. 0. 2.762445e-02 -6.838429e-03 -7.173210e-02 1.331268e-02 -1.824757e-02 6.433778e-02 2.925811e-02 0. 0. 0. -3.320589e-02 7.473704e-03 1.231256e-01 -1.924441e-02 1.733380e-02 -7.592941e-02 -2.932952e-02
6.120202e+00 0. 0. 0. 2.355987e-02 -5.582810e-03 -6.440982e-02 1.131244e-02 -1.519948e-02 5.574206e-02 2.468970e-02 0. 0. 0. -2.791479e-02 5.992056e-03 1.077041e-01 -1.593735e-02 1.427234e-02 -6.470577e-02 -2.440201e-02
6.270707e+00 0. 0. 0. 2.001921e-02 -4.544744e-03 -5.754118e-02 9.578637e-03 -1.261628e-02 4.808587e-02 2.075421e-02 0. 0. 0. -2.333906e-02 4.785198e-03 9.362001e-02 -1.314178e-02 1.169552e-02 -5.485027e-02 -2.020497e-02
6.421212e+00 0. 0. 0. 1.695127e-02 -3.689662e-03 -5.114915e-02 8.081304e-03 -1.043698e-02 4.130422e-02 1.738096e-02 0. 0. 0. -1.941650e-02 3.807925e-03 8.090399e-02 -1.079223e-02 9.541725e-03 -4.626431e-02 -1.665518e-02
6.571717e+00 0. 0. 0. 1.429978e-02 -2.986826e-03 -4.524281e-02 6.793658e-03 -8.603915e-03 3.532884e-02 1.450068e-02 0. 0. 0. -1.606952e-02 3.018891e-03 6.950009e-02 -8.826043e-03 7.748686e-03 -3.882364e-02 -1.366524e-02
6.722222e+00 0. 0. 0. 1.202048e-02 -2.410675e-03 -3.982230e-02 5.690110e-03 -7.068995e-03 3.009058e-02 1.205263e-02 0. 0. 0. -1.323753e-02 2.384536e-03 5.937263e-02 -7.187729e-03 6.266123e-03 -3.242151e-02 -1.116298e-02
6.872727e+00 0. 0. 0. 1.006769e-02 -1.940122e-03 -3.488140e-02 4.748457e-03 -5.788026e-03 2.552193e-02 9.980695e-03 0. 0. 0. -1.085340e-02 1.877016e-03 5.044508e-02 -5.830558e-03 5.045641e-03 -2.694510e-02 -9.079319e-03
7.023232e+00 0. 0. 0. 8.400380e-03 -1.556612e-03 -3.040575e-02 3.948087e-03 -4.722623e-03 2.155679e-02 8.233829e-03 0. 0. 0. -8.856483e-03 1.472075e-03 4.262539e-02 -4.710237e-03 4.045371e-03 -2.228528e-02 -7.351840e-03
7.173737e+00 0. 0. 0. 6.984023e-03 -1.245078e-03 -2.637739e-02 3.270241e-03 -3.840332e-03 1.813233e-02 6.767670e-03 0. 0. 0. -7.195598e-03 1.150414e-03 3.583275e-02 -3.789782e-03 3.230425e-03 -1.834604e-02 -5.928102e-03
7.324242e+00 0. 0. 0. 5.784400e-03 -9.928879e-04 -2.277331e-02 2.698794e-03 -3.111898e-03 1.518883e-02 5.541802e-03 0. 0. 0. -5.819633e-03 8.959596e-04 2.996618e-02 -3.037435e-03 2.568868e-03 -1.503245e-02 -4.759618e-03
7.474747e+00 0. 0. 0. 4.773495e-03 -7.893749e-04 -1.956908e-02 2.218851e-03 -2.513098e-03 1.267111e-02 4.521411e-03 0. 0. 0. -4.687153e-03 6.954615e-04 2.493750e-02 -2.425097e-03 2.034856e-03 -1.226226e-02 -3.805962e-03
7.625253e+00 0. 0. 0. 3.924164e-03 -6.255991e-04 -1.673617e-02 1.817446e-03 -2.022362e-03 1.052739e-02 3.675125e-03 0. 0. 0. -3.758485e-03 5.379615e-04 2.064859e-02 -1.928686e-03 1.605287e-03 -9.956852e-03 -3.030582e-03
7.775758e+00 0. 0. 0. 3.214176e-03 -4.942312e-04 -1.424622e-02 1.482949e-03 -1.621908e-03 8.710617e-03 2.976282e-03 0. 0. 0. -3.001719e-03 4.147308e-04 1.701652e-02 -1.527922e-03 1.261615e-03 -8.049515e-03 -2.403570e-03
7.926263e+00 0. 0. 0. 2.622463e-03 -3.891857e-04 -1.206963e-02 1.205447e-03 -1.296119e-03 7.177842e-03 2.401287e-03 0. 0. 0. -2.387134e-03 3.186150e-04 1.395516e-02 -1.205780e-03 9.875694e-04 -6.478420e-03 -1.898403e-03
8.076768e+00 0. 0. 0. 2.131449e-03 -3.054784e-04 -1.017797e-02 9.761460e-04 -1.032109e-03 5.890747e-03 1.930168e-03 0. 0. 0. -1.890439e-03 2.439475e-04 1.139012e-02 -9.479261e-04 7.700127e-04 -5.191030e-03 -1.493309e-03
8.227273e+00 0. 0. 0. 1.725920e-03 -2.390169e-04 -8.543259e-03 7.874898e-04 -8.190303e-04 4.814882e-03 1.545792e-03 0. 0. 0. -1.491239e-03 1.861725e-04 9.254469e-03 -7.424764e-04 5.981523e-04 -4.141833e-03 -1.170094e-03
8.377778e+00 0. 0. 0. 1.392227e-03 -1.863726e-04 -7.137773e-03 6.327914e-04 -6.476497e-04 3.919439e-03 1.233329e-03 0. 0. 0. -1.171687e-03 1.415774e-04 7.484802e-03 -5.792432e-04 4.629026e-04 -3.290522e-03 -9.132028e-04
8.528283e+00 0. 0. 0. 1.118749e-03 -1.448589e-04 -5.936236e-03 5.065586e-04 -5.103160e-04 3.177631e-03 9.803832e-04 0. 0. 0. -9.169450e-04 1.073187e-04 6.026293e-03 -4.502637e-04 3.568798e-04 -2.603150e-03 -7.099256e-04
8.678788e+00 0. 0. 0. 8.955107e-04 -1.122153e-04 -4.914377e-03 4.039470e-04 -4.006647e-04 2.565757e-03 7.763977e-04 0. 0. 0. -7.147286e-04 8.107511e-05 4.830141e-03 -3.486870e-04 2.740975e-04 -2.050654e-03 -5.497244e-04
8.829293e+00 0. 0. 0. 7.141550e-04 -8.663739e-05 -4.050025e-03 3.208628e-04 -3.134805e-04 2.063340e-03 6.125931e-04 0. 0. 0. -5.550442e-04 6.104708e-05 3.854816e-03 -2.690133e-04 2.097665e-04 -1.608832e-03 -4.240753e-04
8.979798e+00 0. 0. 0. 5.672856e-04 -6.666518e-05 -3.322473e-03 2.538918e-04 -2.443734e-04 1.652540e-03 4.815209e-04 0. 0. 0. -4.293212e-04 4.581308e-05 3.062759e-03 -2.067841e-04 1.599246e-04 -1.256912e-03 -3.258627e-04
9.130303e+00 0. 0. 0. 4.489196e-04 -5.112620e-05 -2.713450e-03 2.001193e-04 -1.898310e-04 1.318223e-03 3.770995e-04 0. 0. 0. -3.308277e-04 3.426892e-05 2.423097e-03 -1.583688e-04 1.214854e-04 -9.780025e-04 -2.494542e-04
9.280808e+00 0. 0. 0. 3.538746e-04 -3.907216e-05 -2.206057e-03 1.571153e-04 -1.469276e-04 1.047236e-03 2.942046e-04 0. 0. 0. -2.539543e-04 2.554545e-05 1.908759e-03 -1.208299e-04 9.194573e-05 -7.578617e-04 -1.902292e-04
9.431313e+00 0. 0. 0. 2.778860e-04 -2.976387e-05 -1.785575e-03 1.228809e-04 -1.133129e-04 8.285974e-04 2.286793e-04 0. 0. 0. -1.942133e-04 1.898475e-05 1.497315e-03 -9.187168e-05 6.933724e-05 -5.849241e-04 -1.445254e-04
9.581818e+00 0. 0. 0. 2.173747e-04 -2.258709e-05 -1.438700e-03 9.570893e-05 -8.707409e-05 6.529335e-04 1.770736e-04 0. 0. 0. -1.479743e-04 1.405561e-05 1.169574e-03 -6.956871e-05 5.210037e-05 -4.496236e-04 -1.093851e-04
9.732323e+00 0. 0. 0. 1.693714e-04 -1.708641e-05 -1.154027e-03 7.426248e-05 -6.666857e-05 5.124745e-04 1.366056e-04 0. 0. 0. -1.123064e-04 1.037572e-05 9.097276e-04 -5.250472e-05 3.900290e-05 -3.442356e-04 -8.247674e-05
9.882828e+00 0. 0. 0. 1.314617e-04 -1.287781e-05 -9.214593e-04 5.738540e-05 -5.086514e-05 4.006611e-04 1.049979e-04 0. 0. 0. -8.492888e-05 7.632068e-06 7.047094e-04 -3.947212e-05 2.909575e-05 -2.625107e-04 -6.195841e-05
1.003333e+01 0. 0. 0. 1.016536e-04 -9.673110e-06 -7.325268e-04 4.417354e-05 -3.866546e-05 3.119028e-04 8.039332e-05 0. 0. 0. -6.399775e-05 5.596087e-06 5.437176e-04 -2.956949e-05 2.163007e-05 -1.994155e-04 -4.637719e-05
1.018384e+01 0. 0. 0. 7.830186e-05 -7.239639e-06 -5.799777e-04 3.386331e-05 -2.928389e-05 2.418562e-04 6.132300e-05 0. 0. 0. -4.803549e-05 4.089057e-06 4.177156e-04 -2.206793e-05 1.601907e-05 -1.508653e-04 -3.457933e-05
1.033434e+01 0. 0. 0. 6.007523e-05 -5.398367e-06 -4.570927e-04 2.585321e-05 -2.209677e-05 1.867758e-04 4.659760e-05 0. 0. 0. -3.592004e-05 2.977450e-06 3.195906e-04 -1.640690e-05 1.182076e-05 -1.136832e-04 -2.568617e-05
1.048485e+01 0. 0. 0. 4.591151e-05 -4.011349e-06 -3.585631e-04 1.965520e-05 -1.660801e-05 1.435517e-04 3.526146e-05 0. 0. 0. -2.676456e-05 2.161253e-06 2.435440e-04 -1.215486e-05 8.691947e-06 -8.532670e-05 -1.901041e-05
1.063535e+01 0. 0. 0. 3.494347e-05 -2.968830e-06 -2.799370e-04 1.487624e-05 -1.243256e-05 1.098182e-04 2.657096e-05 0. 0. 0. -1.986707e-05 1.562932e-06 1.848128e-04 -8.968070e-06 6.367558e-06 -6.378006e-05 -1.401523e-05
1.078586e+01 0. 0. 0. 2.649205e-05 -2.190170e-06 -2.175644e-04 1.121776e-05 -9.271078e-06 8.363878e-05 1.994249e-05 0. 0. 0. -1.469392e-05 1.126913e-06 1.396877e-04 -6.595074e-06 4.648106e-06 -4.748644e-05 -1.029476e-05
1.093636e+01 0. 0. 0. 2.000337e-05 -1.609398e-06 -1.683146e-04 8.421546e-06 -6.886692e-06 6.342595e-05 1.490732e-05 0. 0. 0. -1.082644e-05 8.095722e-07 1.051401e-04 -4.830604e-06 3.380341e-06 -3.521140e-05 -7.532811e-06
1.108687e+01 0. 0. 0. 1.504251e-05 -1.177967e-06 -1.296041e-04 6.294348e-06 -5.094851e-06 4.787557e-05 1.109644e-05 0. 0. 0. -7.947204e-06 5.794750e-07 7.880859e-05 -3.524113e-06 2.449205e-06 -2.600058e-05 -5.490479e-06
1.123737e+01 0. 0. 0. 1.126893e-05 -8.593393e-07 -9.936578e-05 4.687676e-06 -3.755682e-06 3.599696e-05 8.229250e-06 0. 0. 0. -5.813071e-06 4.134616e-07 5.884065e-05 -2.562157e-06 1.768410e-06 -1.912649e-05 -3.987584e-06
1.138788e+01 0. 0. 0. 8.405916e-06 -6.242784e-07 -7.581758e-05 3.474276e-06 -2.756818e-06 2.693728e-05 6.076205e-06 0. 0. 0. -4.234992e-06 2.938991e-07 4.374104e-05 -1.855046e-06 1.271771e-06 -1.400855e-05 -2.884212e-06
1.153838e+01 0. 0. 0. 6.245774e-06 -4.518917e-07 -5.759193e-05 2.564367e-06 -2.015844e-06 2.007128e-05 4.468647e-06 0. 0. 0. -3.074276e-06 2.082450e-07 3.238767e-05 -1.338232e-06 9.113402e-07 -1.021958e-05 -2.078462e-06
1.168889e+01 0. 0. 0. 4.620961e-06 -3.257824e-07 -4.353680e-05 1.884609e-06 -1.467809e-06 1.488494e-05 3.272035e-06 0. 0. 0. -2.222953e-06 1.469821e-07 2.387774e-05 -9.614498e-07 6.505052e-07 -7.423310e-06 -1.491739e-06
1.183939e+01 0. 0. 0. 3.405141e-06 -2.338952e-07 -3.276055e-05 1.378156e-06 -1.064529e-06 1.098952e-05 2.385953e-06 0. 0. 0. -1.601582e-06 1.033741e-07 1.753298e-05 -6.879352e-07 4.626375e-07 -5.370315e-06 -1.066603e-06
1.198990e+01 0. 0. 0. 2.497790e-06 -1.671981e-07 -2.452526e-05 1.003050e-06 -7.685126e-07 8.071752e-06 1.731576e-06 0. 0. 0. -1.149056e-06 7.240994e-08 1.281522e-05 -4.901061e-07 3.276374e-07 -3.867122e-06 -7.593097e-07
1.214040e+01 0. 0. 0. 1.824984e-06 -1.191281e-07 -1.828002e-05 7.275216e-07 -5.527082e-07 5.904699e-06 1.251819e-06 0. 0. 0. -8.213843e-07 5.056309e-08 9.329731e-06 -3.479888e-07 2.311953e-07 -2.773886e-06 -5.385605e-07
1.229091e+01 0. 0. 0. 1.328350e-06 -8.452583e-08 -1.356981e-05 5.252468e-07 -3.961320e-07 4.304426e-06 9.017993e-07 0. 0. 0. -5.850494e-07 3.517348e-08 6.765922e-06 -2.460585e-07 1.625807e-07 -1.982497e-06 -3.806363e-07
1.244141e+01 0. 0. 0. 9.621293e-07 -5.970641e-08 -1.001489e-05 3.772383e-07 -2.824089e-07 3.118017e-06 6.460438e-07 0. 0. 0. -4.149513e-07 2.437364e-08 4.883219e-06 -1.732290e-07 1.138159e-07 -1.409594e-06 -2.677660e-07
1.259192e+01 0. 0. 0. 6.940257e-07 -4.198596e-08 -7.358402e-06 2.696045e-07 -2.005587e-07 2.249507e-06 4.609904e-07 0. 0. 0. -2.931864e-07 1.681950e-08 3.509803e-06 -1.214063e-07 7.938146e-08 -9.982663e-07 -1.876415e-07
1.274242e+01 0. 0. 0. 4.979629e-07 -2.939241e-08 -5.372548e-06 1.917031e-07 -1.416061e-07 1.611757e-06 3.269557e-07 0. 0. 0. -2.062017e-07 1.156106e-08 2.509651e-06 -8.471550e-08 5.509396e-08 -7.030208e-07 -1.308278e-07
1.289293e+01 0. 0. 0. 3.562312e-07 -2.050601e-08 -3.912448e-06 1.358555e-07 -9.977379e-08 1.153309e-06 2.314388e-07 0. 0. 0. -1.445605e-07 7.919437e-09 1.788809e-06 -5.890604e-08 3.813320e-08 -4.938803e-07 -9.096896e-08
1.304343e+01 0. 0. 0. 2.535000e-07 -1.422748e-08 -2.831320e-06 9.563684e-08 -6.989995e-08 8.196711e-07 1.628443e-07 0. 0. 0. -1.008921e-07 5.399685e-09 1.268485e-06 -4.073833e-08 2.626744e-08 -3.450405e-07 -6.293684e-08
1.319394e+01 0. 0. 0. 1.794230e-07 -9.835271e-09 -2.036047e-06 6.707805e-08 -4.868606e-08 5.786120e-07 1.138921e-07 0. 0. 0. -7.009182e-08 3.668736e-09 8.948369e-07 -2.807159e-08 1.800478e-08 -2.397063e-07 -4.332183e-08
1.334444e+01 0. 0. 0. 1.264818e-07 -6.761214e-09 -1.458084e-06 4.675105e-08 -3.378755e-08 4.069989e-07 7.936054e-08 0. 0. 0. -4.850484e-08 2.480561e-09 6.286624e-07 -1.923904e-08 1.229571e-08 -1.658978e-07 -2.970713e-08
1.349495e+01 0. 0. 0. 8.884534e-08 -4.635430e-09 -1.040677e-06 3.251189e-08 -2.337858e-08 2.855563e-07 5.514056e-08 0. 0. 0. -3.344287e-08 1.671948e-09 4.400442e-07 -1.314665e-08 8.369033e-09 -1.144538e-07 -2.030417e-08
1.364545e+01 0. 0. 0. 6.187584e-08 -3.150150e-09 -7.346597e-07 2.235504e-08 -1.601212e-08 1.977678e-07 3.789572e-08 0. 0. 0. -2.290748e-08 1.119495e-09 3.055490e-07 -8.909526e-09 5.652360e-09 -7.820908e-08 -1.376355e-08
1.379596e+01 0. 0. 0. 4.307135e-08 -2.139411e-09 -5.191657e-07 1.538672e-08 -1.098048e-08 1.374298e-07 2.608941e-08 0. 0. 0. -1.566463e-08 7.481693e-10 2.119613e-07 -6.032191e-09 3.815529e-09 -5.347665e-08 -9.327298e-09
1.394646e+01 0. 0. 0. 2.973576e-08 -1.442901e-09 -3.631966e-07 1.050353e-08 -7.459153e-09 9.440290e-08 1.778331e-08 0. 0. 0. -1.064069e-08 4.970615e-10 1.458882e-07 -4.056339e-09 2.556175e-09 -3.623800e-08 -6.271001e-09
1.409697e+01 0. 0. 0. 2.044724e-08 -9.663995e-10 -2.530872e-07 7.111981e-09 -5.049820e-09 6.464362e-08 1.207943e-08 0. 0. 0. -7.199107e-09 3.283259e-10 1.000015e-07 -2.709593e-09 1.706229e-09 -2.446796e-08 -4.200420e-09
1.424747e+01 0. 0. 0. 1.399510e-08 -6.469165e-10 -1.755088e-07 4.820072e-09 -3.402986e-09 4.405740e-08 8.168215e-09 0. 0. 0. -4.849642e-09 2.164967e-10 6.823694e-08 -1.808373e-09 1.133958e-09 -1.644661e-08 -2.801424e-09
1.439798e+01 0. 0. 0. 9.491119e-09 -4.275494e-10 -1.203384e-07 3.214429e-09 -2.269607e-09 2.965024e-08 5.462401e-09 0. 0. 0. -3.242854e-09 1.413645e-10 4.615110e-08 -1.192383e-09 7.473649e-10 -1.094500e-08 -1.851832e-09
1.454848e+01 0. 0. 0. 6.446109e-09 -2.828233e-10 -8.280174e-08 2.149812e-09 -1.519006e-09 2.007486e-08 3.667917e-09 0. 0. 0. -2.167864e-09 9.223206e-11 3.124236e-08 -7.865292e-10 4.931698e-10 -7.304208e-09 -1.226054e-09
1.469899e+01 0. 0. 0. 3.357095e-09 -1.858768e-10 -4.351695e-08 1.427550e-09 -1.001320e-09 1.334625e-08 2.424506e-09 0. 0. 0. -1.434188e-09 5.982901e-11 1.623322e-08 -5.155696e-10 3.215236e-10 -4.805688e-09 -8.016835e-10
1.484949e+01 0. 0. 0. 9.623132e-10 -6.151361e-11 -1.255828e-08 4.749072e-10 -3.318814e-10 4.442587e-09 8.047068e-10 0. 0. 0. -4.762203e-10 1.966650e-11 4.645234e-09 -1.703927e-10 1.059651e-10 -1.591265e-09 -2.646135e-10
1.500000e+01 0. 0. 0. 0. 0. 0. 0. 0. 0. 0. 0. 0. 0. 0. 0. 0. 0. 0. 0. 0.



repulsion_fitting_comment=
Repulsive potential generated by fitting function 'fit_smoothing_spline'
The systems used to produce this fit:
parameters r_cut = 2.4300, s = 1.0000, k =   3


repulsion_comment=
Wed Nov 25 13:19:21 2009


fitting=


repulsion=
0.18897259582 32.7520441338
0.233447964331 31.3659480408
0.277923332842 30.0249011083
0.322398701354 28.7279064
0.366874069865 27.4739782195
0.411349438376 26.2621421095
0.455824806887 25.0914348509
0.500300175398 23.960904463
0.544775543909 22.8696102041
0.589250912421 21.8166225706
0.633726280932 20.8010232978
0.678201649443 19.8219053594
0.722677017954 18.8783729676
0.767152386465 17.9695415733
0.811627754976 17.0945378657
0.856103123488 16.2524997728
0.900578491999 15.4425764611
0.94505386051 14.6639283355
0.989529229021 13.9157270397
1.03400459753 13.1971554557
1.07847996604 12.5074077042
1.12295533455 11.8456891444
1.16743070307 11.2112163741
1.21190607158 10.6032172296
1.25638144009 10.0209307858
1.3008568086 9.463607356
1.34533217711 8.93050849226
1.38980754562 8.42090698519
1.43428291413 7.93408686458
1.47875828264 7.46934339896
1.52323365116 7.02598309544
1.56770901967 6.60332369965
1.61218438818 6.2006941958
1.65665975669 5.81743480663
1.7011351252 5.45289699344
1.74561049371 5.10644345607
1.79008586222 4.77744813293
1.83456123073 4.46529620096
1.87903659924 4.16938407566
1.92351196776 3.88911941108
1.96798733627 3.62392109982
2.01246270478 3.37321927304
2.05693807329 3.13645530042
2.1014134418 2.91308179024
2.14588881031 2.70256258928
2.19036417882 2.50437278291
2.23483954733 2.31799869502
2.27931491585 2.14293788808
2.32379028436 1.97869916308
2.36826565287 1.82480255958
2.41274102138 1.6807793557
2.45721638989 1.54617206811
2.5016917584 1.42053445255
2.54616712691 1.30343150372
2.59064249542 1.19443945483
2.63511786393 1.09314577767
2.67959323245 0.999149182586
2.72406860096 0.91205961846
2.76854396947 0.831498272729
2.81301933798 0.757097571381
2.85749470649 0.688501178956
2.901970075 0.625363998542
2.94644544351 0.567352171781
2.99092081202 0.514143078861
3.03539618054 0.465425338525
3.07987154905 0.420898808063
3.12434691756 0.380274583319
3.16882228607 0.343274998685
3.21329765458 0.309633627105
3.25777302309 0.279095280072
3.3022483916 0.251416007631
3.34672376011 0.226363098378
3.39119912862 0.203715079458
3.43567449714 0.183261716567
3.48014986565 0.164804013953
3.52462523416 0.148154214418
3.56910060267 0.133135799635
3.61357597118 0.119583490378
3.65805133969 0.107343246022
3.7025267082 0.0962722644937
3.74700207671 0.0862389822707
3.79147744523 0.0771230743801
3.83595281374 0.0688154544005
3.88042818225 0.0612182744604
3.92490355076 0.0542449252394
3.96937891927 0.0478200359675
4.01385428778 0.0418794744252
4.05832965629 0.0363703469434
4.1028050248 0.0312509984053
4.14728039331 0.0264910122382
4.19175576183 0.0220712104422
4.23623113034 0.0179836534926
4.28070649885 0.0142316406664
4.32518186736 0.010829708975
4.36965723587 0.00780363655774
4.41413260438 0.00519043225957
4.45860797289 0.00303836617395
4.5030833414 0.00140688613929
4.54755870992 0.000366820587522
4.59203407843 0.0

kill_radius= 2.100
