slako_comment=
C xc=PW92 charge=0.0 conf:frauenheim r0=2.657
Wed Nov 25 11:02:54 2009 


C_C_table=
1.000000e-01 0. 0. 0. 0. 0. -1.571948e+00 -1.603810e+00 0. 2.131866e-01 -2.354545e+00 0. 0. 0. 0. 0. 9.891132e-01 9.962224e-01 0. 2.517621e-02 9.930742e-01
3.020408e-01 0. 0. 0. 0. 0. -1.250755e+00 -1.486610e+00 0. 3.733487e-01 -1.507501e+00 0. 0. 0. 0. 0. 9.037042e-01 9.670380e-01 0. 8.514745e-02 9.487782e-01
5.040816e-01 0. 0. 0. 0. 0. -8.180247e-01 -1.305748e+00 0. 2.473767e-01 -9.902946e-01 0. 0. 0. 0. 0. 7.525980e-01 9.129279e-01 0. 1.608864e-01 8.901864e-01
7.061224e-01 0. 0. 0. 0. 0. -4.172234e-01 -1.106968e+00 0. 2.509655e-02 -7.764242e-01 0. 0. 0. 0. 0. 5.639658e-01 8.404791e-01 0. 2.447840e-01 8.330687e-01
9.081633e-01 0. 0. 0. 0. 0. -1.035654e-01 -9.168310e-01 0. -1.826071e-01 -7.062417e-01 0. 0. 0. 0. 0. 3.643336e-01 7.566742e-01 0. 3.250718e-01 7.795605e-01
1.110204e+00 0. 0. 0. 0. 0. 1.158429e-01 -7.474879e-01 0. -3.347577e-01 -6.808454e-01 0. 0. 0. 0. 0. 1.744037e-01 6.676471e-01 0. 3.918529e-01 7.268958e-01
1.312245e+00 0. 0. 0. 0. 0. 2.544829e-01 -6.029318e-01 0. -4.265626e-01 -6.562549e-01 0. 0. 0. 0. 0. 8.028914e-03 5.784653e-01 0. 4.392260e-01 6.723096e-01
1.514286e+00 0. 0. 0. 0. 0. 3.317595e-01 -4.828107e-01 0. -4.681110e-01 -6.190300e-01 0. 0. 0. 0. 0. -1.273146e-01 4.929309e-01 0. 4.652771e-01 6.146031e-01
1.716327e+00 0. 0. 0. 0. 0. 3.655203e-01 -3.845995e-01 0. -4.728467e-01 -5.689660e-01 0. 0. 0. 0. 0. -2.288804e-01 4.136034e-01 0. 4.708648e-01 5.539926e-01
1.918367e+00 0. 0. 0. 0. 0. 3.703281e-01 -3.051446e-01 0. -4.532282e-01 -5.105049e-01 0. 0. 0. 0. 0. -2.976842e-01 3.420234e-01 0. 4.588209e-01 4.917599e-01
2.120408e+00 0. 0. 0. 0. 0. 3.569739e-01 -2.413237e-01 0. -4.190508e-01 -4.486222e-01 0. 0. 0. 0. 0. -3.371509e-01 2.789859e-01 0. 4.329619e-01 4.297022e-01
2.322449e+00 0. 0. 0. 0. 0. 3.328975e-01 -1.902606e-01 0. -3.772878e-01 -3.872221e-01 0. 0. 0. 0. 0. -3.519258e-01 2.245781e-01 0. 3.972670e-01 3.695598e-01
2.524490e+00 0. 0. 0. 0. 0. 3.032206e-01 -1.495620e-01 0. -3.327725e-01 -3.290902e-01 0. 0. 0. 0. 0. -3.472909e-01 1.785221e-01 0. 3.555798e-01 3.129124e-01
2.726531e+00 0. 0. 0. 0. 0. 2.713271e-01 -1.171802e-01 0. -2.886461e-01 -2.758864e-01 0. 0. 0. 0. 0. -3.285076e-01 1.401691e-01 0. 3.112432e-01 2.609339e-01
2.928571e+00 0. 0. 0. 0. 0. 2.393289e-01 -9.148733e-02 0. -2.468349e-01 -2.284504e-01 0. 0. 0. 0. 0. -3.002821e-01 1.087727e-01 0. 2.669191e-01 2.143812e-01
3.130612e+00 0. 0. 0. 0. 0. 2.085723e-01 -7.113816e-02 0. -2.084589e-01 -1.870440e-01 0. 0. 0. 0. 0. -2.667346e-01 8.343921e-02 0. 2.246412e-01 1.736175e-01
3.332653e+00 0. 0. 0. 0. 0. 1.798032e-01 -5.506969e-02 0. -1.740474e-01 -1.515219e-01 0. 0. 0. 0. 0. -2.310860e-01 6.329594e-02 0. 1.857507e-01 1.386438e-01
3.534694e+00 0. 0. 0. 0. 0. 1.534389e-01 -4.241259e-02 0. -1.437677e-01 -1.215083e-01 0. 0. 0. 0. 0. -1.958231e-01 4.748919e-02 0. 1.510740e-01 1.092197e-01
3.736735e+00 0. 0. 0. 0. 0. 1.296257e-01 -3.247693e-02 0. -1.175217e-01 -9.646818e-02 0. 0. 0. 0. 0. -1.625923e-01 3.523994e-02 0. 1.209224e-01 8.488389e-02
3.938776e+00 0. 0. 0. 0. 0. 1.084482e-01 -2.471605e-02 0. -9.511350e-02 -7.586509e-02 0. 0. 0. 0. 0. -1.325649e-01 2.587839e-02 0. 9.537094e-02 6.513668e-02
4.140816e+00 0. 0. 0. 0. 0. 8.981748e-02 -1.868511e-02 0. -7.620869e-02 -5.909290e-02 0. 0. 0. 0. 0. -1.062280e-01 1.880805e-02 0. 7.413825e-02 4.935203e-02
4.342857e+00 0. 0. 0. 0. 0. 7.362959e-02 -1.402248e-02 0. -6.045451e-02 -4.559412e-02 0. 0. 0. 0. 0. -8.376942e-02 1.352846e-02 0. 5.684596e-02 3.693615e-02
4.544898e+00 0. 0. 0. 0. 0. 5.972464e-02 -1.044312e-02 0. -4.747624e-02 -3.484504e-02 0. 0. 0. 0. 0. -6.505603e-02 9.633252e-03 0. 4.300802e-02 2.731168e-02
4.746939e+00 0. 0. 0. 0. 0. 4.792321e-02 -7.716607e-03 0. -3.690668e-02 -2.637614e-02 0. 0. 0. 0. 0. -4.978985e-02 6.792339e-03 0. 3.211855e-02 1.995675e-02
4.948980e+00 0. 0. 0. 0. 0. 3.803217e-02 -5.653129e-03 0. -2.839737e-02 -1.977427e-02 0. 0. 0. 0. 0. -3.758319e-02 4.741488e-03 0. 2.368890e-02 1.441544e-02
5.151020e+00 0. 0. 0. 0. 0. 2.984220e-02 -4.106081e-03 0. -2.162319e-02 -1.468052e-02 0. 0. 0. 0. 0. -2.798778e-02 3.277857e-03 0. 1.725713e-02 1.029384e-02
5.353061e+00 0. 0. 0. 0. 0. 2.315030e-02 -2.955508e-03 0. -1.629331e-02 -1.079262e-02 0. 0. 0. 0. 0. -2.057531e-02 2.243937e-03 0. 1.242298e-02 7.269196e-03
5.555102e+00 0. 0. 0. 0. 0. 1.775262e-02 -2.107894e-03 0. -1.214792e-02 -7.856295e-03 0. 0. 0. 0. 0. -1.493700e-02 1.521496e-03 0. 8.839015e-03 5.077062e-03
5.757143e+00 0. 0. 0. 0. 0. 1.345619e-02 -1.489361e-03 0. -8.961294e-03 -5.662248e-03 0. 0. 0. 0. 0. -1.071241e-02 1.021795e-03 0. 6.217551e-03 3.507841e-03
5.959184e+00 0. 0. 0. 0. 0. 1.007925e-02 -1.042404e-03 0. -6.539136e-03 -4.039564e-03 0. 0. 0. 0. 0. -7.589789e-03 6.797044e-04 0. 4.323707e-03 2.397363e-03
6.161224e+00 0. 0. 0. 0. 0. 7.462474e-03 -7.225139e-04 0. -4.720838e-03 -2.853192e-03 0. 0. 0. 0. 0. -5.315714e-03 4.478685e-04 0. 2.974003e-03 1.621407e-03
6.363265e+00 0. 0. 0. 0. 0. 5.459397e-03 -4.959357e-04 0. -3.370822e-03 -1.994464e-03 0. 0. 0. 0. 0. -3.679477e-03 2.923189e-04 0. 2.022854e-03 1.084912e-03
6.565306e+00 0. 0. 0. 0. 0. 3.947475e-03 -3.369997e-04 0. -2.380880e-03 -1.380033e-03 0. 0. 0. 0. 0. -2.518470e-03 1.889617e-04 0. 1.361209e-03 7.184811e-04
6.767347e+00 0. 0. 0. 0. 0. 2.821213e-03 -2.267558e-04 0. -1.663524e-03 -9.451967e-04 0. 0. 0. 0. 0. -1.704827e-03 1.210259e-04 0. 9.063090e-04 4.709798e-04
6.969388e+00 0. 0. 0. 0. 0. 1.992652e-03 -1.510652e-04 0. -1.149578e-03 -6.406722e-04 0. 0. 0. 0. 0. -1.141281e-03 7.679001e-05 0. 5.970114e-04 3.055675e-04
7.171429e+00 0. 0. 0. 0. 0. 1.391065e-03 -9.961829e-05 0. -7.857418e-04 -4.297704e-04 0. 0. 0. 0. 0. -7.557161e-04 4.826103e-05 0. 3.891444e-04 1.962386e-04
7.373469e+00 0. 0. 0. 0. 0. 9.596716e-04 -6.501529e-05 0. -5.311497e-04 -2.852757e-04 0. 0. 0. 0. 0. -4.949383e-04 3.004012e-05 0. 2.509754e-04 1.247379e-04
7.575510e+00 0. 0. 0. 0. 0. 6.543398e-04 -4.200283e-05 0. -3.551376e-04 -1.873975e-04 0. 0. 0. 0. 0. -3.206636e-04 1.852219e-05 0. 1.601815e-04 7.848960e-05
7.777551e+00 0. 0. 0. 0. 0. 4.409769e-04 -2.685789e-05 0. -2.348140e-04 -1.218057e-04 0. 0. 0. 0. 0. -2.055398e-04 1.131288e-05 0. 1.011778e-04 4.889316e-05
7.979592e+00 0. 0. 0. 0. 0. 2.937106e-04 -1.698791e-05 0. -1.535153e-04 -7.832576e-05 0. 0. 0. 0. 0. -1.303402e-04 6.840415e-06 0. 6.324402e-05 3.014835e-05
8.181633e+00 0. 0. 0. 0. 0. 1.933789e-04 -1.063816e-05 0. -9.926032e-05 -4.983836e-05 0. 0. 0. 0. 0. -8.177858e-05 4.098494e-06 0. 3.912553e-05 1.840379e-05
8.383673e+00 0. 0. 0. 0. 0. 1.258298e-04 -6.590434e-06 0. -6.345963e-05 -3.137062e-05 0. 0. 0. 0. 0. -5.075844e-05 2.431032e-06 0. 2.395115e-05 1.111952e-05
8.585714e+00 0. 0. 0. 0. 0. 8.091145e-05 -4.039268e-06 0. -4.011032e-05 -1.953082e-05 0. 0. 0. 0. 0. -3.116272e-05 1.427846e-06 0. 1.450652e-05 6.648811e-06
8.787755e+00 0. 0. 0. 0. 0. 5.144880e-05 -2.450204e-06 0. -2.508032e-05 -1.203458e-05 0. 0. 0. 0. 0. -1.893749e-05 8.306318e-07 0. 8.698936e-06 3.937038e-06
8.989796e+00 0. 0. 0. 0. 0. 3.231720e-05 -1.469382e-06 0. -1.549729e-05 -7.331230e-06 0. 0. 0. 0. 0. -1.137922e-05 4.781326e-07 0. 5.159075e-06 2.306193e-06
9.191837e+00 0. 0. 0. 0. 0. 2.005910e-05 -8.712777e-07 0. -9.465516e-06 -4.416368e-06 0. 0. 0. 0. 0. -6.762959e-06 2.723431e-07 0. 3.026951e-06 1.336723e-06
9.393878e+00 0. 0. 0. 0. 0. 1.230909e-05 -5.114485e-07 0. -5.717707e-06 -2.632238e-06 0. 0. 0. 0. 0. -3.977289e-06 1.536761e-07 0. 1.757790e-06 7.670314e-07
9.595918e+00 0. 0. 0. 0. 0. 7.458675e-06 -2.964575e-07 0. -3.410918e-06 -1.550130e-06 0. 0. 0. 0. 0. -2.312108e-06 8.571509e-08 0. 1.009171e-06 4.352118e-07
9.797959e+00 0. 0. 0. 0. 0. 2.361661e-06 -9.140115e-08 0. -1.070158e-06 -4.825941e-07 0. 0. 0. 0. 0. -7.141328e-07 2.578242e-08 0. 3.092756e-07 1.323802e-07
1.000000e+01 0. 0. 0. 0. 0. 0. 0. 0. 0. 0. 0. 0. 0. 0. 0. 0. 0. 0. 0. 0.



repulsion_fitting_comment=
Repulsive potential generated by fitting function 'fit_smoothing_spline'
The systems used to produce this fit:
parameters r_cut = 1.9500, s = 40.0000, k =   3


repulsion_comment=
Wed Nov 25 13:17:42 2009


fitting=


repulsion=
0.18897259582 23.2208006417
0.224285656655 21.9130130213
0.25959871749 20.6643395188
0.294911778325 19.4728982987
0.33022483916 18.3368388211
0.365537899995 17.2543418397
0.40085096083 16.2236194023
0.436164021665 15.2429148503
0.4714770825 14.3105028188
0.506790143336 13.4246892369
0.542103204171 12.5838113272
0.577416265006 11.7862376062
0.612729325841 11.0303678843
0.648042386676 10.3146332654
0.683355447511 9.63749614733
0.718668508346 8.99745022173
0.753981569181 8.39302047391
0.789294630016 7.822763183
0.824607690851 7.28526592187
0.859920751686 6.77914755718
0.895233812521 6.30305824936
0.930546873356 5.85567945261
0.965859934191 5.43572391575
1.00117299503 5.04193568486
1.03648605586 4.67309010065
1.0717991167 4.32799379762
1.10711217753 4.005484704
1.14242523837 3.70443204183
1.1777382992 3.42373632689
1.21305136004 3.16232936875
1.24836442087 2.91917427073
1.28367748171 2.69326542994
1.31899054254 2.48362853724
1.35430360338 2.28932057729
1.38961666421 2.10942982848
1.42492972505 1.94307586299
1.46024278588 1.78940954678
1.49555584672 1.64761303956
1.53086890755 1.51689979481
1.56618196839 1.39651455981
1.60149502922 1.28573337556
1.63680809006 1.18386357699
1.67212115089 1.09024379525
1.70743421173 1.00424395779
1.74274727256 0.925265285919
1.7780603334 0.852740294722
1.81337339423 0.786132793054
1.84868645507 0.724937883537
1.8839995159 0.668681962566
1.91931257674 0.616922720304
1.95462563757 0.569249140679
1.98993869841 0.525281501408
2.02525175924 0.484671373912
2.06056482008 0.447101623601
2.09587788091 0.412286408929
2.13119094175 0.379971184448
2.16650400258 0.34993269132
2.20181706342 0.321978985301
2.23713012425 0.295949360056
2.27244318509 0.271714532932
2.30775624592 0.249174068102
2.34306930676 0.2282400313
2.37838236759 0.208824164468
2.41369542843 0.190837239
2.44900848926 0.174189105477
2.4843215501 0.158788644187
2.51963461093 0.144546621374
2.55494767177 0.131379415224
2.5902607326 0.119209948033
2.62557379344 0.10796756944
2.66088685427 0.0975880990168
2.69619991511 0.0880137992261
2.73151297594 0.0791933910452
2.76682603678 0.0710804876796
2.80213909761 0.063631116726
2.83745215845 0.0568029862531
2.87276521928 0.0505555689296
2.90807828012 0.044850076768
2.94339134095 0.0396494675698
2.97870440179 0.0349184433491
3.01401746262 0.0306234507018
3.04933052346 0.0267326808632
3.08464358429 0.0232160697202
3.11995664513 0.0200452976779
3.15526970596 0.0171937896527
3.1905827668 0.0146367150726
3.22589582763 0.0123509878774
3.26120888847 0.0103152665181
3.2965219493 0.00850995395783
3.33183501014 0.00691719767017
3.36714807097 0.0055208896444
3.40246113181 0.00430666636679
3.43777419264 0.00326190888495
3.47308725348 0.00237574259381
3.50840031432 0.00163903792497
3.54371337515 0.00104440821008
3.57902643599 0.000586215977035
3.61433949682 0.000260555701208
3.64965255766 6.52956553828e-05
3.68496561849 0.0

kill_radius= 1.342
