slako_comment=
C xc=PW92 charge=0.0 conf:frauenheim r0=2.657
H xc=PW92 charge=0.0 conf:frauenheim r0=1.084
Wed Nov 25 11:31:40 2009 


C_H_table=
1.000000e-01 0. 0. 0. 0. 0. 0. 0. 0. 0. 2.735789e-01 0. 0. 0. 0. 0. 0. 0. 0. 0. -7.141004e-01
3.020408e-01 0. 0. 0. 0. 0. 0. 0. 0. 0. 4.156105e-01 0. 0. 0. 0. 0. 0. 0. 0. 0. -7.126466e-01
5.040816e-01 0. 0. 0. 0. 0. 0. 0. 0. 0. 5.344977e-01 0. 0. 0. 0. 0. 0. 0. 0. 0. -7.036137e-01
7.061224e-01 0. 0. 0. 0. 0. 0. 0. 0. 0. 5.932619e-01 0. 0. 0. 0. 0. 0. 0. 0. 0. -6.819449e-01
9.081633e-01 0. 0. 0. 0. 0. 0. 0. 0. 0. 5.999485e-01 0. 0. 0. 0. 0. 0. 0. 0. 0. -6.459782e-01
1.110204e+00 0. 0. 0. 0. 0. 0. 0. 0. 0. 5.710181e-01 0. 0. 0. 0. 0. 0. 0. 0. 0. -5.968418e-01
1.312245e+00 0. 0. 0. 0. 0. 0. 0. 0. 0. 5.213172e-01 0. 0. 0. 0. 0. 0. 0. 0. 0. -5.376028e-01
1.514286e+00 0. 0. 0. 0. 0. 0. 0. 0. 0. 4.618512e-01 0. 0. 0. 0. 0. 0. 0. 0. 0. -4.723310e-01
1.716327e+00 0. 0. 0. 0. 0. 0. 0. 0. 0. 3.997362e-01 0. 0. 0. 0. 0. 0. 0. 0. 0. -4.050176e-01
1.918367e+00 0. 0. 0. 0. 0. 0. 0. 0. 0. 3.395023e-01 0. 0. 0. 0. 0. 0. 0. 0. 0. -3.392883e-01
2.120408e+00 0. 0. 0. 0. 0. 0. 0. 0. 0. 2.837650e-01 0. 0. 0. 0. 0. 0. 0. 0. 0. -2.779650e-01
2.322449e+00 0. 0. 0. 0. 0. 0. 0. 0. 0. 2.337705e-01 0. 0. 0. 0. 0. 0. 0. 0. 0. -2.229250e-01
2.524490e+00 0. 0. 0. 0. 0. 0. 0. 0. 0. 1.899997e-01 0. 0. 0. 0. 0. 0. 0. 0. 0. -1.751946e-01
2.726531e+00 0. 0. 0. 0. 0. 0. 0. 0. 0. 1.524301e-01 0. 0. 0. 0. 0. 0. 0. 0. 0. -1.350649e-01
2.928571e+00 0. 0. 0. 0. 0. 0. 0. 0. 0. 1.207192e-01 0. 0. 0. 0. 0. 0. 0. 0. 0. -1.022230e-01
3.130612e+00 0. 0. 0. 0. 0. 0. 0. 0. 0. 9.438065e-02 0. 0. 0. 0. 0. 0. 0. 0. 0. -7.602253e-02
3.332653e+00 0. 0. 0. 0. 0. 0. 0. 0. 0. 7.281724e-02 0. 0. 0. 0. 0. 0. 0. 0. 0. -5.558550e-02
3.534694e+00 0. 0. 0. 0. 0. 0. 0. 0. 0. 5.543536e-02 0. 0. 0. 0. 0. 0. 0. 0. 0. -3.998561e-02
3.736735e+00 0. 0. 0. 0. 0. 0. 0. 0. 0. 4.161033e-02 0. 0. 0. 0. 0. 0. 0. 0. 0. -2.830584e-02
3.938776e+00 0. 0. 0. 0. 0. 0. 0. 0. 0. 3.081082e-02 0. 0. 0. 0. 0. 0. 0. 0. 0. -1.973323e-02
4.140816e+00 0. 0. 0. 0. 0. 0. 0. 0. 0. 2.248724e-02 0. 0. 0. 0. 0. 0. 0. 0. 0. -1.354805e-02
4.342857e+00 0. 0. 0. 0. 0. 0. 0. 0. 0. 1.617990e-02 0. 0. 0. 0. 0. 0. 0. 0. 0. -9.164397e-03
4.544898e+00 0. 0. 0. 0. 0. 0. 0. 0. 0. 1.147163e-02 0. 0. 0. 0. 0. 0. 0. 0. 0. -6.108042e-03
4.746939e+00 0. 0. 0. 0. 0. 0. 0. 0. 0. 8.013307e-03 0. 0. 0. 0. 0. 0. 0. 0. 0. -4.011621e-03
4.948980e+00 0. 0. 0. 0. 0. 0. 0. 0. 0. 5.515695e-03 0. 0. 0. 0. 0. 0. 0. 0. 0. -2.597006e-03
5.151020e+00 0. 0. 0. 0. 0. 0. 0. 0. 0. 3.739333e-03 0. 0. 0. 0. 0. 0. 0. 0. 0. -1.656974e-03
5.353061e+00 0. 0. 0. 0. 0. 0. 0. 0. 0. 2.497391e-03 0. 0. 0. 0. 0. 0. 0. 0. 0. -1.042187e-03
5.555102e+00 0. 0. 0. 0. 0. 0. 0. 0. 0. 1.642838e-03 0. 0. 0. 0. 0. 0. 0. 0. 0. -6.461557e-04
5.757143e+00 0. 0. 0. 0. 0. 0. 0. 0. 0. 1.064507e-03 0. 0. 0. 0. 0. 0. 0. 0. 0. -3.949425e-04
5.959184e+00 0. 0. 0. 0. 0. 0. 0. 0. 0. 6.791941e-04 0. 0. 0. 0. 0. 0. 0. 0. 0. -2.379500e-04
6.161224e+00 0. 0. 0. 0. 0. 0. 0. 0. 0. 4.268662e-04 0. 0. 0. 0. 0. 0. 0. 0. 0. -1.413403e-04
6.363265e+00 0. 0. 0. 0. 0. 0. 0. 0. 0. 2.641592e-04 0. 0. 0. 0. 0. 0. 0. 0. 0. -8.275679e-05
6.565306e+00 0. 0. 0. 0. 0. 0. 0. 0. 0. 1.610043e-04 0. 0. 0. 0. 0. 0. 0. 0. 0. -4.776967e-05
6.767347e+00 0. 0. 0. 0. 0. 0. 0. 0. 0. 9.664387e-05 0. 0. 0. 0. 0. 0. 0. 0. 0. -2.718119e-05
6.969388e+00 0. 0. 0. 0. 0. 0. 0. 0. 0. 5.712301e-05 0. 0. 0. 0. 0. 0. 0. 0. 0. -1.524418e-05
7.171429e+00 0. 0. 0. 0. 0. 0. 0. 0. 0. 3.324797e-05 0. 0. 0. 0. 0. 0. 0. 0. 0. -8.425292e-06
7.373469e+00 0. 0. 0. 0. 0. 0. 0. 0. 0. 1.905887e-05 0. 0. 0. 0. 0. 0. 0. 0. 0. -4.587997e-06
7.575510e+00 0. 0. 0. 0. 0. 0. 0. 0. 0. 1.075869e-05 0. 0. 0. 0. 0. 0. 0. 0. 0. -2.460558e-06
7.777551e+00 0. 0. 0. 0. 0. 0. 0. 0. 0. 5.980848e-06 0. 0. 0. 0. 0. 0. 0. 0. 0. -1.298957e-06
7.979592e+00 0. 0. 0. 0. 0. 0. 0. 0. 0. 3.273433e-06 0. 0. 0. 0. 0. 0. 0. 0. 0. -6.745820e-07
8.181633e+00 0. 0. 0. 0. 0. 0. 0. 0. 0. 1.763416e-06 0. 0. 0. 0. 0. 0. 0. 0. 0. -3.442532e-07
8.383673e+00 0. 0. 0. 0. 0. 0. 0. 0. 0. 9.344514e-07 0. 0. 0. 0. 0. 0. 0. 0. 0. -1.724732e-07
8.585714e+00 0. 0. 0. 0. 0. 0. 0. 0. 0. 4.866887e-07 0. 0. 0. 0. 0. 0. 0. 0. 0. -8.470248e-08
8.787755e+00 0. 0. 0. 0. 0. 0. 0. 0. 0. 2.489362e-07 0. 0. 0. 0. 0. 0. 0. 0. 0. -4.075110e-08
8.989796e+00 0. 0. 0. 0. 0. 0. 0. 0. 0. 1.248117e-07 0. 0. 0. 0. 0. 0. 0. 0. 0. -1.914450e-08
9.191837e+00 0. 0. 0. 0. 0. 0. 0. 0. 0. 6.124224e-08 0. 0. 0. 0. 0. 0. 0. 0. 0. -8.784277e-09
9.393878e+00 0. 0. 0. 0. 0. 0. 0. 0. 0. 2.934377e-08 0. 0. 0. 0. 0. 0. 0. 0. 0. -3.917107e-09
9.595918e+00 0. 0. 0. 0. 0. 0. 0. 0. 0. 1.366124e-08 0. 0. 0. 0. 0. 0. 0. 0. 0. -1.687664e-09
9.797959e+00 0. 0. 0. 0. 0. 0. 0. 0. 0. 6.198538e-09 0. 0. 0. 0. 0. 0. 0. 0. 0. -7.099745e-10
1.000000e+01 0. 0. 0. 0. 0. 0. 0. 0. 0. 0. 0. 0. 0. 0. 0. 0. 0. 0. 0. 0.



H_C_table=
1.000000e-01 0. 0. 0. 0. 0. 0. 0. 0. 1.447949e-01 2.729036e-01 0. 0. 0. 0. 0. 0. 0. 0. -9.260135e-02 -7.141004e-01
3.020408e-01 0. 0. 0. 0. 0. 0. 0. 0. 3.821468e-01 4.155989e-01 0. 0. 0. 0. 0. 0. 0. 0. -2.689150e-01 -7.126466e-01
5.040816e-01 0. 0. 0. 0. 0. 0. 0. 0. 5.246196e-01 5.345283e-01 0. 0. 0. 0. 0. 0. 0. 0. -4.164322e-01 -7.036137e-01
7.061224e-01 0. 0. 0. 0. 0. 0. 0. 0. 5.870512e-01 5.932931e-01 0. 0. 0. 0. 0. 0. 0. 0. -5.244911e-01 -6.819449e-01
9.081633e-01 0. 0. 0. 0. 0. 0. 0. 0. 5.941050e-01 5.999382e-01 0. 0. 0. 0. 0. 0. 0. 0. -5.897532e-01 -6.459782e-01
1.110204e+00 0. 0. 0. 0. 0. 0. 0. 0. 5.672077e-01 5.710175e-01 0. 0. 0. 0. 0. 0. 0. 0. -6.144965e-01 -5.968418e-01
1.312245e+00 0. 0. 0. 0. 0. 0. 0. 0. 5.219987e-01 5.213584e-01 0. 0. 0. 0. 0. 0. 0. 0. -6.048308e-01 -5.376028e-01
1.514286e+00 0. 0. 0. 0. 0. 0. 0. 0. 4.687827e-01 4.618822e-01 0. 0. 0. 0. 0. 0. 0. 0. -5.689591e-01 -4.723310e-01
1.716327e+00 0. 0. 0. 0. 0. 0. 0. 0. 4.137417e-01 3.997809e-01 0. 0. 0. 0. 0. 0. 0. 0. -5.153044e-01 -4.050176e-01
1.918367e+00 0. 0. 0. 0. 0. 0. 0. 0. 3.603344e-01 3.395626e-01 0. 0. 0. 0. 0. 0. 0. 0. -4.517655e-01 -3.392883e-01
2.120408e+00 0. 0. 0. 0. 0. 0. 0. 0. 3.102982e-01 2.838132e-01 0. 0. 0. 0. 0. 0. 0. 0. -3.849112e-01 -2.779650e-01
2.322449e+00 0. 0. 0. 0. 0. 0. 0. 0. 2.643818e-01 2.338152e-01 0. 0. 0. 0. 0. 0. 0. 0. -3.196479e-01 -2.229250e-01
2.524490e+00 0. 0. 0. 0. 0. 0. 0. 0. 2.228410e-01 1.900445e-01 0. 0. 0. 0. 0. 0. 0. 0. -2.593401e-01 -1.751946e-01
2.726531e+00 0. 0. 0. 0. 0. 0. 0. 0. 1.856982e-01 1.524716e-01 0. 0. 0. 0. 0. 0. 0. 0. -2.059710e-01 -1.350649e-01
2.928571e+00 0. 0. 0. 0. 0. 0. 0. 0. 1.528702e-01 1.207556e-01 0. 0. 0. 0. 0. 0. 0. 0. -1.603443e-01 -1.022230e-01
3.130612e+00 0. 0. 0. 0. 0. 0. 0. 0. 1.242215e-01 9.440509e-02 0. 0. 0. 0. 0. 0. 0. 0. -1.225116e-01 -7.602253e-02
3.332653e+00 0. 0. 0. 0. 0. 0. 0. 0. 9.956240e-02 7.283464e-02 0. 0. 0. 0. 0. 0. 0. 0. -9.194334e-02 -5.558550e-02
3.534694e+00 0. 0. 0. 0. 0. 0. 0. 0. 7.865968e-02 5.544204e-02 0. 0. 0. 0. 0. 0. 0. 0. -6.783212e-02 -3.998561e-02
3.736735e+00 0. 0. 0. 0. 0. 0. 0. 0. 6.122566e-02 4.162382e-02 0. 0. 0. 0. 0. 0. 0. 0. -4.921292e-02 -2.830584e-02
3.938776e+00 0. 0. 0. 0. 0. 0. 0. 0. 4.693465e-02 3.081729e-02 0. 0. 0. 0. 0. 0. 0. 0. -3.513723e-02 -1.973323e-02
4.140816e+00 0. 0. 0. 0. 0. 0. 0. 0. 3.542251e-02 2.249273e-02 0. 0. 0. 0. 0. 0. 0. 0. -2.469078e-02 -1.354805e-02
4.342857e+00 0. 0. 0. 0. 0. 0. 0. 0. 2.631577e-02 1.618197e-02 0. 0. 0. 0. 0. 0. 0. 0. -1.708335e-02 -9.164397e-03
4.544898e+00 0. 0. 0. 0. 0. 0. 0. 0. 1.924093e-02 1.147265e-02 0. 0. 0. 0. 0. 0. 0. 0. -1.163900e-02 -6.108042e-03
4.746939e+00 0. 0. 0. 0. 0. 0. 0. 0. 1.384383e-02 8.014299e-03 0. 0. 0. 0. 0. 0. 0. 0. -7.809476e-03 -4.011621e-03
4.948980e+00 0. 0. 0. 0. 0. 0. 0. 0. 9.801596e-03 5.515857e-03 0. 0. 0. 0. 0. 0. 0. 0. -5.161843e-03 -2.597006e-03
5.151020e+00 0. 0. 0. 0. 0. 0. 0. 0. 6.828258e-03 3.739647e-03 0. 0. 0. 0. 0. 0. 0. 0. -3.360746e-03 -1.656974e-03
5.353061e+00 0. 0. 0. 0. 0. 0. 0. 0. 4.680675e-03 2.497543e-03 0. 0. 0. 0. 0. 0. 0. 0. -2.155820e-03 -1.042187e-03
5.555102e+00 0. 0. 0. 0. 0. 0. 0. 0. 3.157032e-03 1.642911e-03 0. 0. 0. 0. 0. 0. 0. 0. -1.362451e-03 -6.461557e-04
5.757143e+00 0. 0. 0. 0. 0. 0. 0. 0. 2.095258e-03 1.064452e-03 0. 0. 0. 0. 0. 0. 0. 0. -8.484203e-04 -3.949425e-04
5.959184e+00 0. 0. 0. 0. 0. 0. 0. 0. 1.368254e-03 6.792030e-04 0. 0. 0. 0. 0. 0. 0. 0. -5.205331e-04 -2.379500e-04
6.161224e+00 0. 0. 0. 0. 0. 0. 0. 0. 8.792215e-04 4.268269e-04 0. 0. 0. 0. 0. 0. 0. 0. -3.147050e-04 -1.413403e-04
6.363265e+00 0. 0. 0. 0. 0. 0. 0. 0. 5.559246e-04 2.641422e-04 0. 0. 0. 0. 0. 0. 0. 0. -1.874666e-04 -8.275679e-05
6.565306e+00 0. 0. 0. 0. 0. 0. 0. 0. 3.458845e-04 1.609752e-04 0. 0. 0. 0. 0. 0. 0. 0. -1.100422e-04 -4.776967e-05
6.767347e+00 0. 0. 0. 0. 0. 0. 0. 0. 2.117396e-04 9.659671e-05 0. 0. 0. 0. 0. 0. 0. 0. -6.364620e-05 -2.718119e-05
6.969388e+00 0. 0. 0. 0. 0. 0. 0. 0. 1.275123e-04 5.706414e-05 0. 0. 0. 0. 0. 0. 0. 0. -3.626766e-05 -1.524418e-05
7.171429e+00 0. 0. 0. 0. 0. 0. 0. 0. 7.551178e-05 3.317544e-05 0. 0. 0. 0. 0. 0. 0. 0. -2.035709e-05 -8.425292e-06
7.373469e+00 0. 0. 0. 0. 0. 0. 0. 0. 4.395439e-05 1.897335e-05 0. 0. 0. 0. 0. 0. 0. 0. -1.125304e-05 -4.587997e-06
7.575510e+00 0. 0. 0. 0. 0. 0. 0. 0. 2.512906e-05 1.066704e-05 0. 0. 0. 0. 0. 0. 0. 0. -6.123161e-06 -2.460558e-06
7.777551e+00 0. 0. 0. 0. 0. 0. 0. 0. 1.410317e-05 5.892340e-06 0. 0. 0. 0. 0. 0. 0. 0. -3.277849e-06 -1.298957e-06
7.979592e+00 0. 0. 0. 0. 0. 0. 0. 0. 7.764463e-06 3.195651e-06 0. 0. 0. 0. 0. 0. 0. 0. -1.725144e-06 -6.745820e-07
8.181633e+00 0. 0. 0. 0. 0. 0. 0. 0. 4.186796e-06 1.699169e-06 0. 0. 0. 0. 0. 0. 0. 0. -8.915979e-07 -3.442532e-07
8.383673e+00 0. 0. 0. 0. 0. 0. 0. 0. 2.208974e-06 8.848371e-07 0. 0. 0. 0. 0. 0. 0. 0. -4.520762e-07 -1.724732e-07
8.585714e+00 0. 0. 0. 0. 0. 0. 0. 0. 1.138266e-06 4.504796e-07 0. 0. 0. 0. 0. 0. 0. 0. -2.245176e-07 -8.470248e-08
8.787755e+00 0. 0. 0. 0. 0. 0. 0. 0. 5.727876e-07 2.241617e-07 0. 0. 0. 0. 0. 0. 0. 0. -1.091561e-07 -4.075110e-08
8.989796e+00 0. 0. 0. 0. 0. 0. 0. 0. 2.802850e-07 1.085883e-07 0. 0. 0. 0. 0. 0. 0. 0. -5.177507e-08 -1.914450e-08
9.191837e+00 0. 0. 0. 0. 0. 0. 0. 0. 1.335596e-07 5.126196e-08 0. 0. 0. 0. 0. 0. 0. 0. -2.396950e-08 -8.784277e-09
9.393878e+00 0. 0. 0. 0. 0. 0. 0. 0. 6.158913e-08 2.344576e-08 0. 0. 0. 0. 0. 0. 0. 0. -1.077366e-08 -3.917107e-09
9.595918e+00 0. 0. 0. 0. 0. 0. 0. 0. 2.729253e-08 1.031911e-08 0. 0. 0. 0. 0. 0. 0. 0. -4.673257e-09 -1.687664e-09
9.797959e+00 0. 0. 0. 0. 0. 0. 0. 0. 1.180556e-08 4.433337e-09 0. 0. 0. 0. 0. 0. 0. 0. -1.978972e-09 -7.099745e-10
1.000000e+01 0. 0. 0. 0. 0. 0. 0. 0. 0. 0. 0. 0. 0. 0. 0. 0. 0. 0. 0. 0.



repulsion_fitting_comment=
Repulsive potential generated by fitting function 'fit_smoothing_spline'
The systems used to produce this fit:
parameters r_cut = 1.5500, s = 40.0000, k =   3


repulsion_comment=
Wed Nov 25 13:18:09 2009


fitting=


repulsion=
0.18897259582 4.56313318933
0.216650400258 4.35699729741
0.244328204697 4.15818193378
0.272006009135 3.96650835144
0.299683813573 3.78180002654
0.327361618011 3.60388265831
0.35503942245 3.43258416903
0.382717226888 3.26773470421
0.410395031326 3.10916663296
0.438072835765 2.95671454759
0.465750640203 2.81021526348
0.493428444641 2.6695078191
0.521106249079 2.534433476
0.548784053518 2.40483571881
0.576461857956 2.28056025523
0.604139662394 2.16145501603
0.631817466833 2.04737015508
0.659495271271 1.93815804931
0.687173075709 1.83367329875
0.714850880147 1.73377272649
0.742528684586 1.63831537869
0.770206489024 1.54716252462
0.797884293462 1.46017765661
0.825562097901 1.37722649047
0.853239902339 1.29817696544
0.880917706777 1.22289924388
0.908595511215 1.15126571119
0.936273315654 1.08315097589
0.963951120092 1.01843186955
0.99162892453 0.956987446835
1.01930672897 0.898698985473
1.04698453341 0.843449986282
1.07466233785 0.791126173155
1.10234014228 0.741615493064
1.13001794672 0.694808116057
1.15769575116 0.650596435262
1.1853735556 0.608875066887
1.21305136004 0.569540850215
1.24072916447 0.532492847739
1.26840696891 0.497632345551
1.29608477335 0.46486285295
1.32376257779 0.434090102313
1.35144038223 0.405222049095
1.37911818667 0.378168871833
1.4067959911 0.352842972137
1.43447379554 0.3291589747
1.46215159998 0.30703372729
1.48982940442 0.286386300756
1.51750720886 0.267137989022
1.5451850133 0.249212309095
1.57286281773 0.232535001056
1.60054062217 0.217034028067
1.62821842661 0.202639576367
1.65589623105 0.18928405529
1.68357403549 0.176902097623
1.71125183993 0.165430559603
1.73892964436 0.154808520562
1.7666074488 0.144977282912
1.79428525324 0.135880372142
1.82196305768 0.127463536818
1.84964086212 0.119674748588
1.87731866656 0.112464202175
1.90499647099 0.105784315382
1.93267427543 0.0995897290897
1.96035207987 0.0938373072575
1.98802988431 0.0884861369231
2.01570768875 0.0834975282025
2.04338549319 0.0788350142901
2.07106329762 0.0744643514587
2.09874110206 0.0703535191892
2.1264189065 0.0664727205607
2.15409671094 0.0627943818605
2.18177451538 0.0592931524544
2.20945231981 0.0559459047862
2.23713012425 0.0527317343786
2.26480792869 0.0496319598321
2.29248573313 0.046630122826
2.32016353757 0.0437119881176
2.34784134201 0.0408655435428
2.37551914644 0.0380810000158
2.40319695088 0.0353507915291
2.43087475532 0.0326695751536
2.45855255976 0.0300342310385
2.4862303642 0.0274438624116
2.51390816864 0.0248997955949
2.54158597307 0.0224055803625
2.56926377751 0.0199669899405
2.59694158195 0.0175920206493
2.62461938639 0.0152908918881
2.65229719083 0.0130760461329
2.67997499527 0.0109621489441
2.7076527997 0.00896608893838
2.73533060414 0.00710697788918
2.76300840858 0.00540615037995
2.79068621302 0.00388716495233
2.81836401746 0.0025758004776
2.8460418219 0.00150006698772
2.87371962633 0.000690175793024
2.90139743077 0.000178612110799
2.92907523521 0.0

kill_radius= 1.105
