slako_comment=
C xc=PW92 charge=0.0 conf:frauenheim r0=2.657
S xc=PW92 charge=0.0 conf:frauenheim r0=3.566
Wed Nov 25 12:13:06 2009 


C_S_table=
1.000000e-01 0. 0. 0. 0. 0. 3.487217e-01 2.862418e-01 0. 7.910134e-01 1.233204e+00 0. 0. 0. 0. 0. -8.224564e-01 -8.233046e-01 0. -7.686298e-02 -9.179757e-01
3.020408e-01 0. 0. 0. 0. 0. 7.589177e-01 4.662006e-01 0. 1.075633e+00 1.576682e+00 0. 0. 0. 0. 0. -8.033728e-01 -8.178079e-01 0. -2.026724e-01 -8.961747e-01
5.040816e-01 0. 0. 0. 0. 0. 9.483013e-01 6.321758e-01 0. 6.921019e-01 1.231903e+00 0. 0. 0. 0. 0. -7.460773e-01 -8.019347e-01 0. -2.874807e-01 -8.477134e-01
7.061224e-01 0. 0. 0. 0. 0. 8.547549e-01 7.142863e-01 0. 4.100929e-01 9.091949e-01 0. 0. 0. 0. 0. -6.431068e-01 -7.721358e-01 0. -3.517256e-01 -7.908606e-01
9.081633e-01 0. 0. 0. 0. 0. 6.141034e-01 7.200809e-01 0. 3.227449e-01 7.487680e-01 0. 0. 0. 0. 0. -5.032603e-01 -7.282758e-01 0. -4.085333e-01 -7.377585e-01
1.110204e+00 0. 0. 0. 0. 0. 3.417914e-01 6.758527e-01 0. 3.499547e-01 6.926265e-01 0. 0. 0. 0. 0. -3.432746e-01 -6.728914e-01 0. -4.600387e-01 -6.905386e-01
1.312245e+00 0. 0. 0. 0. 0. 1.008605e-01 6.052204e-01 0. 4.146647e-01 6.745847e-01 0. 0. 0. 0. 0. -1.806589e-01 -6.094851e-01 0. -5.028196e-01 -6.462951e-01
1.514286e+00 0. 0. 0. 0. 0. -8.445530e-02 5.248718e-01 0. 4.729992e-01 6.573130e-01 0. 0. 0. 0. 0. -2.974857e-02 -5.419599e-01 0. -5.327481e-01 -6.017322e-01
1.716327e+00 0. 0. 0. 0. 0. -2.124655e-01 4.450859e-01 0. 5.075730e-01 6.269680e-01 0. 0. 0. 0. 0. 9.993611e-02 -4.737656e-01 0. -5.472898e-01 -5.548393e-01
1.918367e+00 0. 0. 0. 0. 0. -2.911190e-01 3.713116e-01 0. 5.157241e-01 5.821481e-01 0. 0. 0. 0. 0. 2.030900e-01 -4.076739e-01 0. -5.458169e-01 -5.050613e-01
2.120408e+00 0. 0. 0. 0. 0. -3.316619e-01 3.059977e-01 0. 5.017939e-01 5.268710e-01 0. 0. 0. 0. 0. 2.783149e-01 -3.456512e-01 0. -5.295810e-01 -4.530688e-01
2.322449e+00 0. 0. 0. 0. 0. -3.446662e-01 2.497971e-01 0. 4.720286e-01 4.662490e-01 0. 0. 0. 0. 0. 3.268922e-01 -2.890716e-01 0. -5.010670e-01 -4.002651e-01
2.524490e+00 0. 0. 0. 0. 0. -3.388652e-01 2.023611e-01 0. 4.323714e-01 4.046846e-01 0. 0. 0. 0. 0. 3.517787e-01 -2.386449e-01 0. -4.632739e-01 -3.481787e-01
2.726531e+00 0. 0. 0. 0. 0. -3.210190e-01 1.628645e-01 0. 3.876799e-01 3.454382e-01 0. 0. 0. 0. 0. 3.569668e-01 -1.946011e-01 0. -4.193722e-01 -2.982785e-01
2.928571e+00 0. 0. 0. 0. 0. -2.960664e-01 1.303090e-01 0. 3.415411e-01 2.906020e-01 0. 0. 0. 0. 0. 3.467814e-01 -1.568144e-01 0. -3.723065e-01 -2.517508e-01
3.130612e+00 0. 0. 0. 0. 0. -2.675080e-01 1.037057e-01 0. 2.964429e-01 2.413477e-01 0. 0. 0. 0. 0. 3.254644e-01 -1.249624e-01 0. -3.246336e-01 -2.094604e-01
3.332653e+00 0. 0. 0. 0. 0. -2.377488e-01 8.209821e-02 0. 2.539732e-01 1.981151e-01 0. 0. 0. 0. 0. 2.968226e-01 -9.848716e-02 0. -2.783369e-01 -1.718647e-01
3.534694e+00 0. 0. 0. 0. 0. -2.084087e-01 6.465977e-02 0. 2.150835e-01 1.609100e-01 0. 0. 0. 0. 0. 2.641532e-01 -7.681455e-02 0. -2.349288e-01 -1.391573e-01
3.736735e+00 0. 0. 0. 0. 0. -1.805022e-01 5.066087e-02 0. 1.802262e-01 1.294027e-01 0. 0. 0. 0. 0. 2.300585e-01 -5.930591e-02 0. -1.953708e-01 -1.112375e-01
3.938776e+00 0. 0. 0. 0. 0. -1.546249e-01 3.947681e-02 0. 1.495177e-01 1.030831e-01 0. 0. 0. 0. 0. 1.964871e-01 -4.532904e-02 0. -1.601811e-01 -8.781139e-02
4.140816e+00 0. 0. 0. 0. 0. -1.311325e-01 3.059237e-02 0. 1.228840e-01 8.139251e-02 0. 0. 0. 0. 0. 1.649015e-01 -3.431847e-02 0. -1.295962e-01 -6.850328e-02
4.342857e+00 0. 0. 0. 0. 0. -1.101286e-01 2.356720e-02 0. 1.000724e-01 6.370633e-02 0. 0. 0. 0. 0. 1.361421e-01 -2.573233e-02 0. -1.035032e-01 -5.281911e-02
4.544898e+00 0. 0. 0. 0. 0. -9.161213e-02 1.804435e-02 0. 8.076765e-02 4.943895e-02 0. 0. 0. 0. 0. 1.106859e-01 -1.911436e-02 0. -8.163889e-02 -4.026517e-02
4.746939e+00 0. 0. 0. 0. 0. -7.550639e-02 1.372924e-02 0. 6.461909e-02 3.805300e-02 0. 0. 0. 0. 0. 8.872514e-02 -1.407142e-02 0. -6.363831e-02 -3.036560e-02
4.948980e+00 0. 0. 0. 0. 0. -6.165367e-02 1.037704e-02 0. 5.124795e-02 2.904900e-02 0. 0. 0. 0. 0. 7.016370e-02 -1.026591e-02 0. -4.903689e-02 -2.265728e-02
5.151020e+00 0. 0. 0. 0. 0. -4.987223e-02 7.788843e-03 0. 4.028875e-02 2.199442e-02 0. 0. 0. 0. 0. 5.477296e-02 -7.422556e-03 0. -3.736410e-02 -1.673090e-02
5.353061e+00 0. 0. 0. 0. 0. -3.996428e-02 5.805431e-03 0. 3.139723e-02 1.651841e-02 0. 0. 0. 0. 0. 4.223424e-02 -5.320512e-03 0. -2.816209e-02 -1.223061e-02
5.555102e+00 0. 0. 0. 0. 0. -3.172066e-02 4.295417e-03 0. 2.425289e-02 1.230464e-02 0. 0. 0. 0. 0. 3.217902e-02 -3.780727e-03 0. -2.100076e-02 -8.852203e-03
5.757143e+00 0. 0. 0. 0. 0. -2.494003e-02 3.154545e-03 0. 1.857042e-02 9.092430e-03 0. 0. 0. 0. 0. 2.424295e-02 -2.663995e-03 0. -1.550138e-02 -6.346406e-03
5.959184e+00 0. 0. 0. 0. 0. -1.941927e-02 2.299152e-03 0. 1.409282e-02 6.663559e-03 0. 0. 0. 0. 0. 1.805941e-02 -1.861344e-03 0. -1.132495e-02 -4.506285e-03
6.161224e+00 0. 0. 0. 0. 0. -1.497445e-02 1.662638e-03 0. 1.059949e-02 4.843617e-03 0. 0. 0. 0. 0. 1.330863e-02 -1.289595e-03 0. -8.191676e-03 -3.169986e-03
6.363265e+00 0. 0. 0. 0. 0. -1.143455e-02 1.192804e-03 0. 7.900480e-03 3.491692e-03 0. 0. 0. 0. 0. 9.704219e-03 -8.860610e-04 0. -5.867186e-03 -2.209438e-03
6.565306e+00 0. 0. 0. 0. 0. -8.647180e-03 8.489445e-04 0. 5.836140e-03 2.496620e-03 0. 0. 0. 0. 0. 7.004509e-03 -6.038360e-04 0. -4.162455e-03 -1.526277e-03
6.767347e+00 0. 0. 0. 0. 0. -6.474188e-03 5.991922e-04 0. 4.271570e-03 1.769950e-03 0. 0. 0. 0. 0. 5.003604e-03 -4.080058e-04 0. -2.924309e-03 -1.044666e-03
6.969388e+00 0. 0. 0. 0. 0. -4.800956e-03 4.195085e-04 0. 3.098597e-03 1.244658e-03 0. 0. 0. 0. 0. 3.540225e-03 -2.735148e-04 0. -2.035847e-03 -7.089700e-04
7.171429e+00 0. 0. 0. 0. 0. -3.524762e-03 2.912604e-04 0. 2.226952e-03 8.677812e-04 0. 0. 0. 0. 0. 2.479796e-03 -1.818385e-04 0. -1.403852e-03 -4.768233e-04
7.373469e+00 0. 0. 0. 0. 0. -2.562545e-03 2.005188e-04 0. 1.585865e-03 5.999371e-04 0. 0. 0. 0. 0. 1.720392e-03 -1.199101e-04 0. -9.591871e-04 -3.179242e-04
7.575510e+00 0. 0. 0. 0. 0. -1.844926e-03 1.368986e-04 0. 1.119005e-03 4.112838e-04 0. 0. 0. 0. 0. 1.182343e-03 -7.844246e-05 0. -6.494514e-04 -2.101742e-04
7.777551e+00 0. 0. 0. 0. 0. -1.315202e-03 9.264513e-05 0. 7.822447e-04 2.795276e-04 0. 0. 0. 0. 0. 8.048312e-04 -5.088178e-05 0. -4.356996e-04 -1.377339e-04
7.979592e+00 0. 0. 0. 0. 0. -9.285326e-04 6.217102e-05 0. 5.418071e-04 1.883767e-04 0. 0. 0. 0. 0. 5.428518e-04 -3.274934e-05 0. -2.897140e-04 -8.950879e-05
8.181633e+00 0. 0. 0. 0. 0. -6.490162e-04 4.134456e-05 0. 3.717092e-04 1.258248e-04 0. 0. 0. 0. 0. 3.626442e-04 -2.089963e-05 0. -1.908573e-04 -5.765517e-05
8.383673e+00 0. 0. 0. 0. 0. -4.492651e-04 2.725263e-05 0. 2.527348e-04 8.334721e-05 0. 0. 0. 0. 0. 2.401112e-04 -1.322913e-05 0. -1.246479e-04 -3.683515e-05
8.585714e+00 0. 0. 0. 0. 0. -3.078077e-04 1.780153e-05 0. 1.701957e-04 5.471778e-05 0. 0. 0. 0. 0. 1.574808e-04 -8.304261e-06 0. -8.066202e-05 -2.332838e-05
8.787755e+00 0. 0. 0. 0. 0. -2.087955e-04 1.152217e-05 0. 1.134742e-04 3.560032e-05 0. 0. 0. 0. 0. 1.023623e-04 -5.169912e-06 0. -5.173909e-05 -1.465185e-05
8.989796e+00 0. 0. 0. 0. 0. -1.402060e-04 7.389374e-06 0. 7.490678e-05 2.295154e-05 0. 0. 0. 0. 0. 6.591911e-05 -3.191664e-06 0. -3.288423e-05 -9.122929e-06
9.191837e+00 0. 0. 0. 0. 0. -9.319736e-05 4.694947e-06 0. 4.896682e-05 1.466220e-05 0. 0. 0. 0. 0. 4.205545e-05 -1.953335e-06 0. -2.070996e-05 -5.631024e-06
9.393878e+00 0. 0. 0. 0. 0. -6.132745e-05 2.954584e-06 0. 3.169053e-05 9.281298e-06 0. 0. 0. 0. 0. 2.658915e-05 -1.185461e-06 0. -1.292550e-05 -3.446348e-06
9.595918e+00 0. 0. 0. 0. 0. -3.994283e-05 1.842264e-06 0. 2.030617e-05 5.820743e-06 0. 0. 0. 0. 0. 1.665393e-05 -7.132801e-07 0. -7.992868e-06 -2.090831e-06
9.797959e+00 0. 0. 0. 0. 0. -1.315725e-05 5.928450e-07 0. 6.631916e-06 1.879116e-06 0. 0. 0. 0. 0. 5.372615e-06 -2.249221e-07 0. -2.560268e-06 -6.624880e-07
1.000000e+01 0. 0. 0. 0. 0. 0. 0. 0. 0. 0. 0. 0. 0. 0. 0. 0. 0. 0. 0. 0.



S_C_table=
1.000000e-01 0. 0. 0. 0. 0. 3.486795e-01 2.865356e-01 0. -8.104925e-02 1.232128e+00 0. 0. 0. 0. 0. -8.224564e-01 -8.233046e-01 0. 2.082979e-03 -9.179757e-01
3.020408e-01 0. 0. 0. 0. 0. 7.590907e-01 4.662891e-01 0. -3.919886e-01 1.576313e+00 0. 0. 0. 0. 0. -8.033728e-01 -8.178079e-01 0. 1.528744e-04 -8.961747e-01
5.040816e-01 0. 0. 0. 0. 0. 9.486672e-01 6.320799e-01 0. -5.231724e-01 1.231728e+00 0. 0. 0. 0. 0. -7.460773e-01 -8.019347e-01 0. -2.263987e-02 -8.477134e-01
7.061224e-01 0. 0. 0. 0. 0. 8.551481e-01 7.140858e-01 0. -4.113180e-01 9.089160e-01 0. 0. 0. 0. 0. -6.431068e-01 -7.721358e-01 0. -7.124514e-02 -7.908606e-01
9.081633e-01 0. 0. 0. 0. 0. 6.144496e-01 7.198491e-01 0. -1.858663e-01 7.484471e-01 0. 0. 0. 0. 0. -5.032603e-01 -7.282758e-01 0. -1.380391e-01 -7.377585e-01
1.110204e+00 0. 0. 0. 0. 0. 3.420301e-01 6.756725e-01 0. 4.610502e-02 6.923703e-01 0. 0. 0. 0. 0. -3.432746e-01 -6.728914e-01 0. -2.105362e-01 -6.905386e-01
1.312245e+00 0. 0. 0. 0. 0. 1.009777e-01 6.050860e-01 0. 2.322226e-01 6.744122e-01 0. 0. 0. 0. 0. -1.806589e-01 -6.094851e-01 0. -2.771881e-01 -6.462951e-01
1.514286e+00 0. 0. 0. 0. 0. -8.432853e-02 5.247454e-01 0. 3.577861e-01 6.571542e-01 0. 0. 0. 0. 0. -2.974857e-02 -5.419599e-01 0. -3.301273e-01 -6.017322e-01
1.716327e+00 0. 0. 0. 0. 0. -2.124121e-01 4.450008e-01 0. 4.278828e-01 6.268792e-01 0. 0. 0. 0. 0. 9.993611e-02 -4.737656e-01 0. -3.655883e-01 -5.548393e-01
1.918367e+00 0. 0. 0. 0. 0. -2.910517e-01 3.712457e-01 0. 4.540673e-01 5.820723e-01 0. 0. 0. 0. 0. 2.030900e-01 -4.076739e-01 0. -3.828301e-01 -5.050613e-01
2.120408e+00 0. 0. 0. 0. 0. -3.316101e-01 3.059437e-01 0. 4.492517e-01 5.268159e-01 0. 0. 0. 0. 0. 2.783149e-01 -3.456512e-01 0. -3.834537e-01 -4.530688e-01
2.322449e+00 0. 0. 0. 0. 0. -3.446391e-01 2.497556e-01 0. 4.243298e-01 4.662151e-01 0. 0. 0. 0. 0. 3.268922e-01 -2.890716e-01 0. -3.703332e-01 -4.002651e-01
2.524490e+00 0. 0. 0. 0. 0. -3.388466e-01 2.023318e-01 0. 3.876668e-01 4.046615e-01 0. 0. 0. 0. 0. 3.517787e-01 -2.386449e-01 0. -3.467818e-01 -3.481787e-01
2.726531e+00 0. 0. 0. 0. 0. -3.210038e-01 1.628433e-01 0. 3.453516e-01 3.454223e-01 0. 0. 0. 0. 0. 3.569668e-01 -1.946011e-01 0. -3.161728e-01 -2.982785e-01
2.928571e+00 0. 0. 0. 0. 0. -2.960496e-01 1.302890e-01 0. 3.015381e-01 2.905882e-01 0. 0. 0. 0. 0. 3.467814e-01 -1.568144e-01 0. -2.815523e-01 -2.517508e-01
3.130612e+00 0. 0. 0. 0. 0. -2.674890e-01 1.036905e-01 0. 2.589455e-01 2.413361e-01 0. 0. 0. 0. 0. 3.254644e-01 -1.249624e-01 0. -2.454969e-01 -2.094604e-01
3.332653e+00 0. 0. 0. 0. 0. -2.377279e-01 8.208278e-02 0. 2.192168e-01 1.981038e-01 0. 0. 0. 0. 0. 2.968226e-01 -9.848716e-02 0. -2.099801e-01 -1.718647e-01
3.534694e+00 0. 0. 0. 0. 0. -2.083902e-01 6.464660e-02 0. 1.832742e-01 1.609007e-01 0. 0. 0. 0. 0. 2.641532e-01 -7.681455e-02 0. -1.764744e-01 -1.391573e-01
3.736735e+00 0. 0. 0. 0. 0. -1.804890e-01 5.065150e-02 0. 1.514966e-01 1.293965e-01 0. 0. 0. 0. 0. 2.300585e-01 -5.930591e-02 0. -1.459093e-01 -1.112375e-01
3.938776e+00 0. 0. 0. 0. 0. -1.546083e-01 3.946870e-02 0. 1.239084e-01 1.030766e-01 0. 0. 0. 0. 0. 1.964871e-01 -4.532904e-02 0. -1.187860e-01 -8.781139e-02
4.140816e+00 0. 0. 0. 0. 0. -1.311232e-01 3.058767e-02 0. 1.003610e-01 8.138896e-02 0. 0. 0. 0. 0. 1.649015e-01 -3.431847e-02 0. -9.533341e-02 -6.850328e-02
4.342857e+00 0. 0. 0. 0. 0. -1.101212e-01 2.356312e-02 0. 8.051895e-02 6.370352e-02 0. 0. 0. 0. 0. 1.361421e-01 -2.573233e-02 0. -7.546388e-02 -5.281911e-02
4.544898e+00 0. 0. 0. 0. 0. -9.160051e-02 1.804057e-02 0. 6.400671e-02 4.943544e-02 0. 0. 0. 0. 0. 1.106859e-01 -1.911436e-02 0. -5.895327e-02 -4.026517e-02
4.746939e+00 0. 0. 0. 0. 0. -7.549808e-02 1.372686e-02 0. 5.043510e-02 3.805069e-02 0. 0. 0. 0. 0. 8.872514e-02 -1.407142e-02 0. -4.549085e-02 -3.036560e-02
4.948980e+00 0. 0. 0. 0. 0. -6.164728e-02 1.037553e-02 0. 3.939266e-02 2.904734e-02 0. 0. 0. 0. 0. 7.016370e-02 -1.026591e-02 0. -3.468410e-02 -2.265728e-02
5.151020e+00 0. 0. 0. 0. 0. -4.986608e-02 7.787250e-03 0. 3.050000e-02 2.199287e-02 0. 0. 0. 0. 0. 5.477296e-02 -7.422556e-03 0. -2.614055e-02 -1.673090e-02
5.353061e+00 0. 0. 0. 0. 0. -3.995953e-02 5.804310e-03 0. 2.341179e-02 1.651728e-02 0. 0. 0. 0. 0. 4.223424e-02 -5.320512e-03 0. -1.948355e-02 -1.223061e-02
5.555102e+00 0. 0. 0. 0. 0. -3.171539e-02 4.294441e-03 0. 1.781476e-02 1.230342e-02 0. 0. 0. 0. 0. 3.217902e-02 -3.780727e-03 0. -1.436479e-02 -8.852203e-03
5.757143e+00 0. 0. 0. 0. 0. -2.493747e-02 3.153835e-03 0. 1.344116e-02 9.091820e-03 0. 0. 0. 0. 0. 2.424295e-02 -2.663995e-03 0. -1.048247e-02 -6.346406e-03
5.959184e+00 0. 0. 0. 0. 0. -1.941712e-02 2.298731e-03 0. 1.005273e-02 6.663133e-03 0. 0. 0. 0. 0. 1.805941e-02 -1.861344e-03 0. -7.570511e-03 -4.506285e-03
6.161224e+00 0. 0. 0. 0. 0. -1.497272e-02 1.662322e-03 0. 7.453291e-03 4.843263e-03 0. 0. 0. 0. 0. 1.330863e-02 -1.289595e-03 0. -5.413304e-03 -3.169986e-03
6.363265e+00 0. 0. 0. 0. 0. -1.143287e-02 1.192596e-03 0. 5.477808e-03 3.491400e-03 0. 0. 0. 0. 0. 9.704219e-03 -8.860610e-04 0. -3.832988e-03 -2.209438e-03
6.565306e+00 0. 0. 0. 0. 0. -8.646450e-03 8.488486e-04 0. 3.991453e-03 2.496529e-03 0. 0. 0. 0. 0. 7.004509e-03 -6.038360e-04 0. -2.688608e-03 -1.526277e-03
6.767347e+00 0. 0. 0. 0. 0. -6.472954e-03 5.990785e-04 0. 2.882084e-03 1.769794e-03 0. 0. 0. 0. 0. 5.003604e-03 -4.080058e-04 0. -1.867684e-03 -1.044666e-03
6.969388e+00 0. 0. 0. 0. 0. -4.800428e-03 4.194492e-04 0. 2.063543e-03 1.244631e-03 0. 0. 0. 0. 0. 3.540225e-03 -2.735148e-04 0. -1.285943e-03 -7.089700e-04
7.171429e+00 0. 0. 0. 0. 0. -3.524187e-03 2.912352e-04 0. 1.464119e-03 8.677697e-04 0. 0. 0. 0. 0. 2.479796e-03 -1.818385e-04 0. -8.770970e-04 -4.768233e-04
7.373469e+00 0. 0. 0. 0. 0. -2.561958e-03 2.005143e-04 0. 1.029660e-03 5.999419e-04 0. 0. 0. 0. 0. 1.720392e-03 -1.199101e-04 0. -5.928791e-04 -3.179242e-04
7.575510e+00 0. 0. 0. 0. 0. -1.844517e-03 1.369318e-04 0. 7.178222e-04 4.113388e-04 0. 0. 0. 0. 0. 1.182343e-03 -7.844246e-05 0. -3.972345e-04 -2.101742e-04
7.777551e+00 0. 0. 0. 0. 0. -1.314709e-03 9.267809e-05 0. 4.958855e-04 2.795786e-04 0. 0. 0. 0. 0. 8.048312e-04 -5.088178e-05 0. -2.637612e-04 -1.377339e-04
7.979592e+00 0. 0. 0. 0. 0. -9.281869e-04 6.222784e-05 0. 3.396087e-04 1.884564e-04 0. 0. 0. 0. 0. 5.428518e-04 -3.274934e-05 0. -1.736336e-04 -8.950879e-05
8.181633e+00 0. 0. 0. 0. 0. -6.486247e-04 4.140806e-05 0. 2.304139e-04 1.258967e-04 0. 0. 0. 0. 0. 3.626442e-04 -2.089963e-05 0. -1.132645e-04 -5.765517e-05
8.383673e+00 0. 0. 0. 0. 0. -4.490489e-04 2.732146e-05 0. 1.549969e-04 8.341654e-05 0. 0. 0. 0. 0. 2.401112e-04 -1.322913e-05 0. -7.326944e-05 -3.683515e-05
8.585714e+00 0. 0. 0. 0. 0. -3.077740e-04 1.787065e-05 0. 1.033033e-04 5.477947e-05 0. 0. 0. 0. 0. 1.574808e-04 -8.304261e-06 0. -4.697313e-05 -2.332838e-05
8.787755e+00 0. 0. 0. 0. 0. -2.089681e-04 1.158912e-05 0. 6.825438e-05 3.567341e-05 0. 0. 0. 0. 0. 1.023623e-04 -5.169912e-06 0. -2.986092e-05 -1.465185e-05
8.989796e+00 0. 0. 0. 0. 0. -1.405014e-04 7.451046e-06 0. 4.468934e-05 2.302823e-05 0. 0. 0. 0. 0. 6.591911e-05 -3.191664e-06 0. -1.881637e-05 -9.122929e-06
9.191837e+00 0. 0. 0. 0. 0. -9.353508e-05 4.746551e-06 0. 2.899131e-05 1.473320e-05 0. 0. 0. 0. 0. 4.205545e-05 -1.953335e-06 0. -1.175200e-05 -5.631024e-06
9.393878e+00 0. 0. 0. 0. 0. -6.169162e-05 2.998405e-06 0. 1.864516e-05 9.347050e-06 0. 0. 0. 0. 0. 2.658915e-05 -1.185461e-06 0. -7.277712e-06 -3.446348e-06
9.595918e+00 0. 0. 0. 0. 0. -4.029359e-05 1.877287e-06 0. 1.188224e-05 5.877559e-06 0. 0. 0. 0. 0. 1.665393e-05 -7.132801e-07 0. -4.467035e-06 -2.090831e-06
9.797959e+00 0. 0. 0. 0. 0. -1.329217e-05 6.054873e-07 0. 3.869436e-06 1.900218e-06 0. 0. 0. 0. 0. 5.372615e-06 -2.249221e-07 0. -1.424883e-06 -6.624880e-07
1.000000e+01 0. 0. 0. 0. 0. 0. 0. 0. 0. 0. 0. 0. 0. 0. 0. 0. 0. 0. 0. 0.



repulsion_fitting_comment=
Repulsive potential generated by fitting function 'fit_smoothing_spline'
The systems used to produce this fit:
parameters r_cut = 1.9200, s = 30.0000, k =   3


repulsion_comment=
Wed Nov 25 13:18:50 2009


fitting=


repulsion=
0.18897259582 24.6006685869
0.223713012425 23.5409872544
0.258453429031 22.5165548395
0.293193845636 21.5265704385
0.327934262241 20.5702424282
0.362674678846 19.6467884672
0.397415095452 18.7554354951
0.432155512057 17.8954197319
0.466895928662 17.0659866784
0.501636345268 16.2663911161
0.536376761873 15.4958971071
0.571117178478 14.7537779942
0.605857595084 14.0393164006
0.640598011689 13.3518042305
0.675338428294 12.6905426686
0.710078844899 12.0548421802
0.744819261505 11.4440225112
0.77955967811 10.8574126885
0.814300094715 10.2943510191
0.849040511321 9.75418509108
0.883780927926 9.23627177304
0.918521344531 8.73997721421
0.953261761137 8.26467684446
0.988002177742 7.80975537448
1.02274259435 7.37460679663
1.05748301095 6.95863438436
1.09222342756 6.56125069179
1.12696384416 6.18187755368
1.16170426077 5.81994608544
1.19644467737 5.47489668314
1.23118509398 5.14617902348
1.26592551058 4.83325206383
1.30066592719 4.5355840422
1.33540634379 4.25265247726
1.3701467604 3.9839441683
1.40488717701 3.72895519529
1.43962759361 3.48719091885
1.47436801022 3.25816598022
1.50910842682 3.04140430133
1.54384884343 2.83643908472
1.57858926003 2.64281281361
1.61332967664 2.46007725186
1.64807009324 2.28779344403
1.68281050985 2.1255317162
1.71755092645 1.97287167581
1.75229134306 1.82940221092
1.78703175966 1.69472149027
1.82177217627 1.56843696323
1.85651259287 1.45016535985
1.89125300948 1.33953269078
1.92599342608 1.23617424738
1.96073384269 1.13973460161
1.9954742593 1.0498676061
2.0302146759 0.966236394134
2.06495509251 0.888513379636
2.09969550911 0.816380257185
2.13443592572 0.749528002007
2.16917634232 0.687656869979
2.20391675893 0.630476397628
2.23865717553 0.577705402129
2.27339759214 0.529071981309
2.30813800874 0.484313513661
2.34287842535 0.443176658999
2.37761884195 0.405417358665
2.41235925856 0.370800834706
2.44709967516 0.339101589822
2.48184009177 0.310103407359
2.51658050837 0.283599351316
2.55132092498 0.259391766338
2.58606134159 0.237292277724
2.62080175819 0.217121791419
2.6555421748 0.19871049402
2.6902825914 0.181897852772
2.72502300801 0.16653261557
2.75976342461 0.152472810961
2.79450384122 0.139585748138
2.82924425782 0.127748016945
2.86398467443 0.116845487878
2.89872509103 0.106773312079
2.93346550764 0.0974359213427
2.96820592424 0.0887470281133
3.00294634085 0.080629625945
3.03768675745 0.0730159900658
3.07242717406 0.0658476764916
3.10716759066 0.0590755218882
3.14190800727 0.052659643571
3.17664842388 0.0465694395052
3.21138884048 0.040783588305
3.24612925709 0.0352900492363
3.28086967369 0.0300860622081
3.3156100903 0.0251781478018
3.3503505069 0.0205821071694
3.38509092351 0.0163230223816
3.41983134011 0.0124352552689
3.45457175672 0.00896245115858
3.48931217332 0.00595752728268
3.52405258993 0.00348270695625
3.55879300653 0.0016094259184
3.59353342314 0.000418559572269
3.62827383974 0.0

kill_radius= 1.458
