slako_comment=
H xc=PW92 charge=0.0 conf:frauenheim r0=1.084
Wed Nov 25 10:59:34 2009 


H_H_table=
1.000000e-01 0. 0. 0. 0. 0. 0. 0. 0. 0. -7.620376e-01 0. 0. 0. 0. 0. 0. 0. 0. 0. 9.951491e-01
2.816327e-01 0. 0. 0. 0. 0. 0. 0. 0. 0. -7.190855e-01 0. 0. 0. 0. 0. 0. 0. 0. 0. 9.626818e-01
4.632653e-01 0. 0. 0. 0. 0. 0. 0. 0. 0. -6.575602e-01 0. 0. 0. 0. 0. 0. 0. 0. 0. 9.032268e-01
6.448980e-01 0. 0. 0. 0. 0. 0. 0. 0. 0. -5.908961e-01 0. 0. 0. 0. 0. 0. 0. 0. 0. 8.228702e-01
8.265306e-01 0. 0. 0. 0. 0. 0. 0. 0. 0. -5.257997e-01 0. 0. 0. 0. 0. 0. 0. 0. 0. 7.288117e-01
1.008163e+00 0. 0. 0. 0. 0. 0. 0. 0. 0. -4.649009e-01 0. 0. 0. 0. 0. 0. 0. 0. 0. 6.282203e-01
1.189796e+00 0. 0. 0. 0. 0. 0. 0. 0. 0. -4.086326e-01 0. 0. 0. 0. 0. 0. 0. 0. 0. 5.274475e-01
1.371429e+00 0. 0. 0. 0. 0. 0. 0. 0. 0. -3.565777e-01 0. 0. 0. 0. 0. 0. 0. 0. 0. 4.317106e-01
1.553061e+00 0. 0. 0. 0. 0. 0. 0. 0. 0. -3.081648e-01 0. 0. 0. 0. 0. 0. 0. 0. 0. 3.447626e-01
1.734694e+00 0. 0. 0. 0. 0. 0. 0. 0. 0. -2.630212e-01 0. 0. 0. 0. 0. 0. 0. 0. 0. 2.687964e-01
1.916327e+00 0. 0. 0. 0. 0. 0. 0. 0. 0. -2.210862e-01 0. 0. 0. 0. 0. 0. 0. 0. 0. 2.047103e-01
2.097959e+00 0. 0. 0. 0. 0. 0. 0. 0. 0. -1.825889e-01 0. 0. 0. 0. 0. 0. 0. 0. 0. 1.523684e-01
2.279592e+00 0. 0. 0. 0. 0. 0. 0. 0. 0. -1.478895e-01 0. 0. 0. 0. 0. 0. 0. 0. 0. 1.109062e-01
2.461224e+00 0. 0. 0. 0. 0. 0. 0. 0. 0. -1.172727e-01 0. 0. 0. 0. 0. 0. 0. 0. 0. 7.895120e-02
2.642857e+00 0. 0. 0. 0. 0. 0. 0. 0. 0. -9.098080e-02 0. 0. 0. 0. 0. 0. 0. 0. 0. 5.500823e-02
2.824490e+00 0. 0. 0. 0. 0. 0. 0. 0. 0. -6.899189e-02 0. 0. 0. 0. 0. 0. 0. 0. 0. 3.751486e-02
3.006122e+00 0. 0. 0. 0. 0. 0. 0. 0. 0. -5.111286e-02 0. 0. 0. 0. 0. 0. 0. 0. 0. 2.504817e-02
3.187755e+00 0. 0. 0. 0. 0. 0. 0. 0. 0. -3.698714e-02 0. 0. 0. 0. 0. 0. 0. 0. 0. 1.637722e-02
3.369388e+00 0. 0. 0. 0. 0. 0. 0. 0. 0. -2.613965e-02 0. 0. 0. 0. 0. 0. 0. 0. 0. 1.048813e-02
3.551020e+00 0. 0. 0. 0. 0. 0. 0. 0. 0. -1.804233e-02 0. 0. 0. 0. 0. 0. 0. 0. 0. 6.579297e-03
3.732653e+00 0. 0. 0. 0. 0. 0. 0. 0. 0. -1.216355e-02 0. 0. 0. 0. 0. 0. 0. 0. 0. 4.043977e-03
3.914286e+00 0. 0. 0. 0. 0. 0. 0. 0. 0. -8.009269e-03 0. 0. 0. 0. 0. 0. 0. 0. 0. 2.435127e-03
4.095918e+00 0. 0. 0. 0. 0. 0. 0. 0. 0. -5.151558e-03 0. 0. 0. 0. 0. 0. 0. 0. 0. 1.436679e-03
4.277551e+00 0. 0. 0. 0. 0. 0. 0. 0. 0. -3.236911e-03 0. 0. 0. 0. 0. 0. 0. 0. 0. 8.305179e-04
4.459184e+00 0. 0. 0. 0. 0. 0. 0. 0. 0. -1.987144e-03 0. 0. 0. 0. 0. 0. 0. 0. 0. 4.704361e-04
4.640816e+00 0. 0. 0. 0. 0. 0. 0. 0. 0. -1.192263e-03 0. 0. 0. 0. 0. 0. 0. 0. 0. 2.611525e-04
4.822449e+00 0. 0. 0. 0. 0. 0. 0. 0. 0. -6.987914e-04 0. 0. 0. 0. 0. 0. 0. 0. 0. 1.419970e-04
5.004082e+00 0. 0. 0. 0. 0. 0. 0. 0. 0. -4.003206e-04 0. 0. 0. 0. 0. 0. 0. 0. 0. 7.566083e-05
5.185714e+00 0. 0. 0. 0. 0. 0. 0. 0. 0. -2.240880e-04 0. 0. 0. 0. 0. 0. 0. 0. 0. 3.948880e-05
5.367347e+00 0. 0. 0. 0. 0. 0. 0. 0. 0. -1.225967e-04 0. 0. 0. 0. 0. 0. 0. 0. 0. 2.019158e-05
5.548980e+00 0. 0. 0. 0. 0. 0. 0. 0. 0. -6.552213e-05 0. 0. 0. 0. 0. 0. 0. 0. 0. 1.010907e-05
5.730612e+00 0. 0. 0. 0. 0. 0. 0. 0. 0. -3.421445e-05 0. 0. 0. 0. 0. 0. 0. 0. 0. 4.955585e-06
5.912245e+00 0. 0. 0. 0. 0. 0. 0. 0. 0. -1.744509e-05 0. 0. 0. 0. 0. 0. 0. 0. 0. 2.377115e-06
6.093878e+00 0. 0. 0. 0. 0. 0. 0. 0. 0. -8.689575e-06 0. 0. 0. 0. 0. 0. 0. 0. 0. 1.116013e-06
6.275510e+00 0. 0. 0. 0. 0. 0. 0. 0. 0. -4.220478e-06 0. 0. 0. 0. 0. 0. 0. 0. 0. 5.119393e-07
6.457143e+00 0. 0. 0. 0. 0. 0. 0. 0. 0. -1.999993e-06 0. 0. 0. 0. 0. 0. 0. 0. 0. 2.295416e-07
6.638776e+00 0. 0. 0. 0. 0. 0. 0. 0. 0. -9.235994e-07 0. 0. 0. 0. 0. 0. 0. 0. 0. 1.004616e-07
6.820408e+00 0. 0. 0. 0. 0. 0. 0. 0. 0. -4.151715e-07 0. 0. 0. 0. 0. 0. 0. 0. 0. 4.288209e-08
7.002041e+00 0. 0. 0. 0. 0. 0. 0. 0. 0. -1.812298e-07 0. 0. 0. 0. 0. 0. 0. 0. 0. 1.779707e-08
7.183673e+00 0. 0. 0. 0. 0. 0. 0. 0. 0. -7.686309e-08 0. 0. 0. 0. 0. 0. 0. 0. 0. 7.187580e-09
7.365306e+00 0. 0. 0. 0. 0. 0. 0. 0. 0. -3.156437e-08 0. 0. 0. 0. 0. 0. 0. 0. 0. 2.814733e-09
7.546939e+00 0. 0. 0. 0. 0. 0. 0. 0. 0. -1.247547e-08 0. 0. 0. 0. 0. 0. 0. 0. 0. 1.061791e-09
7.728571e+00 0. 0. 0. 0. 0. 0. 0. 0. 0. -4.797597e-09 0. 0. 0. 0. 0. 0. 0. 0. 0. 3.902341e-10
7.910204e+00 0. 0. 0. 0. 0. 0. 0. 0. 0. -1.764502e-09 0. 0. 0. 0. 0. 0. 0. 0. 0. 1.373287e-10
8.091837e+00 0. 0. 0. 0. 0. 0. 0. 0. 0. -6.246357e-10 0. 0. 0. 0. 0. 0. 0. 0. 0. 4.658545e-11
8.273469e+00 0. 0. 0. 0. 0. 0. 0. 0. 0. -2.062983e-10 0. 0. 0. 0. 0. 0. 0. 0. 0. 1.476339e-11
8.455102e+00 0. 0. 0. 0. 0. 0. 0. 0. 0. -6.380671e-11 0. 0. 0. 0. 0. 0. 0. 0. 0. 4.382912e-12
8.636735e+00 0. 0. 0. 0. 0. 0. 0. 0. 0. -1.846042e-11 0. 0. 0. 0. 0. 0. 0. 0. 0. 1.217674e-12
8.818367e+00 0. 0. 0. 0. 0. 0. 0. 0. 0. -4.532916e-12 0. 0. 0. 0. 0. 0. 0. 0. 0. 2.876634e-13
9.000000e+00 0. 0. 0. 0. 0. 0. 0. 0. 0. 0. 0. 0. 0. 0. 0. 0. 0. 0. 0. 0.



repulsion_fitting_comment=
Repulsive potential generated by fitting function 'fit_smoothing_spline'
The systems used to produce this fit:
parameters r_cut = 0.9350, s = 10.0000, k =   3


repulsion_comment=
Wed Nov 25 13:17:33 2009


fitting=


repulsion=
0.18897259582 1.65607386295
0.204911193548 1.58660612725
0.220849791277 1.5194819252
0.236788389005 1.45464564694
0.252726986733 1.39204236655
0.268665584461 1.33161784204
0.28460418219 1.27331851536
0.300542779918 1.21709151303
0.316481377646 1.16288464611
0.332419975374 1.11064640964
0.348358573103 1.06032598257
0.364297170831 1.01187322777
0.380235768559 0.965238692053
0.396174366287 0.920373606153
0.412112964016 0.87722988473
0.428051561744 0.835760126368
0.443990159472 0.795917613914
0.4599287572 0.757656314988
0.475867354929 0.720930881273
0.491805952657 0.685696648377
0.507744550385 0.651909635836
0.523683148113 0.619526547114
0.539621745842 0.5885047696
0.55556034357 0.55880237461
0.571498941298 0.530378117387
0.587437539026 0.503191437212
0.603376136755 0.477202458125
0.619314734483 0.452371988463
0.635253332211 0.42866152049
0.651191929939 0.4060332304
0.667130527668 0.384449978312
0.683069125396 0.363875308272
0.699007723124 0.344273448252
0.714946320852 0.325609310152
0.730884918581 0.307848489817
0.746823516309 0.29095726761
0.762762114037 0.27490260849
0.778700711765 0.259652161378
0.794639309494 0.245174259123
0.810577907222 0.231437918501
0.82651650495 0.218412840215
0.842455102678 0.206069408893
0.858393700407 0.194378693092
0.874332298135 0.183312445294
0.890270895863 0.1728431022
0.906209493591 0.162943785302
0.92214809132 0.153588300179
0.938086689048 0.144751136336
0.954025286776 0.136407467205
0.969963884504 0.128533150145
0.985902482233 0.121104726441
1.00184107996 0.114099421307
1.01777967769 0.10749514388
1.03371827542 0.101270487321
1.04965687315 0.0954047295176
1.06559547087 0.0898778327033
1.0815340686 0.0846704430395
1.09747266633 0.0797638906147
1.11341126406 0.0751401894443
1.12934986179 0.0707820374704
1.14528845952 0.066672816562
1.16122705724 0.0627965925145
1.17716565497 0.0591381150644
1.1931042527 0.0556828184205
1.20904285043 0.052416821427
1.22498144816 0.0493269269021
1.24092004588 0.0464006215911
1.25685864361 0.0436260761657
1.27279724134 0.0409921452246
1.28873583907 0.038488367293
1.3046744368 0.0361049648231
1.32061303453 0.0338328441938
1.33655163225 0.0316635959644
1.35249022998 0.029589495495
1.36842882771 0.0276035022604
1.38436742544 0.0256992596622
1.40030602317 0.0238710950287
1.4162446209 0.022114019615
1.43218321862 0.0204237286029
1.44812181635 0.018796601101
1.46406041408 0.0172297001446
1.47999901181 0.015720772771
1.49593760954 0.0142682507208
1.51187620727 0.0128712501193
1.52781480499 0.0115295710246
1.54375340272 0.0102436974215
1.55969200045 0.00901479722151
1.57563059818 0.00784472226308
1.59156919591 0.006736008311
1.60750779363 0.00569187505756
1.62344639136 0.00471622613031
1.63938498909 0.00381364958361
1.65532358682 0.0029894181628
1.67126218455 0.00224948849771
1.68720078228 0.0016005015637
1.70313938 0.00104978076372
1.71907797773 0.000605338232301
1.73501657546 0.000275856391014
1.75095517319 7.07341416833e-05
1.76689377092 0.0

kill_radius= 0.699
