slako_comment=
H xc=PW92 charge=0.0 conf:frauenheim r0=1.084
S xc=PW92 charge=0.0 conf:frauenheim r0=3.566
Wed Nov 25 11:35:32 2009 


H_S_table=
1.000000e-01 0. 0. 0. 0. 0. 0. 0. 0. 6.417415e-02 -1.789213e-01 0. 0. 0. 0. 0. 0. 0. 0. 6.078617e-02 4.791189e-01
3.020408e-01 0. 0. 0. 0. 0. 0. 0. 0. 2.743613e-02 -1.985611e-01 0. 0. 0. 0. 0. 0. 0. 0. 1.849906e-01 4.889468e-01
5.040816e-01 0. 0. 0. 0. 0. 0. 0. 0. -1.379833e-01 -3.267787e-01 0. 0. 0. 0. 0. 0. 0. 0. 3.066543e-01 5.052307e-01
7.061224e-01 0. 0. 0. 0. 0. 0. 0. 0. -3.077889e-01 -4.562721e-01 0. 0. 0. 0. 0. 0. 0. 0. 4.155308e-01 5.196824e-01
9.081633e-01 0. 0. 0. 0. 0. 0. 0. 0. -4.312889e-01 -5.392849e-01 0. 0. 0. 0. 0. 0. 0. 0. 5.020299e-01 5.246811e-01
1.110204e+00 0. 0. 0. 0. 0. 0. 0. 0. -5.007241e-01 -5.706287e-01 0. 0. 0. 0. 0. 0. 0. 0. 5.604218e-01 5.160612e-01
1.312245e+00 0. 0. 0. 0. 0. 0. 0. 0. -5.248447e-01 -5.608203e-01 0. 0. 0. 0. 0. 0. 0. 0. 5.891127e-01 4.929073e-01
1.514286e+00 0. 0. 0. 0. 0. 0. 0. 0. -5.162973e-01 -5.234442e-01 0. 0. 0. 0. 0. 0. 0. 0. 5.900450e-01 4.570190e-01
1.716327e+00 0. 0. 0. 0. 0. 0. 0. 0. -4.867121e-01 -4.704459e-01 0. 0. 0. 0. 0. 0. 0. 0. 5.677107e-01 4.118281e-01
1.918367e+00 0. 0. 0. 0. 0. 0. 0. 0. -4.450875e-01 -4.106891e-01 0. 0. 0. 0. 0. 0. 0. 0. 5.276549e-01 3.611746e-01
2.120408e+00 0. 0. 0. 0. 0. 0. 0. 0. -3.978818e-01 -3.503177e-01 0. 0. 0. 0. 0. 0. 0. 0. 4.758713e-01 3.088495e-01
2.322449e+00 0. 0. 0. 0. 0. 0. 0. 0. -3.493818e-01 -2.931680e-01 0. 0. 0. 0. 0. 0. 0. 0. 4.178698e-01 2.579992e-01
2.524490e+00 0. 0. 0. 0. 0. 0. 0. 0. -3.022795e-01 -2.413721e-01 0. 0. 0. 0. 0. 0. 0. 0. 3.582433e-01 2.108926e-01
2.726531e+00 0. 0. 0. 0. 0. 0. 0. 0. -2.581609e-01 -1.959029e-01 0. 0. 0. 0. 0. 0. 0. 0. 3.005363e-01 1.689677e-01
2.928571e+00 0. 0. 0. 0. 0. 0. 0. 0. -2.178735e-01 -1.569577e-01 0. 0. 0. 0. 0. 0. 0. 0. 2.471834e-01 1.328948e-01
3.130612e+00 0. 0. 0. 0. 0. 0. 0. 0. -1.817933e-01 -1.242580e-01 0. 0. 0. 0. 0. 0. 0. 0. 1.996260e-01 1.027450e-01
3.332653e+00 0. 0. 0. 0. 0. 0. 0. 0. -1.499987e-01 -9.725997e-02 0. 0. 0. 0. 0. 0. 0. 0. 1.585104e-01 7.817693e-02
3.534694e+00 0. 0. 0. 0. 0. 0. 0. 0. -1.223878e-01 -7.530066e-02 0. 0. 0. 0. 0. 0. 0. 0. 1.238826e-01 5.860312e-02
3.736735e+00 0. 0. 0. 0. 0. 0. 0. 0. -9.873559e-02 -5.767751e-02 0. 0. 0. 0. 0. 0. 0. 0. 9.537547e-02 4.331527e-02
3.938776e+00 0. 0. 0. 0. 0. 0. 0. 0. -7.874411e-02 -4.371111e-02 0. 0. 0. 0. 0. 0. 0. 0. 7.237971e-02 3.158742e-02
4.140816e+00 0. 0. 0. 0. 0. 0. 0. 0. -6.207420e-02 -3.277935e-02 0. 0. 0. 0. 0. 0. 0. 0. 5.417897e-02 2.274257e-02
4.342857e+00 0. 0. 0. 0. 0. 0. 0. 0. -4.835778e-02 -2.432178e-02 0. 0. 0. 0. 0. 0. 0. 0. 4.001653e-02 1.617226e-02
4.544898e+00 0. 0. 0. 0. 0. 0. 0. 0. -3.722411e-02 -1.785473e-02 0. 0. 0. 0. 0. 0. 0. 0. 2.917325e-02 1.136175e-02
4.746939e+00 0. 0. 0. 0. 0. 0. 0. 0. -2.830955e-02 -1.296756e-02 0. 0. 0. 0. 0. 0. 0. 0. 2.099982e-02 7.889009e-03
4.948980e+00 0. 0. 0. 0. 0. 0. 0. 0. -2.126871e-02 -9.316660e-03 0. 0. 0. 0. 0. 0. 0. 0. 1.492821e-02 5.414589e-03
5.151020e+00 0. 0. 0. 0. 0. 0. 0. 0. -1.578382e-02 -6.620989e-03 0. 0. 0. 0. 0. 0. 0. 0. 1.048189e-02 3.674051e-03
5.353061e+00 0. 0. 0. 0. 0. 0. 0. 0. -1.156945e-02 -4.653744e-03 0. 0. 0. 0. 0. 0. 0. 0. 7.270431e-03 2.464903e-03
5.555102e+00 0. 0. 0. 0. 0. 0. 0. 0. -8.375673e-03 -3.234915e-03 0. 0. 0. 0. 0. 0. 0. 0. 4.982174e-03 1.635181e-03
5.757143e+00 0. 0. 0. 0. 0. 0. 0. 0. -5.988364e-03 -2.223641e-03 0. 0. 0. 0. 0. 0. 0. 0. 3.373338e-03 1.072711e-03
5.959184e+00 0. 0. 0. 0. 0. 0. 0. 0. -4.228304e-03 -1.511370e-03 0. 0. 0. 0. 0. 0. 0. 0. 2.256817e-03 6.958891e-04
6.161224e+00 0. 0. 0. 0. 0. 0. 0. 0. -2.948356e-03 -1.015667e-03 0. 0. 0. 0. 0. 0. 0. 0. 1.491948e-03 4.464336e-04
6.363265e+00 0. 0. 0. 0. 0. 0. 0. 0. -2.030195e-03 -6.747951e-04 0. 0. 0. 0. 0. 0. 0. 0. 9.746637e-04 2.832317e-04
6.565306e+00 0. 0. 0. 0. 0. 0. 0. 0. -1.380499e-03 -4.432111e-04 0. 0. 0. 0. 0. 0. 0. 0. 6.292334e-04 1.777046e-04
6.767347e+00 0. 0. 0. 0. 0. 0. 0. 0. -9.269569e-04 -2.877581e-04 0. 0. 0. 0. 0. 0. 0. 0. 4.014462e-04 1.102587e-04
6.969388e+00 0. 0. 0. 0. 0. 0. 0. 0. -6.146210e-04 -1.846761e-04 0. 0. 0. 0. 0. 0. 0. 0. 2.531124e-04 6.765384e-05
7.171429e+00 0. 0. 0. 0. 0. 0. 0. 0. -4.023975e-04 -1.171421e-04 0. 0. 0. 0. 0. 0. 0. 0. 1.577090e-04 4.104951e-05
7.373469e+00 0. 0. 0. 0. 0. 0. 0. 0. -2.601166e-04 -7.343344e-05 0. 0. 0. 0. 0. 0. 0. 0. 9.710709e-05 2.462925e-05
7.575510e+00 0. 0. 0. 0. 0. 0. 0. 0. -1.659908e-04 -4.548741e-05 0. 0. 0. 0. 0. 0. 0. 0. 5.908232e-05 1.461106e-05
7.777551e+00 0. 0. 0. 0. 0. 0. 0. 0. -1.045410e-04 -2.783583e-05 0. 0. 0. 0. 0. 0. 0. 0. 3.551561e-05 8.569376e-06
7.979592e+00 0. 0. 0. 0. 0. 0. 0. 0. -6.494892e-05 -1.682096e-05 0. 0. 0. 0. 0. 0. 0. 0. 2.108734e-05 4.967627e-06
8.181633e+00 0. 0. 0. 0. 0. 0. 0. 0. -3.976054e-05 -1.002877e-05 0. 0. 0. 0. 0. 0. 0. 0. 1.235955e-05 2.844910e-06
8.383673e+00 0. 0. 0. 0. 0. 0. 0. 0. -2.395114e-05 -5.892424e-06 0. 0. 0. 0. 0. 0. 0. 0. 7.146177e-06 1.608632e-06
8.585714e+00 0. 0. 0. 0. 0. 0. 0. 0. -1.418049e-05 -3.408170e-06 0. 0. 0. 0. 0. 0. 0. 0. 4.071968e-06 8.972967e-07
8.787755e+00 0. 0. 0. 0. 0. 0. 0. 0. -8.248459e-06 -1.939429e-06 0. 0. 0. 0. 0. 0. 0. 0. 2.284182e-06 4.932673e-07
8.989796e+00 0. 0. 0. 0. 0. 0. 0. 0. -4.703636e-06 -1.083683e-06 0. 0. 0. 0. 0. 0. 0. 0. 1.259235e-06 2.668179e-07
9.191837e+00 0. 0. 0. 0. 0. 0. 0. 0. -2.629361e-06 -5.943931e-07 0. 0. 0. 0. 0. 0. 0. 0. 6.819517e-07 1.419416e-07
9.393878e+00 0. 0. 0. 0. 0. 0. 0. 0. -1.433975e-06 -3.186592e-07 0. 0. 0. 0. 0. 0. 0. 0. 3.614025e-07 7.400240e-08
9.595918e+00 0. 0. 0. 0. 0. 0. 0. 0. -7.618744e-07 -1.667155e-07 0. 0. 0. 0. 0. 0. 0. 0. 1.871323e-07 3.775156e-08
9.797959e+00 0. 0. 0. 0. 0. 0. 0. 0. -2.216066e-07 -4.795118e-08 0. 0. 0. 0. 0. 0. 0. 0. 5.341033e-08 1.885887e-08
1.000000e+01 0. 0. 0. 0. 0. 0. 0. 0. 0. 0. 0. 0. 0. 0. 0. 0. 0. 0. 0. 0.



S_H_table=
1.000000e-01 0. 0. 0. 0. 0. 0. 0. 0. 0. -1.801740e-01 0. 0. 0. 0. 0. 0. 0. 0. 0. 4.791189e-01
3.020408e-01 0. 0. 0. 0. 0. 0. 0. 0. 0. -1.991711e-01 0. 0. 0. 0. 0. 0. 0. 0. 0. 4.889468e-01
5.040816e-01 0. 0. 0. 0. 0. 0. 0. 0. 0. -3.264636e-01 0. 0. 0. 0. 0. 0. 0. 0. 0. 5.052307e-01
7.061224e-01 0. 0. 0. 0. 0. 0. 0. 0. 0. -4.556792e-01 0. 0. 0. 0. 0. 0. 0. 0. 0. 5.196824e-01
9.081633e-01 0. 0. 0. 0. 0. 0. 0. 0. 0. -5.387351e-01 0. 0. 0. 0. 0. 0. 0. 0. 0. 5.246811e-01
1.110204e+00 0. 0. 0. 0. 0. 0. 0. 0. 0. -5.702710e-01 0. 0. 0. 0. 0. 0. 0. 0. 0. 5.160612e-01
1.312245e+00 0. 0. 0. 0. 0. 0. 0. 0. 0. -5.606120e-01 0. 0. 0. 0. 0. 0. 0. 0. 0. 4.929073e-01
1.514286e+00 0. 0. 0. 0. 0. 0. 0. 0. 0. -5.232415e-01 0. 0. 0. 0. 0. 0. 0. 0. 0. 4.570190e-01
1.716327e+00 0. 0. 0. 0. 0. 0. 0. 0. 0. -4.703321e-01 0. 0. 0. 0. 0. 0. 0. 0. 0. 4.118281e-01
1.918367e+00 0. 0. 0. 0. 0. 0. 0. 0. 0. -4.105849e-01 0. 0. 0. 0. 0. 0. 0. 0. 0. 3.611746e-01
2.120408e+00 0. 0. 0. 0. 0. 0. 0. 0. 0. -3.502234e-01 0. 0. 0. 0. 0. 0. 0. 0. 0. 3.088495e-01
2.322449e+00 0. 0. 0. 0. 0. 0. 0. 0. 0. -2.931077e-01 0. 0. 0. 0. 0. 0. 0. 0. 0. 2.579992e-01
2.524490e+00 0. 0. 0. 0. 0. 0. 0. 0. 0. -2.413257e-01 0. 0. 0. 0. 0. 0. 0. 0. 0. 2.108926e-01
2.726531e+00 0. 0. 0. 0. 0. 0. 0. 0. 0. -1.958643e-01 0. 0. 0. 0. 0. 0. 0. 0. 0. 1.689677e-01
2.928571e+00 0. 0. 0. 0. 0. 0. 0. 0. 0. -1.569207e-01 0. 0. 0. 0. 0. 0. 0. 0. 0. 1.328948e-01
3.130612e+00 0. 0. 0. 0. 0. 0. 0. 0. 0. -1.242291e-01 0. 0. 0. 0. 0. 0. 0. 0. 0. 1.027450e-01
3.332653e+00 0. 0. 0. 0. 0. 0. 0. 0. 0. -9.723284e-02 0. 0. 0. 0. 0. 0. 0. 0. 0. 7.817693e-02
3.534694e+00 0. 0. 0. 0. 0. 0. 0. 0. 0. -7.528270e-02 0. 0. 0. 0. 0. 0. 0. 0. 0. 5.860312e-02
3.736735e+00 0. 0. 0. 0. 0. 0. 0. 0. 0. -5.766780e-02 0. 0. 0. 0. 0. 0. 0. 0. 0. 4.331527e-02
3.938776e+00 0. 0. 0. 0. 0. 0. 0. 0. 0. -4.370125e-02 0. 0. 0. 0. 0. 0. 0. 0. 0. 3.158742e-02
4.140816e+00 0. 0. 0. 0. 0. 0. 0. 0. 0. -3.277485e-02 0. 0. 0. 0. 0. 0. 0. 0. 0. 2.274257e-02
4.342857e+00 0. 0. 0. 0. 0. 0. 0. 0. 0. -2.431995e-02 0. 0. 0. 0. 0. 0. 0. 0. 0. 1.617226e-02
4.544898e+00 0. 0. 0. 0. 0. 0. 0. 0. 0. -1.785092e-02 0. 0. 0. 0. 0. 0. 0. 0. 0. 1.136175e-02
4.746939e+00 0. 0. 0. 0. 0. 0. 0. 0. 0. -1.296543e-02 0. 0. 0. 0. 0. 0. 0. 0. 0. 7.889009e-03
4.948980e+00 0. 0. 0. 0. 0. 0. 0. 0. 0. -9.315313e-03 0. 0. 0. 0. 0. 0. 0. 0. 0. 5.414589e-03
5.151020e+00 0. 0. 0. 0. 0. 0. 0. 0. 0. -6.620046e-03 0. 0. 0. 0. 0. 0. 0. 0. 0. 3.674051e-03
5.353061e+00 0. 0. 0. 0. 0. 0. 0. 0. 0. -4.653169e-03 0. 0. 0. 0. 0. 0. 0. 0. 0. 2.464903e-03
5.555102e+00 0. 0. 0. 0. 0. 0. 0. 0. 0. -3.234322e-03 0. 0. 0. 0. 0. 0. 0. 0. 0. 1.635181e-03
5.757143e+00 0. 0. 0. 0. 0. 0. 0. 0. 0. -2.223493e-03 0. 0. 0. 0. 0. 0. 0. 0. 0. 1.072711e-03
5.959184e+00 0. 0. 0. 0. 0. 0. 0. 0. 0. -1.511248e-03 0. 0. 0. 0. 0. 0. 0. 0. 0. 6.958891e-04
6.161224e+00 0. 0. 0. 0. 0. 0. 0. 0. 0. -1.015591e-03 0. 0. 0. 0. 0. 0. 0. 0. 0. 4.464336e-04
6.363265e+00 0. 0. 0. 0. 0. 0. 0. 0. 0. -6.747353e-04 0. 0. 0. 0. 0. 0. 0. 0. 0. 2.832317e-04
6.565306e+00 0. 0. 0. 0. 0. 0. 0. 0. 0. -4.431970e-04 0. 0. 0. 0. 0. 0. 0. 0. 0. 1.777046e-04
6.767347e+00 0. 0. 0. 0. 0. 0. 0. 0. 0. -2.877490e-04 0. 0. 0. 0. 0. 0. 0. 0. 0. 1.102587e-04
6.969388e+00 0. 0. 0. 0. 0. 0. 0. 0. 0. -1.846880e-04 0. 0. 0. 0. 0. 0. 0. 0. 0. 6.765384e-05
7.171429e+00 0. 0. 0. 0. 0. 0. 0. 0. 0. -1.171514e-04 0. 0. 0. 0. 0. 0. 0. 0. 0. 4.104951e-05
7.373469e+00 0. 0. 0. 0. 0. 0. 0. 0. 0. -7.345160e-05 0. 0. 0. 0. 0. 0. 0. 0. 0. 2.462925e-05
7.575510e+00 0. 0. 0. 0. 0. 0. 0. 0. 0. -4.551460e-05 0. 0. 0. 0. 0. 0. 0. 0. 0. 1.461106e-05
7.777551e+00 0. 0. 0. 0. 0. 0. 0. 0. 0. -2.787388e-05 0. 0. 0. 0. 0. 0. 0. 0. 0. 8.569376e-06
7.979592e+00 0. 0. 0. 0. 0. 0. 0. 0. 0. -1.687028e-05 0. 0. 0. 0. 0. 0. 0. 0. 0. 4.967627e-06
8.181633e+00 0. 0. 0. 0. 0. 0. 0. 0. 0. -1.009007e-05 0. 0. 0. 0. 0. 0. 0. 0. 0. 2.844910e-06
8.383673e+00 0. 0. 0. 0. 0. 0. 0. 0. 0. -5.964316e-06 0. 0. 0. 0. 0. 0. 0. 0. 0. 1.608632e-06
8.585714e+00 0. 0. 0. 0. 0. 0. 0. 0. 0. -3.483734e-06 0. 0. 0. 0. 0. 0. 0. 0. 0. 8.972967e-07
8.787755e+00 0. 0. 0. 0. 0. 0. 0. 0. 0. -2.010199e-06 0. 0. 0. 0. 0. 0. 0. 0. 0. 4.932673e-07
8.989796e+00 0. 0. 0. 0. 0. 0. 0. 0. 0. -1.145255e-06 0. 0. 0. 0. 0. 0. 0. 0. 0. 2.668179e-07
9.191837e+00 0. 0. 0. 0. 0. 0. 0. 0. 0. -6.439326e-07 0. 0. 0. 0. 0. 0. 0. 0. 0. 1.419416e-07
9.393878e+00 0. 0. 0. 0. 0. 0. 0. 0. 0. -3.566668e-07 0. 0. 0. 0. 0. 0. 0. 0. 0. 7.400240e-08
9.595918e+00 0. 0. 0. 0. 0. 0. 0. 0. 0. -1.944226e-07 0. 0. 0. 0. 0. 0. 0. 0. 0. 3.775156e-08
9.797959e+00 0. 0. 0. 0. 0. 0. 0. 0. 0. -5.758167e-08 0. 0. 0. 0. 0. 0. 0. 0. 0. 1.885887e-08
1.000000e+01 0. 0. 0. 0. 0. 0. 0. 0. 0. 0. 0. 0. 0. 0. 0. 0. 0. 0. 0. 0.



repulsion_fitting_comment=
Repulsive potential generated by fitting function 'fit_smoothing_spline'
The systems used to produce this fit:
parameters r_cut = 1.7000, s = 2.5000, k =   3


repulsion_comment=
Wed Nov 25 13:18:24 2009


fitting=


repulsion=
0.18897259582 7.18063774025
0.219513621407 6.86775925371
0.250054646994 6.56555659448
0.280595672581 6.27377885963
0.311136698168 5.99217816373
0.341677723755 5.72050963909
0.372218749342 5.45853143565
0.40275977493 5.20600472103
0.433300800517 4.96269368054
0.463841826104 4.72836551714
0.494382851691 4.50279045145
0.524923877278 4.28574172178
0.555464902865 4.0769955841
0.586005928452 3.87633131205
0.616546954039 3.68353119694
0.647087979626 3.49838054788
0.677629005213 3.32066769217
0.7081700308 3.15018397492
0.738711056387 2.9867237589
0.769252081974 2.83008442454
0.799793107561 2.68006636996
0.830334133149 2.53647301093
0.860875158736 2.39911078091
0.891416184323 2.26778913101
0.92195720991 2.14232053003
0.952498235497 2.02252046441
0.983039261084 1.90820743829
1.01358028667 1.79920297346
1.04412131226 1.69533160939
1.07466233785 1.59642090322
1.10520336343 1.50230142974
1.13574438902 1.41280678144
1.16628541461 1.32777356858
1.19682644019 1.24704141964
1.22736746578 1.17045298088
1.25790849137 1.09785391623
1.28844951695 1.02909290731
1.31899054254 0.964021653373
1.34953156813 0.902494871376
1.38007259372 0.84437029593
1.4106136193 0.789508679317
1.44115464489 0.737773791489
1.47169567048 0.689032420068
1.50223669606 0.643154370346
1.53277772165 0.600012465282
1.56331874724 0.559482545508
1.59385977283 0.521443469322
1.62440079841 0.485777112693
1.654941824 0.452368369261
1.68548284959 0.421105150464
1.71602387517 0.391878385932
1.74656490076 0.364582023094
1.77710592635 0.339113027051
1.80764695193 0.31537138057
1.83818797752 0.29326008409
1.86872900311 0.27268515572
1.8992700287 0.253555631236
1.92981105428 0.235783564086
1.96035207987 0.219284025384
1.99089310546 0.203975103919
2.02143413104 0.189777906144
2.05197515663 0.176616556184
2.08251618222 0.164418195834
2.11305720781 0.153112984558
2.14359823339 0.142634099488
2.17413925898 0.132917735428
2.20468028457 0.12390310498
2.23522131015 0.115532438938
2.26576233574 0.107750985897
2.29630336133 0.100507012119
2.32684438692 0.0937518015385
2.3573854125 0.087439655757
2.38792643809 0.0815278940468
2.41846746368 0.0759768533492
2.44900848926 0.0707498882754
2.47954951485 0.0658133711057
2.51009054044 0.0611366917901
2.54063156602 0.056692257948
2.57117259161 0.0524554948684
2.6017136172 0.0484048455097
2.63225464279 0.0445217704997
2.66279566837 0.0407907481359
2.69333669396 0.0371992743852
2.72387771955 0.0337378630144
2.75441874513 0.0304000459817
2.78495977072 0.0271823730452
2.81550079631 0.0240844116327
2.8460418219 0.0211087468412
2.87658284748 0.0182609814377
2.90712387307 0.0155497358567
2.93766489866 0.01298664821
2.96820592424 0.0105863742506
2.99874694983 0.00836658749936
3.02928797542 0.00634797881577
3.059829001 0.00455425780064
3.09037002659 0.00301214840418
3.12091105218 0.00175140195322
3.15145207777 0.000804761340558
3.18199310335 0.000208047957666
3.21253412894 0.0

kill_radius= 1.281
