slako_comment=
S xc=PW92 charge=0.0 conf:frauenheim r0=3.566
Wed Nov 25 11:07:08 2009 


S_S_table=
1.000000e-01 0. 0. 0. 0. 0. -2.222425e+00 -2.549739e+00 0. 4.340644e-01 -2.884260e+00 0. 0. 0. 0. 0. 9.848369e-01 9.947176e-01 0. 4.024078e-02 9.909449e-01
3.020408e-01 0. 0. 0. 0. 0. -5.770528e-01 -1.734405e+00 0. -2.864084e-01 -1.813477e+00 0. 0. 0. 0. 0. 8.916483e-01 9.595889e-01 0. 1.298809e-01 9.470749e-01
5.040816e-01 0. 0. 0. 0. 0. -1.087954e-01 -1.141831e+00 0. -5.952086e-01 -1.549366e+00 0. 0. 0. 0. 0. 7.794488e-01 9.096711e-01 0. 2.039981e-01 8.872999e-01
7.061224e-01 0. 0. 0. 0. 0. -2.388024e-01 -8.599574e-01 0. -4.357520e-01 -1.186095e+00 0. 0. 0. 0. 0. 6.703937e-01 8.567027e-01 0. 2.543481e-01 8.166282e-01
9.081633e-01 0. 0. 0. 0. 0. -3.799322e-01 -7.394798e-01 0. -2.690720e-01 -8.960916e-01 0. 0. 0. 0. 0. 5.553167e-01 8.025444e-01 0. 2.942883e-01 7.475397e-01
1.110204e+00 0. 0. 0. 0. 0. -3.807516e-01 -6.761798e-01 0. -2.261389e-01 -7.451421e-01 0. 0. 0. 0. 0. 4.267514e-01 7.460102e-01 0. 3.340580e-01 6.882086e-01
1.312245e+00 0. 0. 0. 0. 0. -2.719932e-01 -6.232444e-01 0. -2.751928e-01 -6.896515e-01 0. 0. 0. 0. 0. 2.866557e-01 6.860832e-01 0. 3.750005e-01 6.389228e-01
1.514286e+00 0. 0. 0. 0. 0. -1.166595e-01 -5.661694e-01 0. -3.583821e-01 -6.734570e-01 0. 0. 0. 0. 0. 1.432154e-01 6.231448e-01 0. 4.132889e-01 5.960633e-01
1.716327e+00 0. 0. 0. 0. 0. 3.808567e-02 -5.039736e-01 0. -4.356575e-01 -6.607169e-01 0. 0. 0. 0. 0. 6.218266e-03 5.584351e-01 0. 4.439812e-01 5.554399e-01
1.918367e+00 0. 0. 0. 0. 0. 1.663773e-01 -4.398495e-01 0. -4.877979e-01 -6.355681e-01 0. 0. 0. 0. 0. -1.156910e-01 4.936957e-01 0. 4.632381e-01 5.140687e-01
2.120408e+00 0. 0. 0. 0. 0. 2.595284e-01 -3.773513e-01 0. -5.106616e-01 -5.952453e-01 0. 0. 0. 0. 0. -2.166979e-01 4.306048e-01 0. 4.692715e-01 4.706018e-01
2.322449e+00 0. 0. 0. 0. 0. 3.184286e-01 -3.191583e-01 0. -5.076847e-01 -5.430046e-01 0. 0. 0. 0. 0. -2.939885e-01 3.707418e-01 0. 4.622646e-01 4.251521e-01
2.524490e+00 0. 0. 0. 0. 0. 3.483981e-01 -2.667785e-01 0. -4.851279e-01 -4.838123e-01 0. 0. 0. 0. 0. -3.472104e-01 3.152687e-01 0. 4.436895e-01 3.785827e-01
2.726531e+00 0. 0. 0. 0. 0. 3.561211e-01 -2.208012e-01 0. -4.495414e-01 -4.223951e-01 0. 0. 0. 0. 0. -3.779912e-01 2.649173e-01 0. 4.158720e-01 3.321612e-01
2.928571e+00 0. 0. 0. 0. 0. 3.478900e-01 -1.812017e-01 0. -4.065120e-01 -3.623859e-01 0. 0. 0. 0. 0. -3.891917e-01 2.200574e-01 0. 3.814452e-01 2.871806e-01
3.130612e+00 0. 0. 0. 0. 0. 3.289893e-01 -1.476285e-01 0. -3.603633e-01 -3.062598e-01 0. 0. 0. 0. 0. -3.843747e-01 1.808283e-01 0. 3.430439e-01 2.447959e-01
3.332653e+00 0. 0. 0. 0. 0. 3.035546e-01 -1.194737e-01 0. -3.141723e-01 -2.554149e-01 0. 0. 0. 0. 0. -3.672034e-01 1.470170e-01 0. 3.029422e-01 2.058070e-01
3.534694e+00 0. 0. 0. 0. 0. 2.747108e-01 -9.610888e-02 0. -2.700311e-01 -2.105324e-01 0. 0. 0. 0. 0. -3.412997e-01 1.183309e-01 0. 2.631008e-01 1.707773e-01
3.736735e+00 0. 0. 0. 0. 0. 2.446755e-01 -7.687568e-02 0. -2.292050e-01 -1.717051e-01 0. 0. 0. 0. 0. -3.098339e-01 9.432080e-02 0. 2.249709e-01 1.399379e-01
3.938776e+00 0. 0. 0. 0. 0. 2.149626e-01 -6.114884e-02 0. -1.923631e-01 -1.386628e-01 0. 0. 0. 0. 0. -2.754554e-01 7.446396e-02 0. 1.895541e-01 1.132736e-01
4.140816e+00 0. 0. 0. 0. 0. 1.866547e-01 -4.838055e-02 0. -1.598090e-01 -1.109804e-01 0. 0. 0. 0. 0. -2.404342e-01 5.825682e-02 0. 1.575574e-01 9.064512e-02
4.342857e+00 0. 0. 0. 0. 0. 1.603388e-01 -3.806740e-02 0. -1.314966e-01 -8.805954e-02 0. 0. 0. 0. 0. -2.063335e-01 4.516141e-02 0. 1.292549e-01 7.172297e-02
4.544898e+00 0. 0. 0. 0. 0. 1.363704e-01 -2.978886e-02 0. -1.072256e-01 -6.929854e-02 0. 0. 0. 0. 0. -1.743166e-01 3.470162e-02 0. 1.047177e-01 5.613509e-02
4.746939e+00 0. 0. 0. 0. 0. 1.149293e-01 -2.318422e-02 0. -8.669513e-02 -5.411477e-02 0. 0. 0. 0. 0. -1.451807e-01 2.643984e-02 0. 8.385162e-02 4.348533e-02
4.948980e+00 0. 0. 0. 0. 0. 9.600251e-02 -1.794219e-02 0. -6.951769e-02 -4.193712e-02 0. 0. 0. 0. 0. -1.192864e-01 1.997550e-02 0. 6.638343e-02 3.334688e-02
5.151020e+00 0. 0. 0. 0. 0. 7.950105e-02 -1.380301e-02 0. -5.529519e-02 -3.225800e-02 0. 0. 0. 0. 0. -9.676181e-02 1.496473e-02 0. 5.198052e-02 2.532158e-02
5.353061e+00 0. 0. 0. 0. 0. 6.528391e-02 -1.055753e-02 0. -4.363830e-02 -2.463354e-02 0. 0. 0. 0. 0. -7.754562e-02 1.112152e-02 0. 4.027632e-02 1.904591e-02
5.555102e+00 0. 0. 0. 0. 0. 5.315923e-02 -8.025610e-03 0. -3.417076e-02 -1.867532e-02 0. 0. 0. 0. 0. -6.142452e-02 8.198732e-03 0. 3.088807e-02 1.419223e-02
5.757143e+00 0. 0. 0. 0. 0. 4.293329e-02 -6.063161e-03 0. -2.655441e-02 -1.405954e-02 0. 0. 0. 0. 0. -4.812629e-02 5.996964e-03 0. 2.345862e-02 1.048197e-02
5.959184e+00 0. 0. 0. 0. 0. 3.438435e-02 -4.552015e-03 0. -2.047737e-02 -1.050907e-02 0. 0. 0. 0. 0. -3.730039e-02 4.352717e-03 0. 1.764312e-02 7.672584e-03
6.161224e+00 0. 0. 0. 0. 0. 2.730915e-02 -3.395220e-03 0. -1.567100e-02 -7.799965e-03 0. 0. 0. 0. 0. -2.861245e-02 3.134899e-03 0. 1.314531e-02 5.567768e-03
6.363265e+00 0. 0. 0. 0. 0. 2.150848e-02 -2.515585e-03 0. -1.190135e-02 -5.748313e-03 0. 0. 0. 0. 0. -2.172799e-02 2.240647e-03 0. 9.704278e-03 4.006032e-03
6.565306e+00 0. 0. 0. 0. 0. 1.680077e-02 -1.851518e-03 0. -8.970753e-03 -4.207091e-03 0. 0. 0. 0. 0. -1.634255e-02 1.589630e-03 0. 7.101059e-03 2.858855e-03
6.767347e+00 0. 0. 0. 0. 0. 1.301026e-02 -1.353177e-03 0. -6.709077e-03 -3.056673e-03 0. 0. 0. 0. 0. -1.217207e-02 1.119058e-03 0. 5.149267e-03 2.022979e-03
6.969388e+00 0. 0. 0. 0. 0. 9.993500e-03 -9.823033e-04 0. -4.980563e-03 -2.205838e-03 0. 0. 0. 0. 0. -8.985459e-03 7.821756e-04 0. 3.703149e-03 1.420491e-03
7.171429e+00 0. 0. 0. 0. 0. 7.610127e-03 -7.080796e-04 0. -3.668592e-03 -1.580271e-03 0. 0. 0. 0. 0. -6.571354e-03 5.426576e-04 0. 2.640024e-03 9.892977e-04
7.373469e+00 0. 0. 0. 0. 0. 5.746434e-03 -5.067607e-04 0. -2.681550e-03 -1.124092e-03 0. 0. 0. 0. 0. -4.763347e-03 3.737340e-04 0. 1.866515e-03 6.836282e-04
7.575510e+00 0. 0. 0. 0. 0. 4.303039e-03 -3.601671e-04 0. -1.945187e-03 -7.939871e-04 0. 0. 0. 0. 0. -3.423066e-03 2.555815e-04 0. 1.308962e-03 4.688041e-04
7.777551e+00 0. 0. 0. 0. 0. 3.194427e-03 -2.540376e-04 0. -1.399986e-03 -5.567241e-04 0. 0. 0. 0. 0. -2.438330e-03 1.734500e-04 0. 9.103709e-04 3.189725e-04
7.979592e+00 0. 0. 0. 0. 0. 2.351851e-03 -1.779462e-04 0. -9.999867e-04 -3.876353e-04 0. 0. 0. 0. 0. -1.722538e-03 1.169184e-04 0. 6.282196e-04 2.154293e-04
8.181633e+00 0. 0. 0. 0. 0. 1.716254e-03 -1.236907e-04 0. -7.085867e-04 -2.678763e-04 0. 0. 0. 0. 0. -1.206230e-03 7.821738e-05 0. 4.299274e-04 1.443525e-04
8.383673e+00 0. 0. 0. 0. 0. 1.242133e-03 -8.535149e-05 0. -4.983288e-04 -1.838305e-04 0. 0. 0. 0. 0. -8.379593e-04 5.195492e-05 0. 2.920051e-04 9.603409e-05
8.585714e+00 0. 0. 0. 0. 0. 8.913625e-04 -5.845166e-05 0. -3.476665e-04 -1.252101e-04 0. 0. 0. 0. 0. -5.772046e-04 3.426026e-05 0. 1.967338e-04 6.339891e-05
8.787755e+00 0. 0. 0. 0. 0. 6.342719e-04 -3.972388e-05 0. -2.406559e-04 -8.466673e-05 0. 0. 0. 0. 0. -3.944407e-04 2.242962e-05 0. 1.315434e-04 4.155242e-05
8.989796e+00 0. 0. 0. 0. 0. 4.474357e-04 -2.679493e-05 0. -1.652110e-04 -5.681890e-05 0. 0. 0. 0. 0. -2.673387e-04 1.457978e-05 0. 8.726450e-05 2.702972e-05
9.191837e+00 0. 0. 0. 0. 0. 3.128615e-04 -1.792872e-05 0. -1.124865e-04 -3.783720e-05 0. 0. 0. 0. 0. -1.796892e-04 9.404673e-06 0. 5.743091e-05 1.744907e-05
9.393878e+00 0. 0. 0. 0. 0. 2.169424e-04 -1.190585e-05 0. -7.597721e-05 -2.501178e-05 0. 0. 0. 0. 0. -1.198338e-04 6.023863e-06 0. 3.751212e-05 1.118312e-05
9.595918e+00 0. 0. 0. 0. 0. 1.146223e-04 -7.845569e-06 0. -3.941368e-05 -1.640784e-05 0. 0. 0. 0. 0. -7.926433e-05 3.830028e-06 0. 2.430996e-05 7.113392e-06
9.797959e+00 0. 0. 0. 0. 0. 3.320644e-05 -2.599913e-06 0. -1.126493e-05 -5.424832e-06 0. 0. 0. 0. 0. -2.631730e-05 1.245696e-06 0. 7.986968e-06 2.314127e-06
1.000000e+01 0. 0. 0. 0. 0. 0. 0. 0. 0. 0. 0. 0. 0. 0. 0. 0. 0. 0. 0. 0.



repulsion_fitting_comment=
Repulsive potential generated by fitting function 'fit_smoothing_spline'
The systems used to produce this fit:
parameters r_cut = 2.5000, s = 10.0000, k =   3


repulsion_comment=
S6-ring|S8-ring
Wed Nov 25 13:17:52 2009


fitting=


repulsion=
0.18897259582 8.40404215546
0.234784134201 8.05095861844
0.280595672581 7.70921274151
0.326407210962 7.37855752165
0.372218749342 7.05874868989
0.418030287723 6.74954471226
0.463841826104 6.45070678939
0.509653364484 6.16199885665
0.555464902865 5.8831875841
0.601276441246 5.61404237653
0.647087979626 5.35433537341
0.692899518007 5.10384144894
0.738711056387 4.86233821201
0.784522594768 4.62960600622
0.830334133149 4.40542790988
0.876145671529 4.18958973601
0.92195720991 3.98188003233
0.96776874829 3.78209008127
1.01358028667 3.59001389998
1.05939182505 3.40544824028
1.10520336343 3.22819258874
1.15101490181 3.05804916661
1.19682644019 2.89482292986
1.24263797857 2.73832156915
1.28844951695 2.58835550987
1.33426105534 2.44473791212
1.38007259372 2.30728467089
1.4258841321 2.17581441586
1.47169567048 2.05014851146
1.51750720886 1.93011105679
1.56331874724 1.81552888569
1.60913028562 1.70623156668
1.654941824 1.60205140301
1.70075336238 1.50282343262
1.74656490076 1.40838542816
1.79237643914 1.31857789699
1.83818797752 1.23324408118
1.8839995159 1.1522299575
1.92981105428 1.07538423742
1.97562259266 1.00255836714
2.02143413104 0.933606527541
2.06724566943 0.868385634232
2.11305720781 0.806755337517
2.15886874619 0.74857802241
2.20468028457 0.693718808629
2.25049182295 0.642045550602
2.29630336133 0.593428837464
2.34211489971 0.547741993054
2.38792643809 0.504861075921
2.43373797647 0.464664879319
2.47954951485 0.427034931242
2.52536105323 0.391855494532
2.57117259161 0.359013566768
2.61698412999 0.328398880238
2.66279566837 0.299903901937
2.70860720675 0.273423833567
2.75441874513 0.248856611535
2.80023028351 0.226102906956
2.8460418219 0.205066125651
2.89185336028 0.185652408151
2.93766489866 0.167770629689
2.98347643704 0.151332400208
3.02928797542 0.136252064358
3.0750995138 0.122446701494
3.12091105218 0.109836125678
3.16672259056 0.09834288568
3.21253412894 0.0878922649767
3.25834566732 0.0784122817509
3.3041572057 0.0698336888926
3.34996874408 0.0620899739985
3.39578028246 0.0551173593722
3.44159182084 0.048854802024
3.48740335922 0.0432439936711
3.5332148976 0.0382293607376
3.57902643599 0.0337580643543
3.62483797437 0.0297800003932
3.67064951275 0.0262477995705
3.71646105113 0.0231168273436
3.76227258951 0.0203451838765
3.80808412789 0.0178937040404
3.85389566627 0.015725957413
3.89970720465 0.0138082482789
3.94551874303 0.0121096156296
3.99133028141 0.0106018331633
4.03714181979 0.00925940928511
4.08295335817 0.00805958710694
4.12876489655 0.00698234444751
4.17457643493 0.00601039383226
4.22038797331 0.00512918249386
4.26619951169 0.0043268923703
4.31201105007 0.00359444011164
4.35782258846 0.00292547705694
4.40363412684 0.0023163893112
4.44944566522 0.00176629749438
4.4952572036 0.00127705753862
4.54106874198 0.000853258241372
4.58688028036 0.000502228433315
4.63269181874 0.000234017382275
4.67850335712 6.14424100283e-05
4.7243148955 0.0

kill_radius= 1.984
