

# N N repulsion (fit to N-N, 7.6 2005)
# 110
repulsion=
      0.000000000000     64.491813442004
      0.155555556501     43.523424480244
      0.311111113002     29.372541682224
      0.466666669503     19.822571757092
      0.622222226004     13.377608084316
      0.777777782505      9.028112005373
      0.933333339007      6.092778758941
      1.088888895508      4.111817950787
      1.244444452009      2.774932018597
      1.400000008510      1.872711243541
      1.500000010000      1.453918309862
      1.517171727071      1.392626756131
      1.534343444141      1.333652104514
      1.551515161212      1.277464279586
      1.568686878283      1.224012744082
      1.585858595354      1.173226665445
      1.603030312424      1.125014915826
      1.620202029495      1.079266072082
      1.637373746566      1.035848415782
      1.654545463636      0.994609933354
      1.671717180707      0.955380480577
      1.688888897778      0.917989645809
      1.706060614848      0.882281063518
      1.723232331919      0.848113372404
      1.740404048990      0.815360215407
      1.757575766061      0.783910239698
      1.774747483131      0.753667096684
      1.791919200202      0.724549442007
      1.809090917273      0.696490934383
      1.826262634343      0.669439015367
      1.843434351414      0.643347444118
      1.860606068485      0.618171608122
      1.877777785556      0.593868306004
      1.894949502626      0.570395747520
      1.912121219697      0.547713553563
      1.929292936768      0.525782756157
      1.946464653838      0.504565798465
      1.963636370909      0.484026535954
      1.980808087980      0.464130556953
      1.997979805051      0.444846659275
      2.015151522121      0.426147575882
      2.032323239192      0.408009996969
      2.049494956263      0.390414569966
      2.066666673333      0.373345899532
      2.083838390404      0.356792547564
      2.101010107475      0.340747033188
      2.118181824545      0.325205822987
      2.135353541616      0.310168227550
      2.152525258687      0.295632521187
      2.169696975758      0.281594456869
      2.186868692828      0.268047238796
      2.204040409899      0.254981522402
      2.221212126970      0.242385414349
      2.238383844040      0.230244472532
      2.255555561111      0.218541706077
      2.272727278182      0.207257594869
      2.289898995253      0.196371239854
      2.307070712323      0.185863485201
      2.324242429394      0.175717841894
      2.341414146465      0.165920496858
      2.358585863535      0.156460312959
      2.375757580606      0.147328829005
      2.392929297677      0.138520259742
      2.410101014747      0.130031495862
      2.427272731818      0.121859824833
      2.444444448889      0.113998993992
      2.461616165960      0.106449461376
      2.478787883030      0.099211640896
      2.495959600101      0.092285296274
      2.513131317172      0.085669541044
      2.530303034242      0.079362838551
      2.547474751313      0.073363001953
      2.564646468384      0.067667194217
      2.581818185455      0.062271928125
      2.598989902525      0.057173066267
      2.616161619596      0.052365821048
      2.633333336667      0.047844754682
      2.650505053737      0.043603779197
      2.667676770808      0.039636156429
      2.684848487879      0.035934498030
      2.702020204949      0.032490765460
      2.719191922020      0.029296269993
      2.736363639091      0.026341672712
      2.753535356162      0.023616984516
      2.770707073232      0.021111566110
      2.787878790303      0.018814128015
      2.805050507374      0.016712736509
      2.822222224444      0.014795034337
      2.839393941515      0.013048768670
      2.856565658586      0.011462184420
      2.873737375657      0.010024072993
      2.890909092727      0.008723772294
      2.908080809798      0.007551166721
      2.925252526869      0.006496687172
      2.942424243939      0.005551311041
      2.959595961010      0.004706562218
      2.976767678081      0.003954511089
      2.993939395152      0.003287774539
      3.011111112222      0.002699515947
      3.028282829293      0.002183445190
      3.045454546364      0.001733818643
      3.062626263434      0.001345439175
      3.079797980505      0.001013656153
      3.096969697576      0.000734365440
      3.114141414646      0.000504009398
      3.131313131717      0.000319576883
      3.148484848788      0.000178603248
      3.165656565859      0.000079170344
      3.182828282929      0.000019906518
      3.200000000000      0.000000000000



# N N  Slater-Koster 0 0 0 0 0  (6.6 2005)
N_N_table=
    0.0000000001E+00   0 0 0 0 0   -0.2327501353E+01    -0.2327995842E+01     0     0.3860625606E-03    -0.3494028740E+01   0 0 0 0 0    0.9999999904E+00     0.9999999433E+00     0    -0.1321220189E-05     0.9999997045E+00
    0.3999999911E-01   0 0 0 0 0   -0.2312252192E+01    -0.2322738191E+01     0     0.1419224227E+00    -0.3416251035E+01   0 0 0 0 0    0.9977077976E+00     0.9992354689E+00     0     0.1156346462E-01     0.9985703990E+00
    0.7999999821E-01   0 0 0 0 0   -0.2266435894E+01    -0.2307239267E+01     0     0.2664073680E+00    -0.3224021664E+01   0 0 0 0 0    0.9908691851E+00     0.9969496484E+00     0     0.2340819076E-01     0.9944205860E+00
    0.1199999973E+00   0 0 0 0 0   -0.2193851871E+01    -0.2282227697E+01     0     0.3648767156E+00    -0.2976029045E+01   0 0 0 0 0    0.9795942359E+00     0.9931647815E+00     0     0.3577580019E-01     0.9878905091E+00
    0.1599999964E+00   0 0 0 0 0   -0.2098759151E+01    -0.2248669264E+01     0     0.4341651882E+00    -0.2710665381E+01   0 0 0 0 0    0.9640572410E+00     0.9879166223E+00     0     0.4885268540E-01     0.9794073492E+00
    0.1999999955E+00   0 0 0 0 0   -0.1985657477E+01    -0.2207640017E+01     0     0.4746553265E+00    -0.2451200413E+01   0 0 0 0 0    0.9444862096E+00     0.9812527349E+00     0     0.6276227634E-01     0.9694096938E+00
    0.2399999946E+00   0 0 0 0 0   -0.1858913626E+01    -0.2160241433E+01     0     0.4887266044E+00    -0.2210821176E+01   0 0 0 0 0    0.9211517850E+00     0.9732306818E+00     0     0.7756686757E-01     0.9583048867E+00
    0.2799999937E+00   0 0 0 0 0   -0.1722547919E+01    -0.2107546452E+01     0     0.4797692073E+00    -0.1996137626E+01   0 0 0 0 0    0.8943564934E+00     0.9639161970E+00     0     0.9327386509E-01     0.9464475157E+00
    0.3199999928E+00   0 0 0 0 0   -0.1580127806E+01    -0.2050566477E+01     0     0.4515636377E+00    -0.1809558100E+01   0 0 0 0 0    0.8644248638E+00     0.9533814357E+00     0     0.1098441204E+00     0.9341311059E+00
    0.3599999920E+00   0 0 0 0 0   -0.1434729077E+01    -0.1990232597E+01     0     0.4078978173E+00    -0.1650886935E+01   0 0 0 0 0    0.8316946802E+00     0.9417033548E+00     0     0.1272009174E+00     0.9215877922E+00
    0.3999999911E+00   0 0 0 0 0   -0.1288939208E+01    -0.1927386472E+01     0     0.3523398639E+00    -0.1518394280E+01   0 0 0 0 0    0.7965094605E+00     0.9289622509E+00     0     0.1452387525E+00     0.9089925567E+00
    0.4399999902E+00   0 0 0 0 0   -0.1144885920E+01    -0.1862777754E+01     0     0.2881140402E+00    -0.1409526984E+01   0 0 0 0 0    0.7592121479E+00     0.9152404680E+00     0     0.1638314185E+00     0.8964698249E+00
    0.4799999893E+00   0 0 0 0 0   -0.1004279390E+01    -0.1797065800E+01     0     0.2180451584E+00    -0.1321373614E+01   0 0 0 0 0    0.7201399397E+00     0.9006212737E+00     0     0.1828391438E+00     0.8841010148E+00
    0.5199999884E+00   0 0 0 0 0   -0.8684601725E+00    -0.1730824109E+01     0     0.1445474170E+00    -0.1250960263E+01   0 0 0 0 0    0.6796201452E+00     0.8851878958E+00     0     0.2021146976E+00     0.8719321694E+00
    0.5599999875E+00   0 0 0 0 0   -0.7384476799E+00    -0.1664546327E+01     0     0.6964046531E-01    -0.1195430474E+01   0 0 0 0 0    0.6379669527E+00     0.8690227106E+00     0     0.2215084686E+00     0.8599811614E+00
    0.5999999866E+00   0 0 0 0 0   -0.6149861854E+00    -0.1598653002E+01     0    -0.5019539587E-02    -0.1152147063E+01   0 0 0 0 0    0.5954789828E+00     0.8522065657E+00     0     0.2408725851E+00     0.8482441982E+00
    0.6399999857E+00   0 0 0 0 0   -0.4985868956E+00    -0.1533498574E+01     0    -0.7810210651E-01    -0.1118742559E+01   0 0 0 0 0    0.5524375162E+00     0.8348182264E+00     0     0.2600641716E+00     0.8367015101E+00
    0.6799999848E+00   0 0 0 0 0   -0.3895656208E+00    -0.1469378233E+01     0    -0.1485628900E+00    -0.1093136814E+01   0 0 0 0 0    0.5091052905E+00     0.8169339302E+00     0     0.2789478485E+00     0.8253221974E+00
    0.7199999839E+00   0 0 0 0 0   -0.2880761044E+00    -0.1406534472E+01     0    -0.2156053087E+00    -0.1073534292E+01   0 0 0 0 0    0.4657257752E+00     0.7986270366E+00     0     0.2973975799E+00     0.8140682710E+00
    0.7599999830E+00   0 0 0 0 0   -0.1941392947E+00    -0.1345163207E+01     0    -0.2786447170E+00    -0.1058409315E+01   0 0 0 0 0    0.4225228433E+00     0.7799677601E+00     0     0.3152979682E+00     0.8028979497E+00
    0.7999999821E+00   0 0 0 0 0   -0.1076689090E+00    -0.1285419442E+01     0    -0.3372757350E+00    -0.1046484635E+01   0 0 0 0 0    0.3797007682E+00     0.7610229756E+00     0     0.3325450855E+00     0.7917682904E+00
    0.8399999812E+00   0 0 0 0 0   -0.2849363417E-01    -0.1227422438E+01     0    -0.3912429078E+00    -0.1036706803E+01   0 0 0 0 0    0.3374444837E+00     0.7418560850E+00     0     0.3490469200E+00     0.7806372355E+00
    0.8799999803E+00   0 0 0 0 0    0.4362371736E-01    -0.1171260422E+01     0    -0.4404146523E+00    -0.1028220561E+01   0 0 0 0 0    0.2959200530E+00     0.7225269379E+00     0     0.3647235110E+00     0.7694651571E+00
    0.9199999794E+00   0 0 0 0 0    0.1089698012E+00    -0.1116994837E+01     0    -0.4847603405E+00    -0.1020343656E+01   0 0 0 0 0    0.2552753005E+00     0.7030917962E+00     0     0.3795068310E+00     0.7582159742E+00
    0.9599999785E+00   0 0 0 0 0    0.1678668125E+00    -0.1064664152E+01     0    -0.5243303192E+00    -0.1012542925E+01   0 0 0 0 0    0.2156405657E+00     0.6836033372E+00     0     0.3933404705E+00     0.7468579145E+00
    0.9999999776E+00   0 0 0 0 0    0.2206607780E+00    -0.1014287285E+01     0    -0.5592386403E+00    -0.1004412184E+01   0 0 0 0 0    0.1771295459E+00     0.6641106876E+00     0     0.4061791711E+00     0.7353639830E+00
    0.1039999977E+01   0 0 0 0 0    0.2677118257E+00    -0.9658666333E+00     0    -0.5896482667E+00    -0.9956521408E+00   0 0 0 0 0    0.1398401990E+00     0.6446594836E+00     0     0.4179882447E+00     0.7237121933E+00
    0.1079999976E+01   0 0 0 0 0    0.3093862042E+00    -0.9193907664E+00     0    -0.6157585171E+00    -0.9860524546E+00   0 0 0 0 0    0.1038556824E+00     0.6252919513E+00     0     0.4287429145E+00     0.7118856113E+00
    0.1119999975E+01   0 0 0 0 0    0.3460498327E+00    -0.8748367946E+00     0    -0.6377945147E+00    -0.9754759102E+00   0 0 0 0 0    0.6924530876E-01     0.6060470046E+00     0     0.4384276024E+00     0.6998722521E+00
    0.1159999974E+01   0 0 0 0 0    0.3780631834E+00    -0.8321724488E+00     0    -0.6559984155E+00    -0.9638446217E+00   0 0 0 0 0    0.3606550295E-01     0.5869603549E+00     0     0.4470351877E+00     0.6876648671E+00
    0.1199999973E+01   0 0 0 0 0    0.4057773082E+00    -0.7913578940E+00     0    -0.6706221997E+00    -0.9511281329E+00   0 0 0 0 0    0.4360747320E-02     0.5680646313E+00     0     0.4545662546E+00     0.6752606503E+00
    0.1239999972E+01   0 0 0 0 0    0.4295308393E+00    -0.7523473044E+00     0    -0.6819218266E+00    -0.9373332554E+00   0 0 0 0 0   -0.2583549400E-01     0.5493895076E+00     0     0.4610283435E+00     0.6626608888E+00
    0.1279999971E+01   0 0 0 0 0    0.4496478131E+00    -0.7150902235E+00     0    -0.6901525662E+00    -0.9224954722E+00   0 0 0 0 0   -0.5449987950E-01     0.5309618335E+00     0     0.4664352175E+00     0.6498705792E+00
    0.1319999970E+01   0 0 0 0 0    0.4664361772E+00    -0.6795327321E+00     0    -0.6955653375E+00    -0.9066717368E+00   0 0 0 0 0   -0.8161832867E-01     0.5128057692E+00     0     0.4708061526E+00     0.6368980237E+00
    0.1359999970E+01   0 0 0 0 0    0.4801868622E+00    -0.6456184460E+00     0    -0.6984039014E+00    -0.8899344985E+00   0 0 0 0 0   -0.1071851982E+00     0.4949429204E+00     0     0.4741652598E+00     0.6237544223E+00
    0.1399999969E+01   0 0 0 0 0    0.4911733116E+00    -0.6132893615E+00     0    -0.6989027705E+00    -0.8723667955E+00   0 0 0 0 0   -0.1312024982E+00     0.4773924739E+00     0     0.4765408409E+00     0.6104534683E+00
    0.1439999968E+01   0 0 0 0 0    0.4996513778E+00    -0.5824865688E+00     0    -0.6972857161E+00    -0.8540582705E+00   0 0 0 0 0   -0.1536791504E+00     0.4601713310E+00     0     0.4779647839E+00     0.5970109564E+00
    0.1479999967E+01   0 0 0 0 0    0.5058595077E+00    -0.5531508474E+00     0    -0.6937647669E+00    -0.8351019738E+00   0 0 0 0 0   -0.1746302879E+00     0.4432942393E+00     0     0.4784719982E+00     0.5834444093E+00
    0.1519999966E+01   0 0 0 0 0    0.5100191491E+00    -0.5252231607E+00     0    -0.6885396072E+00    -0.8155918347E+00   0 0 0 0 0   -0.1940765971E+00     0.4267739212E+00     0     0.4780998904E+00     0.5697727257E+00
    0.1559999965E+01   0 0 0 0 0    0.5123353246E+00    -0.4986450608E+00     0    -0.6817972964E+00    -0.7956206955E+00   0 0 0 0 0   -0.2120437008E+00     0.4106211994E+00     0     0.4768878815E+00     0.5560158533E+00
    0.1599999964E+01   0 0 0 0 0    0.5129973238E+00    -0.4733590172E+00     0    -0.6737122435E+00    -0.7752788134E+00   0 0 0 0 0   -0.2285615810E+00     0.3948451180E+00     0     0.4748769638E+00     0.5421944879E+00
    0.1639999963E+01   0 0 0 0 0    0.5121794782E+00    -0.4493086793E+00     0    -0.6644463788E+00    -0.7546527517E+00   0 0 0 0 0   -0.2436640411E+00     0.3794530599E+00     0     0.4721092971E+00     0.5283297994E+00
    0.1679999962E+01   0 0 0 0 0    0.5100419858E+00    -0.4264390825E+00     0    -0.6541494769E+00    -0.7338245873E+00   0 0 0 0 0   -0.2573882044E+00     0.3644508596E+00     0     0.4686278421E+00     0.5144431849E+00
    0.1719999962E+01   0 0 0 0 0    0.5067317610E+00    -0.4046968059E+00     0    -0.6429595898E+00    -0.7128713782E+00   0 0 0 0 0   -0.2697740487E+00     0.3498429112E+00     0     0.4644760298E+00     0.5005560485E+00
    0.1759999961E+01   0 0 0 0 0    0.5023832912E+00    -0.3840300886E+00     0    -0.6310035602E+00    -0.6918648375E+00   0 0 0 0 0   -0.2808639748E+00     0.3356322727E+00     0     0.4596974647E+00     0.4866896055E+00
    0.1799999960E+01   0 0 0 0 0    0.4971194828E+00    -0.3643889125E+00     0    -0.6183975866E+00    -0.6708711722E+00   0 0 0 0 0   -0.2907024060E+00     0.3218207648E+00     0     0.4543356590E+00     0.4728647123E+00
    0.1839999959E+01   0 0 0 0 0    0.4910524868E+00    -0.3457250555E+00     0    -0.6052478196E+00    -0.6499510522E+00   0 0 0 0 0   -0.2993354191E+00     0.3084090654E+00     0     0.4484337982E+00     0.4591017184E+00
    0.1879999958E+01   0 0 0 0 0    0.4842844949E+00    -0.3279921203E+00     0    -0.5916509737E+00    -0.6291596772E+00   0 0 0 0 0   -0.3068104035E+00     0.2953967999E+00     0     0.4420345322E+00     0.4454203400E+00
    0.1919999957E+01   0 0 0 0 0    0.4769084990E+00    -0.3111455445E+00     0    -0.5776949397E+00    -0.6085469201E+00   0 0 0 0 0   -0.3131757470E+00     0.2827826269E+00     0     0.4351797942E+00     0.4318395536E+00
    0.1959999956E+01   0 0 0 0 0    0.4690090127E+00    -0.2951425932E+00     0    -0.5634593892E+00    -0.5881575242E+00   0 0 0 0 0   -0.3184805471E+00     0.2705643188E+00     0     0.4279106419E+00     0.4183775080E+00
    0.1999999955E+01   0 0 0 0 0    0.4606627497E+00    -0.2799423391E+00     0    -0.5490163622E+00    -0.5680313401E+00   0 0 0 0 0   -0.3227743469E+00     0.2587388399E+00     0     0.4202671210E+00     0.4050514528E+00
    0.2039999954E+01   0 0 0 0 0    0.4519392601E+00    -0.2655056321E+00     0    -0.5344308335E+00    -0.5482035873E+00   0 0 0 0 0   -0.3261068924E+00     0.2473024186E+00     0     0.4122881490E+00     0.3918776820E+00
    0.2079999954E+01   0 0 0 0 0    0.4429015231E+00    -0.2517950600E+00     0    -0.5197612534E+00    -0.5287051321E+00   0 0 0 0 0   -0.3285279118E+00     0.2362506164E+00     0     0.4040114172E+00     0.3788714921E+00
    0.2119999953E+01   0 0 0 0 0    0.4336064987E+00    -0.2387749036E+00     0    -0.5050600604E+00    -0.5095627723E+00   0 0 0 0 0   -0.3300869142E+00     0.2255783935E+00     0     0.3954733091E+00     0.3660471513E+00
    0.2159999952E+01   0 0 0 0 0    0.4241056375E+00    -0.2264110867E+00     0    -0.4903741645E+00    -0.4907995226E+00   0 0 0 0 0   -0.3308330073E+00     0.2152801701E+00     0     0.3867088351E+00     0.3534178814E+00
    0.2199999951E+01   0 0 0 0 0    0.4144453520E+00    -0.2146711220E+00     0    -0.4757454003E+00    -0.4724348965E+00   0 0 0 0 0   -0.3308147329E+00     0.2053498841E+00     0     0.3777515801E+00     0.3409958474E+00
    0.2239999950E+01   0 0 0 0 0    0.4046674509E+00    -0.2035240560E+00     0    -0.4612109510E+00    -0.4544851805E+00   0 0 0 0 0   -0.3300799182E+00     0.1957810457E+00     0     0.3686336641E+00     0.3287921578E+00
    0.2279999949E+01   0 0 0 0 0    0.3948095382E+00    -0.1929404111E+00     0    -0.4468037420E+00    -0.4369636980E+00   0 0 0 0 0   -0.3286755436E+00     0.1865667888E+00     0     0.3593857145E+00     0.3168168713E+00
    0.2319999948E+01   0 0 0 0 0    0.3849053796E+00    -0.1828921282E+00     0    -0.4325528071E+00    -0.4198810622E+00   0 0 0 0 0   -0.3266476242E+00     0.1776999191E+00     0     0.3500368482E+00     0.3050790099E+00
    0.2359999947E+01   0 0 0 0 0    0.3749852391E+00    -0.1733525079E+00     0    -0.4184836266E+00    -0.4032454150E+00   0 0 0 0 0   -0.3240411062E+00     0.1691729588E+00     0     0.3406146632E+00     0.2935865789E+00
    0.2399999946E+01   0 0 0 0 0    0.3650761865E+00    -0.1642961538E+00     0    -0.4046184409E+00    -0.3870626530E+00   0 0 0 0 0   -0.3208997750E+00     0.1609781892E+00     0     0.3311452385E+00     0.2823465903E+00
    0.2439999945E+01   0 0 0 0 0    0.3552023795E+00    -0.1556989150E+00     0    -0.3909765379E+00    -0.3713366392E+00   0 0 0 0 0   -0.3172661765E+00     0.1531076901E+00     0     0.3216531414E+00     0.2713650914E+00
    0.2479999945E+01   0 0 0 0 0    0.3453853216E+00    -0.1475378311E+00     0    -0.3775745195E+00    -0.3560694010E+00   0 0 0 0 0   -0.3131815488E+00     0.1455533763E+00     0     0.3121614414E+00     0.2606471964E+00
    0.2519999944E+01   0 0 0 0 0    0.3356440980E+00    -0.1397910773E+00     0    -0.3644265449E+00    -0.3412613146E+00   0 0 0 0 0   -0.3086857658E+00     0.1383070323E+00     0     0.3026917298E+00     0.2501971211E+00
    0.2559999943E+01   0 0 0 0 0    0.3259955915E+00    -0.1324379125E+00     0    -0.3515445555E+00    -0.3269112759E+00   0 0 0 0 0   -0.3038172894E+00     0.1313603439E+00     0     0.2932641444E+00     0.2400182191E+00
    0.2599999942E+01   0 0 0 0 0    0.3164546796E+00    -0.1254586278E+00     0    -0.3389384804E+00    -0.3130168590E+00   0 0 0 0 0   -0.2986131320E+00     0.1247049282E+00     0     0.2838973994E+00     0.2301130208E+00
    0.2639999941E+01   0 0 0 0 0    0.3070344148E+00    -0.1188344971E+00     0    -0.3266164251E+00    -0.2995744625E+00   0 0 0 0 0   -0.2931088276E+00     0.1183323603E+00     0     0.2746088182E+00     0.2204832734E+00
    0.2679999940E+01   0 0 0 0 0    0.2977461898E+00    -0.1125477305E+00     0    -0.3145848452E+00    -0.2865794442E+00   0 0 0 0 0   -0.2873384105E+00     0.1122341994E+00     0     0.2654143701E+00     0.2111299810E+00
    0.2719999939E+01   0 0 0 0 0    0.2885998882E+00    -0.1065814281E+00     0    -0.3028487042E+00    -0.2740262452E+00   0 0 0 0 0   -0.2813344021E+00     0.1064020118E+00     0     0.2563287102E+00     0.2020534467E+00
    0.2759999938E+01   0 0 0 0 0    0.2796040227E+00    -0.1009195364E+00     0    -0.2914116191E+00    -0.2619085032E+00   0 0 0 0 0   -0.2751278046E+00     0.1008273923E+00     0     0.2473652209E+00     0.1932533139E+00
    0.2799999937E+01   0 0 0 0 0    0.2707658608E+00    -0.9554680688E-01     0    -0.2802759937E+00    -0.2502191577E+00   0 0 0 0 0   -0.2687481005E+00     0.9550198402E-01     0     0.2385360559E+00     0.1847286077E+00
    0.2839999937E+01   0 0 0 0 0    0.2620915409E+00    -0.9044875581E-01     0    -0.2694431397E+00    -0.2389505443E+00   0 0 0 0 0   -0.2622232592E+00     0.9041749623E-01     0     0.2298521862E+00     0.1764777766E+00
    0.2879999936E+01   0 0 0 0 0    0.2535861777E+00    -0.8561162599E-01     0    -0.2589133889E+00    -0.2280944830E+00   0 0 0 0 0   -0.2555797476E+00     0.8556572088E-01     0     0.2213234463E+00     0.1684987331E+00
    0.2919999935E+01   0 0 0 0 0    0.2452539589E+00    -0.8102235045E-01     0    -0.2486861945E+00    -0.2176423570E+00   0 0 0 0 0   -0.2488425473E+00     0.8093854727E-01     0     0.2129585824E+00     0.1607888941E+00
    0.2959999934E+01   0 0 0 0 0    0.2370982335E+00    -0.7666851775E-01     0    -0.2387602251E+00    -0.2075851853E+00   0 0 0 0 0   -0.2420351747E+00     0.7652797545E-01     0     0.2047653004E+00     0.1533452198E+00
    0.2999999933E+01   0 0 0 0 0    0.2291215934E+00    -0.7253833885E-01     0    -0.2291334493E+00    -0.1979136889E+00   0 0 0 0 0   -0.2351797063E+00     0.7232612823E-01     0     0.1967503148E+00     0.1461642529E+00
    0.3039999932E+01   0 0 0 0 0    0.2213259467E+00    -0.6862061565E-01     0    -0.2198032147E+00    -0.1886183503E+00   0 0 0 0 0   -0.2282968074E+00     0.6832526183E-01     0     0.1889193976E+00     0.1392421548E+00
    0.3079999931E+01   0 0 0 0 0    0.2137125859E+00    -0.6490471107E-01     0    -0.2107663183E+00    -0.1796894679E+00   0 0 0 0 0   -0.2214057635E+00     0.6451777536E-01     0     0.1812774268E+00     0.1325747428E+00
    0.3119999930E+01   0 0 0 0 0    0.2062822499E+00    -0.6138052056E-01     0    -0.2020190725E+00    -0.1711172051E+00   0 0 0 0 0   -0.2145245154E+00     0.6089621913E-01     0     0.1738284350E+00     0.1261575242E+00
    0.3159999929E+01   0 0 0 0 0    0.1990351801E+00    -0.5803844505E-01     0    -0.1935573646E+00    -0.1628916345E+00   0 0 0 0 0   -0.2076696963E+00     0.5745330187E-01     0     0.1665756572E+00     0.1199857303E+00
    0.3199999928E+01   0 0 0 0 0    0.1919711729E+00    -0.5486936523E-01     0    -0.1853767106E+00    -0.1550027778E+00   0 0 0 0 0   -0.2008566709E+00     0.5418189694E-01     0     0.1595215782E+00     0.1140543483E+00
    0.3239999928E+01   0 0 0 0 0    0.1850896260E+00    -0.5186461715E-01     0    -0.1774723058E+00    -0.1474406418E+00   0 0 0 0 0   -0.1940995771E+00     0.5107504752E-01     0     0.1526679787E+00     0.1083581522E+00
    0.3279999927E+01   0 0 0 0 0    0.1783895823E+00    -0.4901596905E-01     0    -0.1698390696E+00    -0.1401952506E+00   0 0 0 0 0   -0.1874113685E+00     0.4812597105E-01     0     0.1460159811E+00     0.1028917319E+00
    0.3319999926E+01   0 0 0 0 0    0.1718697688E+00    -0.4631559933E-01     0    -0.1624716869E+00    -0.1332566740E+00   0 0 0 0 0   -0.1808038583E+00     0.4532806266E-01     0     0.1395660941E+00     0.9764952132E-01
    0.3359999925E+01   0 0 0 0 0    0.1655286321E+00    -0.4375607575E-01     0    -0.1553646458E+00    -0.1266150538E+00   0 0 0 0 0   -0.1742877643E+00     0.4267489793E-01     0     0.1333182556E+00     0.9262582469E-01
    0.3399999924E+01   0 0 0 0 0    0.1593643716E+00    -0.4133033552E-01     0    -0.1485122721E+00    -0.1202606258E+00   0 0 0 0 0   -0.1678727547E+00     0.4016023490E-01     0     0.1272718749E+00     0.8781484143E-01
    0.3439999923E+01   0 0 0 0 0    0.1533749683E+00    -0.3903166665E-01     0    -0.1419087599E+00    -0.1141837402E+00   0 0 0 0 0   -0.1615674938E+00     0.3777801538E-01     0     0.1214258738E+00     0.8321068965E-01
    0.3479999922E+01   0 0 0 0 0    0.1475582125E+00    -0.3685369002E-01     0    -0.1355482006E+00    -0.1083748792E+00   0 0 0 0 0   -0.1553796887E+00     0.3552236571E-01     0     0.1157787257E+00     0.7880742825E-01
    0.3519999921E+01   0 0 0 0 0    0.1419117276E+00    -0.3479034259E-01     0    -0.1294246078E+00    -0.1028246726E+00   0 0 0 0 0   -0.1493161355E+00     0.3338759680E-01     0     0.1103284934E+00     0.7459907749E-01
    0.3559999920E+01   0 0 0 0 0    0.1364329923E+00    -0.3283586134E-01     0    -0.1235319413E+00    -0.9752391082E-01   0 0 0 0 0   -0.1433827655E+00     0.3136820384E-01     0     0.1050728662E+00     0.7057963827E-01
    0.3599999920E+01   0 0 0 0 0    0.1311193606E+00    -0.3098476809E-01     0    -0.1178641277E+00    -0.9246355685E-01   0 0 0 0 0   -0.1375846910E+00     0.2945886534E-01     0     0.1000091945E+00     0.6674311002E-01
    0.3639999919E+01   0 0 0 0 0    0.1259680803E+00    -0.2923185516E-01     0    -0.1124150794E+00    -0.8763475568E-01   0 0 0 0 0   -0.1319262509E+00     0.2765444184E-01     0     0.9513452358E-01     0.6308350726E-01
    0.3679999918E+01   0 0 0 0 0    0.1209763086E+00    -0.2757217171E-01     0    -0.1071787119E+00    -0.8302884280E-01   0 0 0 0 0   -0.1264110548E+00     0.2594997417E-01     0     0.9044562530E-01     0.5959487487E-01
    0.3719999917E+01   0 0 0 0 0    0.1161411274E+00    -0.2600101080E-01     0    -0.1021489590E+00    -0.7863735095E-01   0 0 0 0 0   -0.1210420278E+00     0.2434068137E-01     0     0.8593902899E-01     0.5627130217E-01
    0.3759999916E+01   0 0 0 0 0    0.1114595562E+00    -0.2451389722E-01     0    -0.9731978673E-01    -0.7445201571E-01   0 0 0 0 0   -0.1158214528E+00     0.2282195827E-01     0     0.8161105022E-01     0.5310693571E-01
    0.3799999915E+01   0 0 0 0 0    0.1069285642E+00    -0.2310657578E-01     0    -0.9268520561E-01    -0.7046477985E-01   0 0 0 0 0   -0.1107510127E+00     0.2138937274E-01     0     0.7745781829E-01     0.5009599101E-01
    0.3839999914E+01   0 0 0 0 0    0.1025450812E+00    -0.2177500042E-01     0    -0.8823928173E-01    -0.6666779668E-01   0 0 0 0 0   -0.1058318317E+00     0.2003866277E-01     0     0.7347530220E-01     0.4723276308E-01
    0.3879999913E+01   0 0 0 0 0    0.9830600676E-01    -0.2051532371E-01     0    -0.8397614646E-01    -0.6305343236E-01   0 0 0 0 0   -0.1010645146E+00     0.1876573320E-01     0     0.6965933514E-01     0.4451163600E-01
    0.3919999912E+01   0 0 0 0 0    0.9420821932E-01    -0.1932388705E-01     0    -0.7989000517E-01    -0.5961426743E-01   0 0 0 0 0   -0.9644918568E-01     0.1756665234E-01     0     0.6600563753E-01     0.4192709137E-01
    0.3959999911E+01   0 0 0 0 0    0.9024858358E-01    -0.1819721122E-01     0    -0.7597514483E-01    -0.5634309744E-01   0 0 0 0 0   -0.9198552575E-01     0.1643764837E-01     0     0.6250983857E-01     0.3947371589E-01
    0.3999999911E+01   0 0 0 0 0    0.8642395765E-01    -0.1713198760E-01     0    -0.7222594070E-01    -0.5323293297E-01   0 0 0 0 0   -0.8767280812E-01     0.1537510560E-01     0     0.5916749650E-01     0.3714620795E-01
    0.4039999910E+01   0 0 0 0 0    0.8273119911E-01    -0.1612506970E-01     0    -0.6863686213E-01    -0.5027699899E-01   0 0 0 0 0   -0.8350993308E-01     0.1437556060E-01     0     0.5597411743E-01     0.3493938338E-01
    0.4079999909E+01   0 0 0 0 0    0.7916717063E-01    -0.1517346522E-01     0    -0.6520247763E-01    -0.4746873358E-01   0 0 0 0 0   -0.7949546108E-01     0.1343569826E-01     0     0.5292517284E-01     0.3284818041E-01
    0.4119999908E+01   0 0 0 0 0    0.7572874488E-01    -0.1427432846E-01     0    -0.6191745915E-01    -0.4480178629E-01   0 0 0 0 0   -0.7562764437E-01     0.1255234768E-01     0     0.5001611584E-01     0.3086766384E-01
    0.4159999907E+01   0 0 0 0 0    0.7241280898E-01    -0.1342495320E-01     0    -0.5877658574E-01    -0.4227001587E-01   0 0 0 0 0   -0.7190445727E-01     0.1172247809E-01     0     0.4724239616E-01     0.2899302843E-01
    0.4199999906E+01   0 0 0 0 0    0.6921626842E-01    -0.1262276586E-01     0    -0.5577474660E-01    -0.3986748778E-01   0 0 0 0 0   -0.6832362498E-01     0.1094319469E-01     0     0.4459947397E-01     0.2721960168E-01
    0.4239999905E+01   0 0 0 0 0    0.6613605062E-01    -0.1186531907E-01     0    -0.5290694353E-01    -0.3758847119E-01   0 0 0 0 0   -0.6488265096E-01     0.1021173443E-01     0     0.4208283250E-01     0.2554284596E-01
    0.4279999904E+01   0 0 0 0 0    0.6316910807E-01    -0.1115028557E-01     0    -0.5016829301E-01    -0.3542743580E-01   0 0 0 0 0   -0.6157884287E-01     0.9525461833E-02     0     0.3968798964E-01     0.2395836005E-01
    0.4319999903E+01   0 0 0 0 0    0.6031242117E-01    -0.1047545235E-01     0    -0.4755402766E-01    -0.3337904834E-01   0 0 0 0 0   -0.5840933709E-01     0.8881864765E-02     0     0.3741050840E-01     0.2246188008E-01
    0.4359999903E+01   0 0 0 0 0    0.5756300070E-01    -0.9838715216E-02     0    -0.4505949740E-01    -0.3143816881E-01   0 0 0 0 0   -0.5537112187E-01     0.8278550248E-02     0     0.3524600639E-01     0.2104928004E-01
    0.4399999902E+01   0 0 0 0 0    0.5491789017E-01    -0.9238073485E-02     0    -0.4268017019E-01    -0.2959984661E-01   0 0 0 0 0   -0.5246105908E-01     0.7713240293E-02     0     0.3319016439E-01     0.1971657181E-01
    0.4439999901E+01   0 0 0 0 0    0.5237416776E-01    -0.8671625068E-02     0    -0.4041163245E-01    -0.2785931642E-01   0 0 0 0 0   -0.4967590460E-01     0.7183767764E-02     0     0.3123873392E-01     0.1845990467E-01
    0.4479999900E+01   0 0 0 0 0    0.4992894817E-01    -0.8137561732E-02     0    -0.3824958914E-01    -0.2621199401E-01   0 0 0 0 0   -0.4701232746E-01     0.6688072290E-02     0     0.2938754402E-01     0.1727556457E-01
    0.4519999899E+01   0 0 0 0 0    0.4757938424E-01    -0.7634164615E-02     0    -0.3618986358E-01    -0.2465347189E-01   0 0 0 0 0   -0.4446692763E-01     0.6224196229E-02     0     0.2763250716E-01     0.1615997291E-01
    0.4559999898E+01   0 0 0 0 0    0.4532266842E-01    -0.7159799971E-02     0    -0.3422839702E-01    -0.2317951492E-01   0 0 0 0 0   -0.4203625260E-01     0.5790280695E-02     0     0.2596962439E-01     0.1510968505E-01
    0.4599999897E+01   0 0 0 0 0    0.4315603408E-01    -0.6712915113E-02     0    -0.3236124798E-01    -0.2178605582E-01   0 0 0 0 0   -0.3971681276E-01     0.5384561653E-02     0     0.2439498982E-01     0.1412138858E-01
    0.4639999896E+01   0 0 0 0 0    0.4107675667E-01    -0.6292034569E-02     0    -0.3058459135E-01    -0.2046919065E-01   0 0 0 0 0   -0.3750509562E-01     0.5005366087E-02     0     0.2290479432E-01     0.1319190121E-01
    0.4679999895E+01   0 0 0 0 0    0.3908215479E-01    -0.5895756411E-02     0    -0.2889471740E-01    -0.1922517425E-01   0 0 0 0 0   -0.3539757889E-01     0.4651108251E-02     0     0.2149532866E-01     0.1231816857E-01
    0.4719999894E+01   0 0 0 0 0    0.3716959115E-01    -0.5522748771E-02     0    -0.2728803048E-01    -0.1805041573E-01   0 0 0 0 0   -0.3339074247E-01     0.4320286003E-02     0     0.2016298602E-01     0.1149726166E-01
    0.4759999894E+01   0 0 0 0 0    0.3533647337E-01    -0.5171746524E-02     0    -0.2576104773E-01    -0.1694147386E-01   0 0 0 0 0   -0.3148107950E-01     0.4011477223E-02     0     0.1890426398E-01     0.1072637427E-01
    0.4799999893E+01   0 0 0 0 0    0.3358025475E-01    -0.4841548131E-02     0    -0.2431039757E-01    -0.1589505253E-01   0 0 0 0 0   -0.2966510631E-01     0.3723336331E-02     0     0.1771576595E-01     0.1000282015E-01
    0.4839999892E+01   0 0 0 0 0    0.3189843492E-01    -0.4531012627E-02     0    -0.2293281807E-01    -0.1490799631E-01   0 0 0 0 0   -0.2793937151E-01     0.3454590892E-02     0     0.1659420215E-01     0.9324030043E-02
    0.4879999891E+01   0 0 0 0 0    0.3028856044E-01    -0.4239056760E-02     0    -0.2162515523E-01    -0.1397728587E-01   0 0 0 0 0   -0.2630046411E-01     0.3204038318E-02     0     0.1553639016E-01     0.8687548687E-02
    0.4919999890E+01   0 0 0 0 0    0.2874822528E-01    -0.3964652259E-02     0    -0.2038436106E-01    -0.1310003351E-01   0 0 0 0 0   -0.2474502093E-01     0.2970542674E-02     0     0.1453925506E-01     0.8091031661E-02
    0.4959999889E+01   0 0 0 0 0    0.2727507133E-01    -0.3706823234E-02     0    -0.1920749169E-01    -0.1227347876E-01   0 0 0 0 0   -0.2326973303E-01     0.2753031574E-02     0     0.1359982922E-01     0.7532242186E-02
    0.4999999888E+01   0 0 0 0 0    0.2586678883E-01    -0.3464643696E-02     0    -0.1809170532E-01    -0.1149498402E-01   0 0 0 0 0   -0.2187135152E-01     0.2550493185E-02     0     0.1271525169E-01     0.7009047864E-02
    0.5039999887E+01   0 0 0 0 0    0.2452111670E-01    -0.3237235190E-02     0    -0.1703426025E-01    -0.1076203028E-01   0 0 0 0 0   -0.2054669259E-01     0.2361973323E-02     0     0.1188276741E-01     0.6519417392E-02
    0.5079999886E+01   0 0 0 0 0    0.2323584292E-01    -0.3023764539E-02     0    -0.1603251277E-01    -0.1007221292E-01   0 0 0 0 0   -0.1929264189E-01     0.2186572659E-02     0     0.1109972599E-01     0.6061417243E-02
    0.5119999886E+01   0 0 0 0 0    0.2200880472E-01    -0.2823441694E-02     0    -0.1508391506E-01    -0.9423237642E-02   0 0 0 0 0   -0.1810615830E-01     0.2023444011E-02     0     0.1036358041E-01     0.5633208339E-02
    0.5159999885E+01   0 0 0 0 0    0.2083788880E-01    -0.2635517677E-02     0    -0.1418601306E-01    -0.8812916396E-02   0 0 0 0 0   -0.1698427704E-01     0.1871789750E-02     0     0.9671885353E-02     0.5233042734E-02
    0.5199999884E+01   0 0 0 0 0    0.1972103145E-01    -0.2459282619E-02     0    -0.1333644429E-01    -0.8239163455E-02   0 0 0 0 0   -0.1592411234E-01     0.1730859293E-02     0     0.9022295475E-02     0.4859260304E-02
    0.5239999883E+01   0 0 0 0 0    0.1865621862E-01    -0.2294063893E-02     0    -0.1253293565E-01    -0.7699991554E-02   0 0 0 0 0   -0.1492285951E-01     0.1599946693E-02     0     0.8412563393E-02     0.4510285462E-02
    0.5279999882E+01   0 0 0 0 0    0.1764148594E-01    -0.2139224322E-02     0    -0.1177330122E-01    -0.7193508117E-02   0 0 0 0 0   -0.1397779659E-01     0.1478388333E-02     0     0.7840537604E-02     0.4184623913E-02
    0.5319999881E+01   0 0 0 0 0    0.1667491868E-01    -0.1994160479E-02     0    -0.1105544001E-01    -0.6717911578E-02   0 0 0 0 0   -0.1308628553E-01     0.1365560706E-02     0     0.7304160243E-02     0.3880859445E-02
    0.5359999880E+01   0 0 0 0 0    0.1575465164E-01    -0.1858301049E-02     0    -0.1037733376E-01    -0.6271487787E-02   0 0 0 0 0   -0.1224577303E-01     0.1260878286E-02     0     0.6801464743E-02     0.3597650766E-02
    0.5399999879E+01   0 0 0 0 0    0.1487886900E-01    -0.1731105281E-02     0    -0.9737044679E-02    -0.5852606524E-02   0 0 0 0 0   -0.1145379092E-01     0.1163791496E-02     0     0.6330573406E-02     0.3333728406E-02
    0.5439999878E+01   0 0 0 0 0    0.1404580414E-01    -0.1612061500E-02     0    -0.9132713236E-02    -0.5459718083E-02   0 0 0 0 0   -0.1070795626E-01     0.1073784757E-02     0     0.5889694899E-02     0.3087891669E-02
    0.5479999878E+01   0 0 0 0 0    0.1325373933E-01    -0.1500685685E-02     0    -0.8562555911E-02    -0.5091349977E-02   0 0 0 0 0   -0.1000597118E-01     0.9903746270E-03     0     0.5477121699E-02     0.2859005659E-02
    0.5519999877E+01   0 0 0 0 0    0.1250100549E-01    -0.1396520115E-02     0    -0.8024862990E-02    -0.4746103713E-02   0 0 0 0 0   -0.9345622326E-02     0.9131080205E-03     0     0.5091227493E-02     0.2645998371E-02
    0.5559999876E+01   0 0 0 0 0    0.1178598180E-01    -0.1299132076E-02     0    -0.7517996364E-02    -0.4422651681E-02   0 0 0 0 0   -0.8724780175E-02     0.8415605127E-03     0     0.4730464546E-02     0.2447857858E-02
    0.5599999875E+01   0 0 0 0 0    0.1110709531E-01    -0.1208112624E-02     0    -0.7040387344E-02    -0.4119734125E-02   0 0 0 0 0   -0.8141398034E-02     0.7753347194E-03     0     0.4393361062E-02     0.2263629474E-02
    0.5639999874E+01   0 0 0 0 0    0.1046282051E-01    -0.1123075401E-02     0    -0.6590534496E-02    -0.3836156213E-02   0 0 0 0 0   -0.7593510899E-02     0.7140587548E-03     0     0.4078518532E-02     0.2092413194E-02
    0.5679999873E+01   0 0 0 0 0    0.9851678813E-02    -0.1043655513E-02     0    -0.6167001502E-02    -0.3570785201E-02   0 0 0 0 0   -0.7079234113E-02     0.6573847630E-03     0     0.3784609087E-02     0.1933361015E-02
    0.5719999872E+01   0 0 0 0 0    0.9272238061E-02    -0.9695084465E-03     0    -0.5768415046E-02    -0.3322547686E-02   0 0 0 0 0   -0.6596761869E-02     0.6049875213E-03     0     0.3510372868E-02     0.1785674442E-02
    0.5759999871E+01   0 0 0 0 0    0.8723111943E-02    -0.9003090465E-03     0    -0.5393462729E-02    -0.3090426953E-02   0 0 0 0 0   -0.6144365585E-02     0.5565631120E-03     0     0.3254615416E-02     0.1648602054E-02
    0.5799999870E+01   0 0 0 0 0    0.8202959389E-02    -0.8357505311E-03     0    -0.5040891010E-02    -0.2873460415E-02   0 0 0 0 0   -0.5720392158E-02     0.5118276614E-03     0     0.3016205095E-02     0.1521437153E-02
    0.5839999869E+01   0 0 0 0 0    0.7710483936E-02    -0.7755435558E-03     0    -0.4709503188E-02    -0.2670737133E-02   0 0 0 0 0   -0.5323262119E-02     0.4705161425E-03     0     0.2794070544E-02     0.1403515499E-02
    0.5879999869E+01   0 0 0 0 0    0.7244433049E-02    -0.7194153191E-03     0    -0.4398157409E-02    -0.2481395435E-02   0 0 0 0 0   -0.4951467711E-02     0.4323812397E-03     0     0.2587198179E-02     0.1294213125E-02
    0.5919999868E+01   0 0 0 0 0    0.6803597418E-02    -0.6671087090E-03     0    -0.4105764716E-02    -0.2304620612E-02   0 0 0 0 0   -0.4603570891E-02     0.3971922721E-03     0     0.2394629732E-02     0.1192944241E-02
    0.5959999867E+01   0 0 0 0 0    0.6386810221E-02    -0.6183814894E-03     0    -0.3831287132E-02    -0.2139642704E-02   0 0 0 0 0   -0.4278201288E-02     0.3647341752E-03     0     0.2215459854E-02     0.1099159211E-02
    0.5999999866E+01   0 0 0 0 0    0.5992946360E-02    -0.5730055227E-03     0    -0.3573735781E-02    -0.1985734367E-02   0 0 0 0 0   -0.3974054111E-02     0.3348065351E-03     0     0.2048833762E-02     0.1012342621E-02
    0.6039999865E+01   0 0 0 0 0    0.5620921676E-02    -0.5307660299E-03     0    -0.3332169053E-02    -0.1842208819E-02   0 0 0 0 0   -0.3689888038E-02     0.3072226768E-03     0     0.1893944948E-02     0.9320114197E-03
    0.6079999864E+01   0 0 0 0 0    0.5269692131E-02    -0.4914608843E-03     0    -0.3105690802E-02    -0.1708417870E-02   0 0 0 0 0   -0.3424523081E-02     0.2818088014E-03     0     0.1750032953E-02     0.8577131440E-03
    0.6119999863E+01   0 0 0 0 0    0.4938252981E-02    -0.4548999384E-03     0    -0.2893448592E-02    -0.1583750023E-02   0 0 0 0 0   -0.3176838440E-02     0.2584031714E-03     0     0.1616381196E-02     0.7890242152E-03
    0.6159999862E+01   0 0 0 0 0    0.4625637919E-02    -0.4209043825E-03     0    -0.2694631982E-02    -0.1467628659E-02   0 0 0 0 0   -0.2945770366E-02     0.2368553421E-03     0     0.1492314873E-02     0.7255483163E-03
    0.6199999861E+01   0 0 0 0 0    0.4330918212E-02    -0.3893061341E-03     0    -0.2508470850E-02    -0.1359510287E-02   0 0 0 0 0   -0.2730310026E-02     0.2170254355E-03     0     0.1377198927E-02     0.6669148398E-03
    0.6239999861E+01   0 0 0 0 0    0.4053201812E-02    -0.3599472559E-03     0    -0.2334233769E-02    -0.1258882871E-02   0 0 0 0 0   -0.2529501389E-02     0.1987834570E-03     0     0.1270436071E-02     0.6127774090E-03
    0.6279999860E+01   0 0 0 0 0    0.3791632466E-02    -0.3326794017E-03     0    -0.2171226414E-02    -0.1165264226E-02   0 0 0 0 0   -0.2342439126E-02     0.1820086506E-03     0     0.1171464892E-02     0.5628124680E-03
    0.6319999859E+01   0 0 0 0 0    0.3545388805E-02    -0.3073632893E-03     0    -0.2018790023E-02    -0.1078200478E-02   0 0 0 0 0   -0.2168266550E-02     0.1665888924E-03     0     0.1079758019E-02     0.5167179402E-03
    0.6359999858E+01   0 0 0 0 0    0.3313683438E-02    -0.2838681993E-03     0    -0.1876299891E-02    -0.9972645951E-03   0 0 0 0 0   -0.2006173578E-02     0.1524201195E-03     0     0.9948203553E-03     0.4742119524E-03
    0.6399999857E+01   0 0 0 0 0    0.3095762024E-02    -0.2620714973E-03     0    -0.1743163921E-02    -0.9220549807E-03   0 0 0 0 0   -0.1855394738E-02     0.1394057934E-03     0     0.9161873790E-03     0.4350316219E-03
    0.6439999856E+01   0 0 0 0 0    0.2890902358E-02    -0.2418581810E-03     0    -0.1618821205E-02    -0.8521941252E-03   0 0 0 0 0   -0.1715207213E-02     0.1274563947E-03     0     0.8434235166E-03     0.3989319063E-03
    0.6479999855E+01   0 0 0 0 0    0.2698413436E-02    -0.2231204490E-03     0    -0.1502740654E-02    -0.7873273218E-03   0 0 0 0 0   -0.1584928932E-02     0.1164889498E-03     0     0.7761205748E-03     0.3656845108E-03
    0.6519999854E+01   0 0 0 0 0    0.2517634537E-02    -0.2057572912E-03     0    -0.1394419673E-02    -0.7271214381E-03   0 0 0 0 0   -0.1463916709E-02     0.1064265853E-03     0     0.7138962427E-03     0.3350768541E-03
    0.6559999853E+01   0 0 0 0 0    0.2347934295E-02    -0.1896740998E-03     0    -0.1293382873E-02    -0.6712637444E-03   0 0 0 0 0   -0.1351564427E-02     0.9719811092E-04     0     0.6563926556E-03     0.3069110881E-03
    0.6599999852E+01   0 0 0 0 0    0.2188709783E-02    -0.1747823006E-03     0    -0.1199180834E-02    -0.6194607959E-03   0 0 0 0 0   -0.1247301283E-02     0.8873762755E-04     0     0.6032750231E-03     0.2810031711E-03
    0.6639999852E+01   0 0 0 0 0    0.2039385592E-02    -0.1609990024E-03     0    -0.1111388899E-02    -0.5714373669E-03   0 0 0 0 0   -0.1150590072E-02     0.8098416065E-04     0     0.5542303176E-03     0.2571819906E-03
    0.6679999851E+01   0 0 0 0 0    0.1899412926E-02    -0.1482466647E-03     0    -0.1029606015E-02    -0.5269354356E-03   0 0 0 0 0   -0.1060925543E-02     0.7388131644E-04     0     0.5089660241E-03     0.2352885358E-03
    0.6719999850E+01   0 0 0 0 0    0.1768268702E-02    -0.1364527831E-03     0    -0.9534536203E-03    -0.4857132174E-03   0 0 0 0 0   -0.9778327912E-03     0.6737696018E-04     0     0.4672089473E-03     0.2151751152E-03
    0.6759999849E+01   0 0 0 0 0    0.1645454658E-02    -0.1255495904E-03     0    -0.8825745603E-03    -0.4475442451E-03   0 0 0 0 0   -0.9008657228E-03     0.6142291522E-04     0     0.4287040764E-03     0.1967046195E-03
    0.6799999848E+01   0 0 0 0 0    0.1530496472E-02    -0.1154737741E-03     0    -0.8166320517E-03    -0.4122164938E-03   0 0 0 0 0   -0.8296055621E-03     0.5597468147E-04     0     0.3932135048E-03     0.1797498261E-03
    0.6839999847E+01   0 0 0 0 0    0.1422942896E-02    -0.1061662087E-03     0    -0.7553086826E-03    -0.3795315493E-03   0 0 0 0 0   -0.7636594225E-03     0.5099117239E-04     0     0.3605154032E-03     0.1641927447E-03
    0.6879999846E+01   0 0 0 0 0    0.1322364899E-02    -0.9757170204E-04     0    -0.6983054508E-03    -0.3493038176E-03   0 0 0 0 0   -0.7026589293E-03     0.4643446926E-04     0     0.3304030449E-03     0.1499240005E-03
    0.6919999845E+01   0 0 0 0 0    0.1228354831E-02    -0.8963875602E-04     0    -0.6453408395E-03    -0.3213597754E-03   0 0 0 0 0   -0.6462588984E-03     0.4226959177E-04     0     0.3026838801E-03     0.1368422549E-03
    0.6959999844E+01   0 0 0 0 0    0.1140525591E-02    -0.8231933972E-04     0    -0.5961499305E-03    -0.2955372573E-03   0 0 0 0 0   -0.5941360690E-03     0.3846428398E-04     0     0.2771786594E-03     0.1248536604E-03
    0.6999999844E+01   0 0 0 0 0    0.1058509823E-02    -0.7556867526E-04     0    -0.5504835516E-03    -0.2716847814E-03   0 0 0 0 0   -0.5459878903E-03     0.3498881470E-04     0     0.2537206028E-03     0.1138713485E-03
    0.7039999843E+01   0 0 0 0 0    0.9819591217E-03    -0.6934503550E-04     0    -0.5081074609E-03    -0.2496609088E-03   0 0 0 0 0   -0.5015313599E-03     0.3181579140E-04     0     0.2321546139E-03     0.1038149499E-03
    0.7079999842E+01   0 0 0 0 0    0.9105432559E-03    -0.6360955298E-04     0    -0.4688015632E-03    -0.2293336374E-03   0 0 0 0 0   -0.4605019148E-03     0.2891998691E-04     0     0.2123365362E-03     0.9461014342E-04
    0.7119999841E+01   0 0 0 0 0    0.8439494144E-03    -0.5832603960E-04     0    -0.4323591616E-03    -0.2105798279E-03   0 0 0 0 0   -0.4226523718E-03     0.2627817793E-04     0     0.1941324513E-03     0.8618823339E-04
    0.7159999840E+01   0 0 0 0 0    0.7818814652E-03    -0.5346081656E-04     0    -0.3985862396E-03    -0.1932846606E-03   0 0 0 0 0   -0.3877519177E-03     0.2386899487E-04     0     0.1774180154E-03     0.7848575427E-04
    0.7199999839E+01   0 0 0 0 0    0.7240592373E-03    -0.4898255398E-04     0    -0.3673007761E-03    -0.1773411216E-03   0 0 0 0 0   -0.3555851470E-03     0.2167278205E-04     0     0.1620778338E-03     0.7144409992E-04
    0.7239999838E+01   0 0 0 0 0    0.6702178201E-03    -0.4486211978E-04     0    -0.3383320898E-03    -0.1626495170E-03   0 0 0 0 0   -0.3259511465E-03     0.1967146785E-04     0     0.1480048718E-03     0.6500917695E-04
    0.7279999837E+01   0 0 0 0 0    0.6201068830E-03    -0.4107243735E-04     0    -0.3115202143E-03    -0.1491170145E-03   0 0 0 0 0   -0.2986626245E-03     0.1784844391E-04     0     0.1350998987E-03     0.5913108059E-04
    0.7319999836E+01   0 0 0 0 0    0.5734900151E-03    -0.3758835150E-04     0    -0.2867153006E-03    -0.1366572096E-03   0 0 0 0 0   -0.2735450838E-03     0.1618845303E-04     0     0.1232709654E-03     0.5376379181E-04
    0.7359999835E+01   0 0 0 0 0    0.5301440843E-03    -0.3438650235E-04     0    -0.2637770486E-03    -0.1251897175E-03   0 0 0 0 0   -0.2504360373E-03     0.1467748506E-04     0     0.1124329128E-03     0.4886489443E-04
    0.7399999835E+01   0 0 0 0 0    0.4898586170E-03    -0.3144520674E-04     0    -0.2425741648E-03    -0.1146397871E-03   0 0 0 0 0   -0.2291842637E-03     0.1330268031E-04     0     0.1025069093E-03     0.4439531114E-04
    0.7439999834E+01   0 0 0 0 0    0.4524351976E-03    -0.2874434671E-04     0    -0.2229838458E-03    -0.1049379377E-03   0 0 0 0 0   -0.2096491029E-03     0.1205223994E-04     0     0.9342001747E-04     0.4031905723E-04
    0.7479999833E+01   0 0 0 0 0    0.4176868884E-03    -0.2626526471E-04     0    -0.2048912875E-03    -0.9601961652E-04   0 0 0 0 0   -0.1916997886E-03     0.1091534298E-04     0     0.8510478592E-04     0.3660301106E-04
    0.7519999832E+01   0 0 0 0 0    0.3854376694E-03    -0.2399066523E-04     0    -0.1881892177E-03    -0.8782487648E-04   0 0 0 0 0   -0.1752148178E-03     0.9882069329E-05     0     0.7749886777E-04     0.3321670018E-04
    0.7559999831E+01   0 0 0 0 0    0.3555218976E-03    -0.2190452241E-04     0    -0.1727774527E-03    -0.8029807254E-04   0 0 0 0 0   -0.1600813547E-03     0.8943328517E-05     0     0.7054466237E-04     0.3013210224E-04
    0.7599999830E+01   0 0 0 0 0    0.3277837862E-03    -0.1999199344E-04     0    -0.1585624752E-03    -0.7338757643E-04   0 0 0 0 0   -0.1461946676E-03     0.8090793770E-05     0     0.6418897985E-04     0.2732345966E-04
    0.7639999829E+01   0 0 0 0 0    0.3020769039E-03    -0.1823933724E-04     0    -0.1454570350E-03    -0.6704550827E-04   0 0 0 0 0   -0.1334575983E-03     0.7316840978E-05     0     0.5838272724E-04     0.2476710732E-04
    0.7679999828E+01   0 0 0 0 0    0.2782636926E-03    -0.1663383835E-04     0    -0.1333797691E-03    -0.6122748448E-04   0 0 0 0 0   -0.1217800616E-03     0.6614492267E-05     0     0.5308061469E-04     0.2244131238E-04
    0.7719999827E+01   0 0 0 0 0    0.2562150044E-03    -0.1516373560E-04     0    -0.1222548422E-03    -0.5589238095E-04   0 0 0 0 0   -0.1110785739E-03     0.5977363845E-05     0     0.4824088098E-04     0.2032612546E-04
    0.7759999827E+01   0 0 0 0 0    0.2358096573E-03    -0.1381815526E-04     0    -0.1120116058E-03    -0.5100211072E-04   0 0 0 0 0   -0.1012758094E-03     0.5399617818E-05     0     0.4382503700E-04     0.1840324252E-04
    0.7799999826E+01   0 0 0 0 0    0.2169340095E-03    -0.1258704860E-04     0    -0.1025842749E-03    -0.4652141534E-04   0 0 0 0 0   -0.9230018317E-04     0.4875917691E-05     0     0.3979762631E-04     0.1665587665E-04
    0.7839999825E+01   0 0 0 0 0    0.1994815514E-03    -0.1146113340E-04     0    -0.9391162222E-04    -0.4241766908E-04   0 0 0 0 0   -0.8408545873E-04     0.4401387304E-05     0     0.3612600168E-04     0.1506863919E-04
    0.7879999824E+01   0 0 0 0 0    0.1833525157E-03    -0.1043183927E-04     0    -0.8593668788E-04    -0.3866069527E-04   0 0 0 0 0   -0.7657037993E-04     0.3971572937E-05     0     0.3278011682E-04     0.1362742953E-04
    0.7919999823E+01   0 0 0 0 0    0.1684535053E-03    -0.9491256633E-05     0    -0.7860650379E-04    -0.3522259396E-04   0 0 0 0 0   -0.6969832527E-04     0.3582408374E-05     0     0.2973233219E-04     0.1231933307E-04
    0.7959999822E+01   0 0 0 0 0    0.1546971381E-03    -0.8632088969E-05     0    -0.7187183172E-04    -0.3207758002E-04   0 0 0 0 0   -0.6341698377E-04     0.3230182704E-05     0     0.2695723433E-04     0.1113252673E-04
    0.7999999821E+01   0 0 0 0 0    0.1420017102E-03    -0.7847608307E-05     0    -0.6568691316E-04    -0.2920183099E-04   0 0 0 0 0   -0.5767805116E-04     0.2911510645E-05     0     0.2443146758E-04     0.1005619152E-04
    0.8039999820E+01   0 0 0 0 0    0.1302908764E-03    -0.7131613641E-05     0    -0.6000923938E-04    -0.2657334622E-04   0 0 0 0 0   -0.5243694532E-04     0.2623305233E-05     0     0.2213357774E-04     0.9080431758E-05
    0.8079999819E+01   0 0 0 0 0    0.1194933373E-03    -0.6478392132E-05     0    -0.5479944856E-04    -0.2417184452E-04   0 0 0 0 0   -0.4765253982E-04     0.2362752676E-05     0     0.2004386671E-04     0.8196200405E-05
    0.8119999819E+01   0 0 0 0 0    0.1095425233E-03    -0.5882683015E-05     0    -0.5002110955E-04    -0.2197863799E-04   0 0 0 0 0   -0.4328691473E-04     0.2127289220E-05     0     0.1814425715E-04     0.7395229922E-05
    0.8159999818E+01   0 0 0 0 0    0.1003763132E-03    -0.5339644023E-05     0    -0.4564042935E-04    -0.1997649155E-04   0 0 0 0 0   -0.3930512374E-04     0.1914579887E-05     0     0.1641816664E-04     0.6669968354E-05
    0.8199999817E+01   0 0 0 0 0    0.9193677301E-04    -0.4844820114E-05     0    -0.4162608015E-04    -0.1814951774E-04   0 0 0 0 0   -0.3567497671E-04     0.1722498917E-05     0     0.1485039095E-04     0.6013520336E-05
    0.8239999816E+01   0 0 0 0 0    0.8416990621E-04    -0.4394114342E-05     0    -0.3794903843E-04    -0.1648307918E-04   0 0 0 0 0   -0.3236683687E-04     0.1549111816E-05     0     0.1342699581E-04     0.5419592711E-05
    0.8279999815E+01   0 0 0 0 0    0.7702541526E-04    -0.3983760756E-05     0    -0.3458243194E-04    -0.1496369702E-04   0 0 0 0 0   -0.2935343152E-04     0.1392658860E-05     0     0.1213521663E-04     0.4882444405E-05
    0.8319999814E+01   0 0 0 0 0    0.7045647504E-04    -0.3610299206E-05     0    -0.3150139460E-04    -0.1357896543E-04   0 0 0 0 0   -0.2660967575E-04     0.1251539955E-05     0     0.1096336565E-04     0.4396840250E-05
    0.8359999813E+01   0 0 0 0 0    0.6441951763E-04    -0.3270551922E-05     0    -0.2868292939E-04    -0.1231747162E-04   0 0 0 0 0   -0.2411250810E-04     0.1124300753E-05     0     0.9900745943E-05     0.3958008465E-05
    0.8399999812E+01   0 0 0 0 0    0.5887402832E-04    -0.2961601770E-05     0    -0.2610577929E-04    -0.1116872140E-04   0 0 0 0 0   -0.2184073767E-04     0.1009619911E-05     0     0.8937571904E-05     0.3561601518E-05
    0.8439999811E+01   0 0 0 0 0    0.5378235236E-04    -0.2680772066E-05     0    -0.2375030581E-04    -0.1012306967E-04   0 0 0 0 0   -0.1977490181E-04     0.9062974172E-06     0     0.8064895657E-05     0.3203660114E-05
    0.8479999810E+01   0 0 0 0 0    0.4910951232E-04    -0.2425607849E-05     0    -0.2159837501E-04    -0.9171655881E-05   0 0 0 0 0   -0.1789713377E-04     0.8132438914E-06     0     0.7274539065E-05     0.2880580083E-05
    0.8519999810E+01   0 0 0 0 0    0.4482303535E-04    -0.2193858517E-05     0    -0.1963325071E-04    -0.8306343916E-05   0 0 0 0 0   -0.1619103979E-04     0.7294707891E-06     0     0.6559030901E-05     0.2589081943E-05
    0.8559999809E+01   0 0 0 0 0    0.4089279023E-04    -0.1983461733E-05     0    -0.1783949443E-04    -0.7519666288E-05   0 0 0 0 0   -0.1464158481E-04     0.6540814323E-06     0     0.5911548840E-05     0.2326182937E-05
    0.8599999808E+01   0 0 0 0 0    0.3729083356E-04    -0.1792528516E-05     0    -0.1620287176E-04    -0.6804772303E-05   0 0 0 0 0   -0.1323498657E-04     0.5862628026E-06     0     0.5325865916E-05     0.2089171353E-05
    0.8639999807E+01   0 0 0 0 0    0.3399126491E-04    -0.1619329443E-05     0    -0.1471026495E-04    -0.6155379956E-05   0 0 0 0 0   -0.1195861716E-04     0.5252780359E-06     0     0.4796301140E-05     0.1875582956E-05
    0.8679999806E+01   0 0 0 0 0    0.3097009027E-04    -0.1462281876E-05     0    -0.1334959118E-04    -0.5565731336E-05   0 0 0 0 0   -0.1080091192E-04     0.4704595603E-06     0     0.4317673963E-05     0.1683179365E-05
    0.8719999805E+01   0 0 0 0 0    0.2820509368E-04    -0.1319938145E-05     0    -0.1210972632E-04    -0.5030551277E-05   0 0 0 0 0   -0.9751284914E-05     0.4212028259E-06     0     0.3885262321E-05     0.1509928226E-05
    0.8759999804E+01   0 0 0 0 0    0.2567571641E-04    -0.1190974632E-05     0    -0.1098043387E-04    -0.4545009067E-05   0 0 0 0 0   -0.8800050731E-05     0.3769605778E-06     0     0.3494763998E-05     0.1353985045E-05
    0.8799999803E+01   0 0 0 0 0    0.2336294349E-04    -0.1074181677E-05     0    -0.9952298671E-05    -0.4104682996E-05   0 0 0 0 0   -0.7938352046E-05     0.3372376276E-06     0     0.3142261054E-05     0.1213676535E-05
    0.8839999802E+01   0 0 0 0 0    0.2124919712E-04    -0.9684542613E-06     0    -0.9016665191E-05    -0.3705527542E-05   0 0 0 0 0   -0.7158092663E-05     0.3015860813E-06     0     0.2824187102E-05     0.1087485377E-05
    0.8879999802E+01   0 0 0 0 0    0.1931823667E-04    -0.8727834043E-06     0    -0.8165580088E-05    -0.3343843038E-05   0 0 0 0 0   -0.6451875591E-05     0.2696009878E-06     0     0.2537297218E-05     0.9740362747E-06
    0.8919999801E+01   0 0 0 0 0    0.1755506486E-04    -0.7862482264E-06     0    -0.7391738761E-05    -0.3016247625E-05   0 0 0 0 0   -0.5812945842E-05     0.2409163695E-06     0     0.2278640285E-05     0.8720831886E-06
    0.8959999800E+01   0 0 0 0 0    0.1594583992E-04    -0.7080086314E-06     0    -0.6688435661E-05    -0.2719651339E-05   0 0 0 0 0   -0.5235137605E-05     0.2152016068E-06     0     0.2045533588E-05     0.7804976733E-06
    0.8999999799E+01   0 0 0 0 0    0.1447779325E-04    -0.6372985608E-06     0    -0.6049518127E-05    -0.2451232187E-05   0 0 0 0 0   -0.4712825494E-05     0.1921581429E-06     0     0.1835539494E-05     0.6982582153E-06
    0.9039999798E+01   0 0 0 0 0    0.1313915240E-04    -0.5734197803E-06     0    -0.5469343508E-05    -0.2208414068E-05   0 0 0 0 0   -0.4240879577E-05     0.1715164841E-06     0     0.1646444045E-05     0.6244404942E-06
    0.9079999797E+01   0 0 0 0 0    0.1191906904E-04    -0.5157361577E-06     0    -0.4942739367E-05    -0.1988846399E-05   0 0 0 0 0   -0.3814623928E-05     0.1530334700E-06     0     0.1476237327E-05     0.5582084917E-06
    0.9119999796E+01   0 0 0 0 0    0.1080755168E-04    -0.4636683976E-06     0    -0.4464966574E-05    -0.1790385341E-05   0 0 0 0 0   -0.3429798430E-05     0.1364897890E-06     0     0.1323095481E-05     0.4988063779E-06
    0.9159999795E+01   0 0 0 0 0    0.9795402712E-05    -0.4166891984E-06     0    -0.4031685082E-05    -0.1611076488E-05   0 0 0 0 0   -0.3082523602E-05     0.1216877203E-06     0     0.1185364208E-05     0.4455511107E-06
    0.9199999794E+01   0 0 0 0 0    0.8874159813E-05    -0.3743187986E-06     0    -0.3638922223E-05    -0.1449138933E-05   0 0 0 0 0   -0.2769268233E-05     0.1084490806E-06     0     0.1061543675E-05     0.3978256886E-06
    0.9239999793E+01   0 0 0 0 0    0.8036041160E-05    -0.3361208855E-06     0    -0.3283043346E-05    -0.1302950590E-05   0 0 0 0 0   -0.2486819603E-05     0.9661335902E-07     0     0.9502746909E-06     0.3550730023E-06
    0.9279999793E+01   0 0 0 0 0    0.7273894431E-05    -0.3016988365E-06     0    -0.2960724646E-05    -0.1171034694E-05   0 0 0 0 0   -0.2232256115E-05     0.8603602313E-07     0     0.8503260640E-06     0.3167902346E-06
    0.9319999792E+01   0 0 0 0 0    0.6581149277E-05    -0.2706922695E-06     0    -0.2668928027E-05    -0.1052047389E-05   0 0 0 0 0   -0.2002922137E-05     0.7658698148E-07     0     0.7605830410E-06     0.2825237622E-06
    0.9359999791E+01   0 0 0 0 0    0.5951773077E-05    -0.2427738764E-06     0    -0.2404877868E-05    -0.9447663073E-06   0 0 0 0 0   -0.1796404910E-05     0.6814918840E-07     0     0.6800367397E-06     0.2518645161E-06
    0.9399999790E+01   0 0 0 0 0    0.5380229787E-05    -0.2176465206E-06     0    -0.2166039554E-05    -0.8480800926E-06   0 0 0 0 0   -0.1610513339E-05     0.6061737874E-07     0     0.6077744972E-06     0.2244437624E-06
    0.9439999789E+01   0 0 0 0 0    0.4861441667E-05    -0.1950405756E-06     0    -0.1950099648E-05    -0.7609787662E-06   0 0 0 0 0   -0.1443258549E-05     0.5389692077E-07     0     0.5429710565E-06     0.1999292654E-06
    0.9479999788E+01   0 0 0 0 0    0.4390753735E-05    -0.1747114865E-06     0    -0.1754947598E-05    -0.6825448934E-06   0 0 0 0 0   -0.1292836049E-05     0.4790277683E-07     0     0.4848805247E-06     0.1780218024E-06
    0.9519999787E+01   0 0 0 0 0    0.3963900744E-05    -0.1564375375E-06     0    -0.1578658854E-05    -0.6119454758E-06   0 0 0 0 0   -0.1157609391E-05     0.4255856185E-07     0     0.4328290366E-06     0.1584519970E-06
    0.9559999786E+01   0 0 0 0 0    0.3576976556E-05    -0.1400178084E-06     0    -0.1419479314E-05    -0.5484245201E-06   0 0 0 0 0   -0.1036095201E-05     0.3779569098E-07     0     0.3862080674E-06     0.1409774450E-06
    0.9599999785E+01   0 0 0 0 0    0.3226405724E-05    -0.1252703046E-06     0    -0.1275810979E-05    -0.4912962260E-06   0 0 0 0 0   -0.9269494759E-06     0.3355260830E-07     0     0.3444683383E-06     0.1253801060E-06
    0.9639999785E+01   0 0 0 0 0    0.2908917164E-05    -0.1120302483E-06     0    -0.1146198758E-05    -0.4399387482E-06   0 0 0 0 0   -0.8289550465E-06     0.2977408904E-07     0     0.3071142661E-06     0.1114639377E-06
    0.9679999784E+01   0 0 0 0 0    0.2621519764E-05    -0.1001485155E-06     0    -0.1029318309E-05    -0.3937884844E-06   0 0 0 0 0   -0.7410101116E-06     0.2641060872E-07     0     0.2736989101E-06     0.9905275077E-07
    0.9719999783E+01   0 0 0 0 0    0.2361479809E-05    -0.8949020917E-07     0    -0.9239648658E-06    -0.3523348488E-06   0 0 0 0 0   -0.6621177584E-06     0.2341777300E-07     0     0.2438193750E-06     0.8798826601E-07
    0.9759999782E+01   0 0 0 0 0    0.2126300094E-05    -0.7993335611E-07     0    -0.8290429539E-06    -0.3151154925E-06   0 0 0 0 0   -0.5913763892E-06     0.2075580258E-07     0     0.2171126293E-06     0.7812835341E-07
    0.9799999781E+01   0 0 0 0 0    0.1913700613E-05    -0.7136771771E-07     0    -0.7435569501E-06    -0.2817119331E-06   0 0 0 0 0   -0.5279709803E-06     0.1838906808E-07     0     0.1932517045E-06     0.6934543864E-07
    0.9839999780E+01   0 0 0 0 0    0.1721600720E-05    -0.6369370533E-07     0    -0.6666024071E-06    -0.2517455631E-06   0 0 0 0 0   -0.4711651039E-06     0.1628567025E-07     0     0.1719422417E-06     0.6152506090E-07
    0.9879999779E+01   0 0 0 0 0    0.1548102650E-05    -0.5682139134E-07     0    -0.5973580912E-06    -0.2248740032E-06   0 0 0 0 0   -0.4202936524E-06     0.1441706117E-07     0     0.1529193555E-06     0.5456456839E-07
    0.9919999778E+01   0 0 0 0 0    0.1391476317E-05    -0.5066960806E-07     0    -0.5350786778E-06    -0.2007877743E-06   0 0 0 0 0   -0.3747562042E-06     0.1275770275E-07     0     0.1359447876E-06     0.4837193898E-07
    0.9959999777E+01   0 0 0 0 0    0.1250145287E-05    -0.4516512689E-07     0    -0.4790880532E-06    -0.1792072615E-06   0 0 0 0 0   -0.3340109795E-06     0.1128475878E-07     0     0.1208043236E-06     0.4286471444E-07
    0.9999999776E+01   0 0 0 0 0    0.1122673854E-05    -0.4024191120E-07     0    -0.4287731766E-06    -0.1598799447E-06   0 0 0 0 0   -0.2975693345E-06     0.9977817523E-08     0     0.1073054512E-06     0.3796903775E-07
    0.1003999978E+02   0 0 0 0 0    0.1007755129E-05    -0.3584043643E-07     0    -0.3835784572E-06    -0.1425778758E-06   0 0 0 0 0   -0.2649907509E-06     0.8818641874E-08     0     0.9527523752E-07     0.3361878400E-07
    0.1007999977E+02   0 0 0 0 0    0.9042000770E-06    -0.3190707172E-07     0    -0.3430006075E-06    -0.1270953793E-06   0 0 0 0 0   -0.2358782760E-06     0.7790944411E-08     0     0.8455840565E-07     0.2975477599E-07
    0.1011999977E+02   0 0 0 0 0    0.8109274288E-06    -0.2839351788E-07     0    -0.3065839331E-06    -0.1132469591E-06   0 0 0 0 0   -0.2098743770E-06     0.6880184997E-08     0     0.7501559322E-07     0.2632407671E-07
    0.1015999977E+02   0 0 0 0 0    0.7269544021E-06    -0.2525629661E-07     0    -0.2739160263E-06    -0.1008653938E-06   0 0 0 0 0   -0.1866571722E-06     0.6073388727E-08     0     0.6652177610E-07     0.2327935144E-07
    0.1019999977E+02   0 0 0 0 0    0.6513881756E-06    -0.2245628676E-07     0    -0.2446238288E-06    -0.8980000314E-07   0 0 0 0 0   -0.1659370081E-06     0.5358982248E-08     0     0.5896484245E-07     0.2057829283E-07
    0.1023999977E+02   0 0 0 0 0    0.5834180572E-06    -0.1995830331E-07     0    -0.2183700360E-06    -0.7991507323E-07   0 0 0 0 0   -0.1474533505E-06     0.4726646660E-08     0     0.5224430323E-07     0.1818310304E-07
    0.1027999977E+02   0 0 0 0 0    0.5223082933E-06    -0.1773071539E-07     0    -0.1948498129E-06    -0.7108842419E-07   0 0 0 0 0   -0.1309719633E-06     0.4167185389E-08     0     0.4627012681E-07     0.1606002743E-07
    0.1031999977E+02   0 0 0 0 0    0.4673914728E-06    -0.1574509994E-07     0    -0.1737877978E-06    -0.6321010989E-07   0 0 0 0 0   -0.1162823503E-06     0.3672405538E-08     0     0.4096168610E-07     0.1417893494E-07
    0.1035999977E+02   0 0 0 0 0    0.4180624780E-06    -0.1397592774E-07     0    -0.1549353693E-06    -0.5618123724E-07   0 0 0 0 0   -0.1031954343E-06     0.3235011410E-08     0     0.3624680796E-07     0.1251294048E-07
    0.1039999977E+02   0 0 0 0 0    0.3737729415E-06    -0.1240027899E-07     0    -0.1380681540E-06    -0.4991289481E-07   0 0 0 0 0   -0.9154145505E-07     0.2848508980E-08     0     0.3206091512E-07     0.1103806557E-07
    0.1043999977E+02   0 0 0 0 0    0.3340261688E-06    -0.1099758572E-07     0    -0.1229837572E-06    -0.4432518109E-07   0 0 0 0 0   -0.8116806501E-07     0.2507120235E-08     0     0.2834625225E-07     0.9732933176E-08
    0.1047999977E+02   0 0 0 0 0    0.2983724911E-06    -0.9749398744E-08     0    -0.1094996945E-06    -0.3934632366E-07   0 0 0 0 0   -0.7193860529E-07     0.2205706393E-08     0     0.2505118796E-07     0.8578493664E-08
    0.1051999976E+02   0 0 0 0 0    0.2664050132E-06    -0.8639176711E-08     0    -0.9745151065E-07    -0.3491188098E-07   0 0 0 0 0   -0.6373054586E-07     0.1939699115E-08     0     0.2212958588E-07     0.7557778645E-08
    0.1055999976E+02   0 0 0 0 0    0.2377557260E-06    -0.7652095461E-08     0    -0.8669106755E-07    -0.3096401953E-07   0 0 0 0 0   -0.5643407470E-07     0.1705038895E-08     0     0.1954023798E-07     0.6655680086E-08
    0.1059999976E+02   0 0 0 0 0    0.2120919536E-06    -0.6774875672E-08     0    -0.7708498737E-07    -0.2745085944E-07   0 0 0 0 0   -0.4995082258E-07     0.1498119918E-08     0     0.1724635438E-07     0.5858752117E-08
    0.1063999976E+02   0 0 0 0 0    0.1891131081E-06    -0.5995627181E-08     0    -0.6851323819E-07    -0.2432588248E-07   0 0 0 0 0   -0.4419271078E-07     0.1315740715E-08     0     0.1521510422E-07     0.5155033310E-08
    0.1067999976E+02   0 0 0 0 0    0.1685477286E-06    -0.5303708419E-08     0    -0.6086784899E-07    -0.2154739664E-07   0 0 0 0 0   -0.3908091055E-07     0.1155060031E-08     0     0.1341720253E-07     0.4533887371E-08
    0.1071999976E+02   0 0 0 0 0    0.1501507780E-06    -0.4689599549E-08     0    -0.5405174318E-07    -0.1907805215E-07   0 0 0 0 0   -0.3454490384E-07     0.1013557374E-08     0     0.1182653889E-07     0.3985860418E-08
    0.1075999976E+02   0 0 0 0 0    0.1337011797E-06    -0.4144788032E-08     0    -0.4797768010E-07    -0.1688440428E-07   0 0 0 0 0   -0.3052163600E-07     0.8889977565E-09     0     0.1041984359E-07     0.3502553163E-08
    0.1079999976E+02   0 0 0 0 0    0.1189995721E-06    -0.3661665454E-08     0    -0.4256729505E-07    -0.1493651848E-07   0 0 0 0 0   -0.2695475156E-07     0.7794002095E-09     0     0.9176387850E-08     0.3076506503E-08
    0.1083999976E+02   0 0 0 0 0    0.1058662634E-06    -0.3233434544E-08     0    -0.3775022917E-07    -0.1320761403E-07   0 0 0 0 0   -0.2379390561E-07     0.6830096662E-09     0     0.8077714523E-08     0.2701099146E-08
    0.1087999976E+02   0 0 0 0 0    0.9413937037E-07    -0.2854025417E-08     0    -0.3346334103E-07    -0.1167374249E-07   0 0 0 0 0   -0.2099414332E-07     0.5982718726E-09     0     0.7107396524E-08     0.2370456065E-08
    0.1091999976E+02   0 0 0 0 0    0.8367312423E-07    -0.2518020173E-08     0    -0.2964999278E-07    -0.1031349784E-07   0 0 0 0 0   -0.1851534128E-07     0.5238110071E-09     0     0.6250820061E-08     0.2079366656E-08
    0.1095999976E+02   0 0 0 0 0    0.7433633087E-07    -0.2220585034E-08     0    -0.2625940405E-07    -0.9107755144E-08   0 0 0 0 0   -0.1632170475E-07     0.4584097249E-09     0     0.5494990302E-08     0.1823211614E-08
    0.1099999975E+02   0 0 0 0 0    0.6601097111E-07    -0.1957409314E-08     0    -0.2324606743E-07    -0.8039435206E-08   0 0 0 0 0   -0.1438131529E-07     0.4009913728E-09     0     0.4828357201E-08     0.1597897621E-08
    0.1103999975E+02   0 0 0 0 0    0.5859092943E-07    -0.1724650539E-08     0    -0.2056922004E-07    -0.7093292594E-08   0 0 0 0 0   -0.1266572419E-07     0.3506041458E-09     0     0.4240659481E-08     0.1399799043E-08
    0.1107999975E+02   0 0 0 0 0    0.5198083988E-07    -0.1518885140E-08     0    -0.1819236596E-07    -0.6255724902E-08   0 0 0 0 0   -0.1114958694E-07     0.3064069792E-09     0     0.3722784937E-08     0.1225705908E-08
    0.1111999975E+02   0 0 0 0 0    0.4609503888E-07    -0.1337064161E-08     0    -0.1608284487E-07    -0.5514601164E-08   0 0 0 0 0   -0.9810334991E-08     0.2676569909E-09     0     0.3266645414E-08     0.1072777503E-08
    0.1115999975E+02   0 0 0 0 0    0.4085661569E-07    -0.1176473496E-08     0    -0.1421144267E-07    -0.4859107570E-08   0 0 0 0 0   -0.8627881023E-08     0.2336983105E-09     0     0.2865064970E-08     0.9385010048E-09
    0.1119999975E+02   0 0 0 0 0    0.3619655169E-07    -0.1034698213E-08     0    -0.1255204008E-07    -0.4279608818E-08   0 0 0 0 0   -0.7584354452E-08     0.2039521446E-09     0     0.2511679884E-08     0.8206546198E-09
    0.1123999975E+02   0 0 0 0 0    0.3205294074E-07    -0.9095905479E-09     0    -0.1108129574E-07    -0.3767523572E-08   0 0 0 0 0   -0.6663864214E-08     0.1779079465E-09     0     0.2200849289E-08     0.7172747498E-09
    0.1127999975E+02   0 0 0 0 0    0.2837028333E-07    -0.7992412201E-09     0    -0.9778360596E-08    -0.3315212639E-08   0 0 0 0 0   -0.5852286089E-08     0.1551155703E-09     0     0.1927575345E-08     0.6266267599E-09
    0.1131999975E+02   0 0 0 0 0    0.2509884782E-07    -0.7019537223E-09     0    -0.8624620506E-08    -0.2915878626E-08   0 0 0 0 0   -0.5137072134E-08     0.1351783034E-09     0     0.1687431961E-08     0.5471789656E-09
    0.1135999975E+02   0 0 0 0 0    0.2219409273E-07    -0.6162212993E-09     0    -0.7603464517E-08    -0.2563475931E-08   0 0 0 0 0   -0.4507079994E-08     0.1177466819E-09     0     0.1476501188E-08     0.4775794943E-09
    0.1139999975E+02   0 0 0 0 0    0.1961614460E-07    -0.5407063362E-09     0    -0.6700076261E-08    -0.2252630045E-08   0 0 0 0 0   -0.3952420112E-08     0.1025130023E-09     0     0.1291316477E-08     0.4166357130E-09
    0.1143999974E+02   0 0 0 0 0    0.1732932618E-07    -0.4742219169E-09     0    -0.5901246319E-08    -0.1978565244E-08   0 0 0 0 0   -0.3464319013E-08     0.8920645456E-10     0     0.1128812087E-08     0.3632959466E-09
    0.1147999974E+02   0 0 0 0 0    0.1530173044E-07    -0.4157153306E-09     0    -0.5195203498E-08    -0.1737039813E-08   0 0 0 0 0   -0.3034997030E-08     0.7758880794E-10     0     0.9862780001E-09     0.3166332380E-09
    0.1151999974E+02   0 0 0 0 0    0.1350483614E-07    -0.3642533273E-09     0    -0.4571463203E-08    -0.1524288068E-08   0 0 0 0 0   -0.2657559011E-08     0.6745058756E-10     0     0.8613197595E-09     0.2758309296E-09
    0.1155999974E+02   0 0 0 0 0    0.1191316098E-07    -0.3190089445E-09     0    -0.4020691241E-08    -0.1336968467E-08   0 0 0 0 0   -0.2325896661E-08     0.5860768857E-10     0     0.7518227124E-09     0.2401698670E-09
    0.1159999974E+02   0 0 0 0 0    0.1050394903E-07    -0.2792497416E-09     0    -0.3534581535E-08    -0.1172117198E-08   0 0 0 0 0   -0.2034601341E-08     0.5089837863E-10     0     0.6559201878E-09     0.2090170488E-09
    0.1163999974E+02   0 0 0 0 0    0.9256888957E-08    -0.2443272978E-09     0    -0.3105746404E-08    -0.1027106701E-08   0 0 0 0 0   -0.1778886221E-08     0.4418064548E-10     0     0.5719651915E-09     0.1818155614E-09
    0.1167999974E+02   0 0 0 0 0    0.8153860364E-08    -0.2136678422E-09     0    -0.2727618147E-08    -0.8996085915E-09   0 0 0 0 0   -0.1554516834E-08     0.3832985094E-10     0     0.4985052392E-09     0.1580756603E-09
    0.1171999974E+02   0 0 0 0 0    0.7178705384E-08    -0.1867638967E-09     0    -0.2394360816E-08    -0.7875605532E-09   0 0 0 0 0   -0.1357749153E-08     0.3323665693E-10     0     0.4342599926E-09     0.1373668687E-09
    0.1175999974E+02   0 0 0 0 0    0.6317023249E-08    -0.1631668279E-09     0    -0.2100791174E-08    -0.6891367850E-09   0 0 0 0 0   -0.1185274390E-08     0.2880519282E-10     0     0.3781013941E-09     0.1193109818E-09
    0.1179999974E+02   0 0 0 0 0    0.5555985552E-08    -0.1424802101E-09     0    -0.1842307900E-08    -0.6027216292E-09   0 0 0 0 0   -0.1034169828E-08     0.2495143665E-10     0     0.3290360304E-09     0.1035758748E-09
    0.1183999974E+02   0 0 0 0 0    0.4884170218E-08    -0.1243539163E-09     0    -0.1614828219E-08    -0.5268860527E-09   0 0 0 0 0   -0.9018550385E-09     0.2160178616E-10     0     0.2861894816E-09     0.8987002679E-10
    0.1187999973E+02   0 0 0 0 0    0.4291412380E-08    -0.1084788570E-09     0    -0.1414731217E-08    -0.4603666829E-09   0 0 0 0 0   -0.7860529146E-09     0.1869179771E-10     0     0.2487924395E-09     0.7793767708E-10
    0.1191999973E+02   0 0 0 0 0    0.3768670496E-08    -0.9458230066E-10     0    -0.1238807143E-08    -0.4020471290E-09   0 0 0 0 0   -0.6847550094E-09     0.1616507406E-10     0     0.2161684010E-09     0.6755454589E-10
    0.1195999973E+02   0 0 0 0 0    0.3307906214E-08    -0.8242371233E-10     0    -0.1084212100E-08    -0.3509413475E-09   0 0 0 0 0   -0.5961907187E-09     0.1397228387E-10     0     0.1877227623E-09     0.5852405333E-10
    0.1199999973E+02   0 0 0 0 0    0.2901976634E-08    -0.7179105437E-10     0    -0.9484275687E-09    -0.3061788356E-09   0 0 0 0 0   -0.5187998940E-09     0.1207029760E-10     0     0.1629331604E-09     0.5067398130E-10
    0.1203999973E+02   0 0 0 0 0    0.2544537738E-08    -0.6249750066E-10     0    -0.8292242719E-09    -0.2669914574E-09   0 0 0 0 0   -0.4512085170E-09     0.1042142659E-10     0     0.1413409224E-09     0.4385352729E-10
    0.1207999973E+02   0 0 0 0 0    0.2229957865E-08    -0.5437851871E-10     0    -0.7246299187E-09    -0.2327017300E-09   0 0 0 0 0   -0.3922071041E-09     0.8992753055E-11     0     0.1225434995E-09     0.3793070560E-10
    0.1211999973E+02   0 0 0 0 0    0.1953240246E-08    -0.4728927997E-10     0    -0.6329004381E-09    -0.2027124104E-09   0 0 0 0 0   -0.3407315434E-09     0.7755540612E-11     0     0.1061877752E-09     0.3279005599E-10
    0.1215999973E+02   0 0 0 0 0    0.1709953662E-08    -0.4110236263E-10     0    -0.5524943310E-09    -0.1764972458E-09   0 0 0 0 0   -0.2958460991E-09     0.6684715837E-11     0     0.9196415106E-10     0.2833062429E-10
    0.1219999973E+02   0 0 0 0 0    0.1496170430E-08    -0.3570571461E-10     0    -0.4820498160E-09    -0.1535927585E-09   0 0 0 0 0   -0.2567283463E-09     0.5758412494E-11     0     0.7960131986E-10     0.2446418364E-10
    0.1223999973E+02   0 0 0 0 0    0.1308410953E-08    -0.3100084848E-10     0    -0.4203644747E-09    -0.1335909564E-09   0 0 0 0 0   -0.2226558224E-09     0.4957571086E-11     0     0.6886165052E-10     0.2111366845E-10
    0.1227999973E+02   0 0 0 0 0    0.1143594177E-08    -0.2690124234E-10     0    -0.3663771311E-09    -0.1161328648E-09   0 0 0 0 0   -0.1929942063E-09     0.4265587178E-11     0     0.5953711429E-10     0.1821179613E-10
    0.1231999972E+02   0 0 0 0 0    0.9989933351E-09    -0.2333092416E-10     0    -0.3191517304E-09    -0.1009027922E-09   0 0 0 0 0   -0.1671868563E-09     0.3668002695E-11     0     0.5144569062E-10     0.1569985499E-10
    0.1235999972E+02   0 0 0 0 0    0.8721964584E-09    -0.2022321893E-10     0    -0.2778630012E-09    -0.8762324782E-10   0 0 0 0 0   -0.1447455536E-09     0.3152235091E-11     0     0.4442819797E-10     0.1352663836E-10
    0.1239999972E+02   0 0 0 0 0    0.7610711297E-09    -0.1751964057E-10     0    -0.2417837123E-09    -0.7605043955E-10   0 0 0 0 0   -0.1252423185E-09     0.2707339844E-11     0     0.3834550054E-10     0.1164750824E-10
    0.1243999972E+02   0 0 0 0 0    0.6637330640E-09    -0.1516891225E-10     0    -0.2102733509E-09    -0.6597028800E-10   0 0 0 0 0   -0.1083021775E-09     0.2323802302E-11     0     0.3307604767E-10     0.1002357266E-10
    0.1247999972E+02   0 0 0 0 0    0.5785181030E-09    -0.1312610081E-10     0    -0.1827680702E-09    -0.5719489900E-10   0 0 0 0 0   -0.9359677449E-10     0.1993355322E-11     0     0.2851370734E-10     0.8620963700E-11
    0.1251999972E+02   0 0 0 0 0    0.5039572691E-09    -0.1135185224E-10     0    -0.1587717672E-09    -0.4955944360E-10   0 0 0 0 0   -0.8083873049E-10     0.1708819605E-11     0     0.2456585962E-10     0.7410203885E-11
    0.1255999972E+02   0 0 0 0 0    0.4387545568E-09    -0.9811716811E-11     0    -0.1378481690E-09    -0.4291939962E-10   0 0 0 0 0   -0.6977666669E-10     0.1463963962E-11     0     0.2115171965E-10     0.6365650595E-11
    0.1259999972E+02   0 0 0 0 0    0.3817671698E-09    -0.8475553673E-11     0    -0.1196138161E-09    -0.3714811424E-10   0 0 0 0 0   -0.6019081518E-10     0.1253383093E-11     0     0.1820086342E-10     0.5465009020E-11
    0.1263999972E+02   0 0 0 0 0    0.3319879452E-09    -0.7317005775E-11     0    -0.1037318449E-09    -0.3213465123E-10   0 0 0 0 0   -0.5188914997E-10     0.1072390733E-11     0     0.1565193233E-10     0.4688905469E-11
    0.1267999972E+02   0 0 0 0 0    0.2885297311E-09    -0.6313037064E-11     0    -0.8990648046E-10    -0.2778189065E-10   0 0 0 0 0   -0.4470397833E-10     0.9169262933E-12     0     0.1345149554E-10     0.4020513737E-11
    0.1271999972E+02   0 0 0 0 0    0.2506115060E-09    -0.5443524779E-11     0    -0.7787816237E-10    -0.2400485205E-10   0 0 0 0 0   -0.3848893947E-10     0.7834733144E-12     0     0.1155305137E-10     0.3445228084E-11
    0.1275999971E+02   0 0 0 0 0    0.2175460549E-09    -0.4690900464E-11     0    -0.6741923115E-10    -0.2072921584E-10   0 0 0 0 0   -0.3311636310E-10     0.6689883017E-12     0     0.9916151265E-11     0.2950377181E-11
    0.1279999971E+02   0 0 0 0 0    0.1887290313E-09    -0.4039834041E-11     0    -0.5833011434E-10    -0.1789001994E-10   0 0 0 0 0   -0.2847494609E-10     0.5708386328E-12     0     0.8505631595E-11     0.2524973996E-11
    0.1283999971E+02   0 0 0 0 0    0.1636292559E-09    -0.3476955921E-11     0    -0.5043595537E-10    -0.1543051153E-10   0 0 0 0 0   -0.2446770994E-10     0.4867484198E-12     0     0.7290940455E-11     0.2159497238E-11
    0.1287999971E+02   0 0 0 0 0    0.1417801160E-09    -0.2990612699E-11     0    -0.4358363590E-10    -0.1330113609E-10   0 0 0 0 0   -0.2101020618E-10     0.4147513305E-12     0     0.6245547998E-11     0.1845700469E-11
    0.1291999971E+02   0 0 0 0 0    0.1227719443E-09    -0.2570652492E-11     0    -0.3763914606E-10    -0.1145864744E-10   0 0 0 0 0   -0.1802894039E-10     0.3531494965E-12     0     0.5346430210E-11     0.1576445463E-11
    0.1295999971E+02   0 0 0 0 0    0.1062452696E-09    -0.2208236414E-11     0    -0.3248526411E-10    -0.9865325060E-11   0 0 0 0 0   -0.1545998901E-10     0.3004777426E-12     0     0.4573617248E-11     0.1345556827E-11
    0.1299999971E+02   0 0 0 0 0    0.9188484422E-10    -0.1895673100E-11     0    -0.2801950998E-10    -0.8488285880E-11   0 0 0 0 0   -0.1324778606E-10     0.2554724651E-12     0     0.3909798458E-11     0.1147695223E-11
    0.1303999971E+02   0 0 0 0 0    0.7941435968E-10    -0.1626273537E-11     0    -0.2415234128E-10    -0.7298879635E-11   0 0 0 0 0   -0.1134405945E-10     0.2170445712E-12     0     0.3339977169E-11     0.9782468799E-12
    0.1307999971E+02   0 0 0 0 0    0.6859177537E-10    -0.1394223768E-11     0    -0.2080556386E-10    -0.6272157760E-11   0 0 0 0 0   -0.9706898965E-11     0.1842559617E-12     0     0.2851169142E-11     0.8332273499E-12
    0.1311999971E+02   0 0 0 0 0    0.5920519060E-10    -0.1194473352E-11     0    -0.1791093221E-10    -0.5386407212E-11   0 0 0 0 0   -0.8299940071E-11     0.1562991047E-12     0     0.2432139306E-11     0.7091977216E-12
    0.1315999971E+02   0 0 0 0 0    0.5106919896E-10    -0.1022637652E-11     0    -0.1540891767E-10    -0.4622741458E-11   0 0 0 0 0   -0.7091649631E-11     0.1324793053E-12     0     0.2073172053E-11     0.6031917158E-12
    0.1319999970E+02   0 0 0 0 0    0.4402167048E-10    -0.8749123119E-12     0    -0.1324762486E-10    -0.3964741830E-11   0 0 0 0 0   -0.6054701066E-11     0.1121993231E-12     0     0.1765870916E-11     0.5126522871E-12
    0.1323999970E+02   0 0 0 0 0    0.3792091298E-10    -0.7479984229E-12     0    -0.1138183914E-10    -0.3398143193E-11   0 0 0 0 0   -0.5165428135E-11     0.9494603468E-13     0     0.1502983982E-11     0.4353765218E-12
    0.1327999970E+02   0 0 0 0 0    0.3264316932E-10    -0.6390370914E-12     0    -0.9772189555E-11    -0.2910558621E-11   0 0 0 0 0   -0.4403347705E-11     0.8027887732E-13     0     0.1278251813E-11     0.3694677736E-12
    0.1331999970E+02   0 0 0 0 0    0.2808041190E-10    -0.5455522525E-12     0    -0.8384413812E-11    -0.2491238344E-11   0 0 0 0 0   -0.3750743049E-11     0.6781983991E-13     0     0.1086275057E-11     0.3132941114E-12
    0.1335999970E+02   0 0 0 0 0    0.2413840052E-10    -0.4654007221E-12     0    -0.7188713140E-11    -0.2130858845E-11   0 0 0 0 0   -0.3192300194E-11     0.5724480091E-13     0     0.9223992610E-12     0.2654522655E-12
    0.1339999970E+02   0 0 0 0 0    0.2073497280E-10    -0.3967285939E-12     0    -0.6159186351E-11    -0.1821338405E-11   0 0 0 0 0   -0.2714790780E-11     0.4827603572E-13     0     0.7826147102E-12     0.2247363646E-12
    0.1343999970E+02   0 0 0 0 0    0.1779854035E-10    -0.3379331982E-12     0    -0.5273333699E-11    -0.1555675899E-11   0 0 0 0 0   -0.2306795624E-11     0.4067573992E-13     0     0.6634693932E-12     0.1901108418E-12
    0.1347999970E+02   0 0 0 0 0    0.1526676673E-10    -0.2876299316E-12     0    -0.4511622138E-11    -0.1327809969E-11   0 0 0 0 0   -0.1958463931E-11     0.3424043395E-13     0     0.5619934073E-12     0.1606869684E-12
    0.1351999970E+02   0 0 0 0 0    0.1308540572E-10    -0.2446233515E-12     0    -0.3857104625E-11    -0.1132496071E-11   0 0 0 0 0   -0.1661303667E-11     0.2879613248E-13     0     0.4756333471E-12     0.1357025407E-12
    0.1355999970E+02   0 0 0 0 0    0.1120728126E-10    -0.2078820003E-12     0    -0.3295086920E-11    -0.9651992002E-12   0 0 0 0 0   -0.1407999189E-11     0.2419417645E-13     0     0.4021953907E-12     0.1145043083E-12
    0.1359999970E+02   0 0 0 0 0    0.9591392186E-11    -0.1765164937E-12     0    -0.2812836146E-11    -0.8220003316E-12   0 0 0 0 0   -0.1192252678E-11     0.2030763930E-13     0     0.3397959608E-12     0.9653278203E-13
    0.1363999970E+02   0 0 0 0 0    0.8202127000E-11    -0.1497604572E-12     0    -0.2399326005E-11    -0.6995148814E-12   0 0 0 0 0   -0.1008646362E-11     0.1702823027E-13     0     0.2868189798E-12     0.8130910777E-13
    0.1367999969E+02   0 0 0 0 0    0.7008575561E-11    -0.1269539566E-12     0    -0.2045014188E-11    -0.5948216802E-12   0 0 0 0 0   -0.8525228704E-12     0.1426362771E-13     0     0.2418788610E-12     0.6842373215E-13
    0.1371999969E+02   0 0 0 0 0    0.5983926110E-11    -0.1075290976E-12     0    -0.1741648013E-11    -0.5054011407E-12   0 0 0 0 0   -0.7198814154E-12     0.1193518438E-13     0     0.2037884862E-12     0.5752662192E-13
    0.1375999969E+02   0 0 0 0 0    0.5104937354E-11    -0.9099752490E-13     0    -0.1482094821E-11    -0.4290814610E-12   0 0 0 0 0   -0.6072877486E-12     0.9975953933E-14     0     0.1715315153E-12     0.4831882916E-13
    0.1379999969E+02   0 0 0 0 0    0.4351476560E-11    -0.7693957347E-13     0    -0.1260194064E-11    -0.3639918475E-12   0 0 0 0 0   -0.5117961300E-12     0.8328995063E-14     0     0.1442384591E-12     0.4054522193E-13
    0.1383999969E+02   0 0 0 0 0    0.3706115651E-11    -0.6499485941E-13     0    -0.1070628386E-11    -0.3085218645E-12   0 0 0 0 0   -0.4308817460E-12     0.6945915006E-14     0     0.1211660155E-12     0.3398822336E-13
    0.1387999969E+02   0 0 0 0 0    0.3153778241E-11    -0.5485412636E-13     0    -0.9088113320E-12    -0.2612861315E-12   0 0 0 0 0   -0.3623822170E-12     0.5785619660E-14     0     0.1016792369E-12     0.2846242284E-13
    0.1391999969E+02   0 0 0 0 0    0.2681431392E-11    -0.4625218370E-13     0    -0.7707896003E-12    -0.2210936817E-12   0 0 0 0 0   -0.3044470079E-12     0.4813241686E-14     0     0.8523615173E-13     0.2380994096E-13
    0.1395999969E+02   0 0 0 0 0    0.2277816575E-11    -0.3896179302E-13     0    -0.6531580010E-12    -0.1869213834E-12   0 0 0 0 0   -0.2554937029E-12     0.3999221932E-14     0     0.7137450996E-13     0.1989644538E-13
    0.1399999969E+02   0 0 0 0 0    0.1933215024E-11    -0.3278838095E-13     0    -0.5529855268E-12    -0.1578908998E-12   0 0 0 0 0   -0.2141702399E-12     0.3318522822E-14     0     0.5970036852E-13     0.1660772864E-13
    0.1403999969E+02   0 0 0 0 0    0.1639243199E-11    -0.2756546866E-13     0    -0.4677511173E-12    -0.1332487291E-12   0 0 0 0 0   -0.1793223160E-12     0.2749955240E-14     0     0.4987826725E-13     0.1384677065E-13
    0.1407999969E+02   0 0 0 0 0    0.1388674627E-11    -0.2315072371E-13     0    -0.3952878846E-12    -0.1123489234E-12   0 0 0 0 0   -0.1499652748E-12     0.2275602968E-14     0     0.4162278011E-13     0.1153121890E-13
    0.1411999968E+02   0 0 0 0 0    0.1175284817E-11    -0.1942255148E-13     0    -0.3337347164E-12    -0.9463813699E-13   0 0 0 0 0   -0.1252598774E-12     0.1880330918E-14     0     0.3469125410E-13     0.9591228664E-14
    0.1415999968E+02   0 0 0 0 0    0.9937163386E-12    -0.1627715518E-13     0    -0.2814943097E-12    -0.7964269850E-13   0 0 0 0 0   -0.1044914367E-12     0.1551365269E-14     0     0.2887757358E-13     0.7967612946E-14
    0.1419999968E+02   0 0 0 0 0    0.8393615472E-12    -0.1362600108E-13     0    -0.2371968027E-12    -0.6695743982E-13   0 0 0 0 0   -0.8705186021E-13     0.1277935292E-14     0     0.2400680906E-13     0.6610259035E-14
    0.1423999968E+02   0 0 0 0 0    0.7082606933E-12    -0.1139363515E-13     0    -0.1996682826E-12    -0.5623605012E-13   0 0 0 0 0   -0.7242420784E-13     0.1050968027E-14     0     0.1993062839E-13     0.5476774135E-14
    0.1427999968E+02   0 0 0 0 0    0.5970134732E-12    -0.9515803433E-14     0    -0.1679035301E-12    -0.4718275189E-13   0 0 0 0 0   -0.6016942338E-13     0.8628282301E-15     0     0.1652336479E-13     0.4531327859E-14
    0.1431999968E+02   0 0 0 0 0    0.5027022959E-12    -0.7937835107E-14     0    -0.1410424508E-12    -0.3954512288E-13   0 0 0 0 0   -0.4991494154E-13     0.7070970583E-15     0     0.1367865017E-13     0.3743663699E-14
    0.1435999968E+02   0 0 0 0 0    0.4228257631E-12    -0.6613252619E-14     0    -0.1183497059E-12    -0.3310791042E-13   0 0 0 0 0   -0.4134491358E-13     0.5783838809E-15     0     0.1130653472E-13     0.3088255460E-14
    0.1439999968E+02   0 0 0 0 0    0.3552410436E-12    -0.5502577849E-14     0    -0.9919712231E-13    -0.2768770461E-13   0 0 0 0 0   -0.3419182810E-13     0.4721663888E-15     0     0.9331024585E-14     0.2543587953E-14
    0.1443999968E+02   0 0 0 0 0    0.2981139889E-12    -0.4572307411E-14     0    -0.8304851246E-13    -0.2312835446E-13   0 0 0 0 0   -0.2822933369E-13     0.3846548682E-15     0     0.7687978404E-14     0.2091544140E-14
    0.1447999968E+02   0 0 0 0 0    0.2498759822E-12    -0.3794033788E-14     0    -0.6944658414E-13    -0.1929702602E-13   0 0 0 0 0   -0.2326609605E-13     0.3126770859E-15     0     0.6323312097E-14     0.1716883382E-14
    0.1451999968E+02   0 0 0 0 0    0.2091866389E-12    -0.3143692155E-14     0    -0.5800166008E-13    -0.1608081514E-13   0 0 0 0 0   -0.1914054489E-13     0.2535807433E-15     0     0.5191467827E-14     0.1406797625E-14
    0.1455999967E+02   0 0 0 0 0    0.1749015896E-12    -0.2600915404E-14     0    -0.4838196475E-13    -0.1338383897E-13   0 0 0 0 0   -0.1571638539E-13     0.2051508930E-15     0     0.4254109418E-14     0.1150534183E-14
    0.1459999967E+02   0 0 0 0 0    0.1460446744E-12    -0.2148482254E-14     0    -0.4030526664E-13    -0.1112474029E-13   0 0 0 0 0   -0.1287876646E-13     0.1655400877E-15     0     0.3479011670E-14     0.9390754033E-15
    0.1463999967E+02   0 0 0 0 0    0.1217839621E-12    -0.1771845402E-14     0    -0.3353169242E-13    -0.9234547756E-14   0 0 0 0 0   -0.1053101226E-13     0.1332093547E-15     0     0.2839115564E-14     0.7648668627E-15
    0.1467999967E+02   0 0 0 0 0    0.1014110854E-12    -0.1458728416E-14     0    -0.2785755343E-13    -0.7654842688E-14   0 0 0 0 0   -0.8591836939E-14     0.1068783649E-15     0     0.2311725281E-14     0.6215869500E-15
    0.1471999967E+02   0 0 0 0 0    0.8432344696E-13    -0.1198781690E-14     0    -0.2311004595E-13    -0.6336189708E-14   0 0 0 0 0   -0.6992973003E-14     0.8548340760E-16     0     0.1877826369E-14     0.5039517024E-15
    0.1475999967E+02   0 0 0 0 0    0.7000891004E-13    -0.9832890250E-15     0    -0.1914270535E-13    -0.5236794290E-14   0 0 0 0 0   -0.5677154001E-14     0.6814198260E-16     0     0.1521507295E-14     0.4075496528E-15
    0.1479999967E+02   0 0 0 0 0    0.5803263668E-13    -0.8049175358E-15     0    -0.1583150964E-13    -0.4321355286E-14   0 0 0 0 0   -0.4596400014E-14     0.5412299874E-16     0     0.1229469174E-14     0.3287022023E-15
    0.1483999967E+02   0 0 0 0 0    0.4802578233E-13    -0.6575047552E-15     0    -0.1307154263E-13    -0.3560084957E-14   0 0 0 0 0   -0.3710561962E-14     0.4282171802E-16     0     0.9906106099E-15     0.2643456833E-15
    0.1487999967E+02   0 0 0 0 0    0.3967579425E-13    -0.5358776458E-15     0    -0.1077413906E-13    -0.2927872818E-14   0 0 0 0 0   -0.2986086844E-14     0.3373871191E-16     0     0.7956764926E-15     0.2119318392E-15
    0.1491999967E+02   0 0 0 0 0    0.3271808910E-13    -0.4356985297E-15     0    -0.8864442869E-14    -0.2403572486E-14   0 0 0 0 0   -0.2394971416E-14     0.2646220744E-16     0     0.6369611844E-15     0.1693439279E-15
    0.1495999967E+02   0 0 0 0 0    0.2692892641E-13    -0.3533346006E-15     0    -0.7279322534E-14    -0.1969394440E-14   0 0 0 0 0   -0.1913876436E-14     0.2065329349E-16     0     0.5080579253E-15     0.1348260655E-15
    0.1499999966E+02   0 0 0 0 0    0.2211930349E-13    -0.2857468739E-15     0    -0.5965590521E-14    -0.1610388807E-14   0 0 0 0 0   -0.1523377624E-14     0.1603353885E-16     0     0.4036474782E-15     0.1069237832E-15
    0.1503999966E+02   0 0 0 0 0    0.1812973834E-13    -0.2303964152E-15     0    -0.4878486172E-14    -0.1314005851E-14   0 0 0 0 0   -0.1207332891E-14     0.1237464097E-16     0     0.3193200553E-15     0.8443406915E-16
    0.1507999966E+02   0 0 0 0 0    0.1482580789E-13    -0.1851646654E-15     0    -0.3980382098E-14    -0.1069722243E-14   0 0 0 0 0   -0.9523483762E-15     0.9489783418E-17     0     0.2514254471E-15     0.6636342679E-16
    0.1511999966E+02   0 0 0 0 0    0.1209434087E-13    -0.1482861988E-15     0    -0.3239683597E-14    -0.8687239490E-15   0 0 0 0 0   -0.7473283536E-15     0.7226429082E-17     0     0.1969470252E-15     0.5189270284E-16
    0.1515999966E+02   0 0 0 0 0    0.9840170592E-14    -0.1182918916E-15     0    -0.2629892661E-14    -0.7036372723E-15   0 0 0 0 0   -0.5830962685E-15     0.5460318607E-17     0     0.1533959365E-15     0.4034762449E-16
    0.1519999966E+02   0 0 0 0 0    0.7983367204E-14    -0.9396089831E-16     0    -0.2128812536E-14    -0.5683009047E-15   0 0 0 0 0   -0.4520760338E-15     0.4090479401E-17     0     0.1187223550E-15     0.3117414832E-16
    0.1523999966E+02   0 0 0 0 0    0.6456882021E-14    -0.7428018309E-16     0    -0.1717872667E-14    -0.4575729925E-15   0 0 0 0 0   -0.3480243254E-15     0.3035080919E-17     0     0.9124113094E-16     0.2391785942E-16
    0.1527999966E+02   0 0 0 0 0    0.5204544256E-14    -0.5841043282E-16     0    -0.1381556288E-14    -0.3671679827E-15   0 0 0 0 0   -0.2658059902E-15     0.2227997829E-17     0     0.6956957735E-16     0.1820677642E-16
    0.1531999966E+02   0 0 0 0 0    0.4179359171E-14    -0.4565737162E-16     0    -0.1106915547E-14    -0.2935187863E-15   0 0 0 0 0   -0.2012058667E-15     0.1615964541E-17     0     0.5257547894E-16     0.1373701767E-16
    0.1535999966E+02   0 0 0 0 0    0.3342063788E-14    -0.3544764654E-16     0    -0.8831611871E-15    -0.2336604505E-15   0 0 0 0 0   -0.1507713193E-15     0.1156223112E-17     0     0.3933370096E-16     0.1026086799E-16
    0.1539999966E+02   0 0 0 0 0    0.2659902675E-14    -0.2730858412E-16     0    -0.7013157466E-15    -0.1851320998E-15   0 0 0 0 0   -0.1116806561E-15     0.8145822323E-18     0     0.2909002470E-16     0.7576857690E-17
    0.1543999965E+02   0 0 0 0 0    0.2105591521E-14    -0.2085121566E-16     0    -0.5539207860E-15    -0.1458943729E-15   0 0 0 0 0   -0.8163333145E-16     0.5638182322E-18     0     0.2123104910E-16     0.5521526252E-17
    0.1547999965E+02   0 0 0 0 0    0.1656440404E-14    -0.1575604367E-16     0    -0.4347899305E-15    -0.1142599653E-15   0 0 0 0 0   -0.5875846607E-16     0.3823602477E-18     0     0.1525917876E-16     0.3962594844E-17
    0.1551999965E+02   0 0 0 0 0    0.1293614080E-14    -0.1176115571E-16     0    -0.3388010781E-15    -0.8883533781E-16   0 0 0 0 0   -0.4153874957E-16     0.2532110784E-18     0     0.1077187179E-16     0.2793315761E-17
    0.1555999965E+02   0 0 0 0 0    0.1001507658E-14    -0.8652262781E-17     0    -0.2617215152E-15    -0.6847178589E-16   0 0 0 0 0   -0.2874725009E-16     0.1630632440E-18     0     0.7444451873E-17     0.1927803919E-17
    0.1559999965E+02   0 0 0 0 0    0.7672214631E-15    -0.6254393246E-17     0    -0.2000612079E-15    -0.5222449662E-16   0 0 0 0 0   -0.1939504071E-16     0.1015763843E-18     0     0.5015899057E-17     0.1297186975E-17
    0.1563999965E+02   0 0 0 0 0    0.5801200297E-15    -0.4424962941E-17     0    -0.1509499250E-15    -0.3931834127E-16   0 0 0 0 0   -0.1268788475E-16     0.6078776746E-19     0     0.3277128175E-17     0.8464372187E-18
    0.1567999965E+02   0 0 0 0 0    0.4314624591E-15    -0.3047989017E-17     0    -0.1120345087E-15    -0.2911934722E-16   0 0 0 0 0   -0.7990502404E-17     0.3463236061E-19     0     0.2061343101E-17     0.5317708452E-18
    0.1571999965E+02   0 0 0 0 0    0.3140938198E-15    -0.2029267671E-17     0    -0.8139332000E-16    -0.2111099389E-16   0 0 0 0 0   -0.4797180473E-17     0.1855284105E-19     0     0.1236122695E-17     0.3185192076E-18
    0.1575999965E+02   0 0 0 0 0    0.2221885941E-15    -0.1292351318E-17     0    -0.5746527443E-16    -0.1487459355E-16   0 0 0 0 0   -0.2707690475E-17     0.9183203882E-20     0     0.6969515973E-18     0.1793927321E-18
    0.1579999965E+02   0 0 0 0 0    0.1510386145E-15    -0.7751870218E-18     0    -0.3899130421E-16    -0.1007313909E-16   0 0 0 0 0   -0.1407654327E-17     0.4092347341E-20     0     0.3619576933E-18     0.9307177581E-19
    0.1583999965E+02   0 0 0 0 0    0.9687923599E-16    -0.4272989667E-18     0    -0.2496645732E-16    -0.6438108127E-17   0 0 0 0 0   -0.6526449447E-18     0.1576272321E-20     0     0.1676595586E-18     0.4307026286E-19
    0.1587999965E+02   0 0 0 0 0    0.5674856139E-16    -0.2074150680E-18     0    -0.1460115336E-16    -0.3758802027E-17   0 0 0 0 0   -0.2554367058E-18     0.4893933068E-21     0     0.6556265874E-19     0.1682778006E-19
    0.1591999964E+02   0 0 0 0 0    0.2837500162E-16    -0.8144663172E-19     0    -0.7290262571E-17    -0.1873843453E-17   0 0 0 0 0   -0.7593077977E-19     0.1069766194E-21     0     0.1947358573E-19     0.4994243916E-20
    0.1595999964E+02   0 0 0 0 0    0.1008523867E-16    -0.2072438512E-19     0    -0.2587872290E-17    -0.6642566001E-18   0 0 0 0 0   -0.1337653274E-19     0.1195080072E-22     0     0.3428147997E-20     0.8785557665E-21
    0.1599999964E+02   0 0 0 0 0    0.7131991645E-18    -0.5504380874E-21     0    -0.1827304059E-18    -0.4683382109E-19   0 0 0 0 0   -0.5965962319E-21     0.3088944438E-24     0     0.1528194516E-21     0.3914432403E-22
