

# N H repulsion (fit to NH_3, also NH OK; 9.6 2005)
# 110
repulsion=
      0.000000000000      6.678615388389
      0.161111112057      4.716594415884
      0.322222224113      3.330969308792
      0.483333336170      2.352408445116
      0.644444448227      1.661325872336
      0.805555560283      1.173267193384
      0.966666672340      0.828588737461
      1.127777784397      0.585168749044
      1.288888896453      0.413259859056
      1.450000008510      0.291853779590
      1.550000010000      0.235074718717
      1.573737383636      0.223411001121
      1.597474757273      0.212113757126
      1.621212130909      0.201276187263
      1.644949504545      0.190895486521
      1.668686878182      0.180967723420
      1.692424251818      0.171487840012
      1.716161625455      0.162449651884
      1.739898999091      0.153845848155
      1.763636372727      0.145667991478
      1.787373746364      0.137906518039
      1.811111120000      0.130550737556
      1.834848493636      0.123588833281
      1.858585867273      0.117007861999
      1.882323240909      0.110793754028
      1.906060614545      0.104931313219
      1.929797988182      0.099402698415
      1.953535361818      0.094180158499
      1.977272735455      0.089230685097
      2.001010109091      0.084530263355
      2.024747482727      0.080067127082
      2.048484856364      0.075829972752
      2.072222230000      0.071807959508
      2.095959603636      0.067990709159
      2.119696977273      0.064368306177
      2.143434350909      0.060931297705
      2.167171724545      0.057670693549
      2.190909098182      0.054577966182
      2.214646471818      0.051645050746
      2.238383845455      0.048864345045
      2.262121219091      0.046228709553
      2.285858592727      0.043731467408
      2.309595966364      0.041366404416
      2.333333340000      0.039127769048
      2.357070713636      0.037010272443
      2.380808087273      0.035009088405
      2.404545460909      0.033119853404
      2.428282834545      0.031338666577
      2.452020208182      0.029662089729
      2.475757581818      0.028087147328
      2.499494955455      0.026611326428
      2.523232329091      0.025215028819
      2.546969702727      0.023876635981
      2.570707076364      0.022594370456
      2.594444450000      0.021366503338
      2.618181823636      0.020191336317
      2.641919197273      0.019067201675
      2.665656570909      0.017992462290
      2.689393944545      0.016965511635
      2.713131318182      0.015984773778
      2.736868691818      0.015048703381
      2.760606065455      0.014155785701
      2.784343439091      0.013304536590
      2.808080812727      0.012493502495
      2.831818186364      0.011721260456
      2.855555560000      0.010986418109
      2.879292933636      0.010287613686
      2.903030307273      0.009623516013
      2.926767680909      0.008992824508
      2.950505054545      0.008394269188
      2.974242428182      0.007826610662
      2.997979801818      0.007288640134
      3.021717175455      0.006779179405
      3.045454549091      0.006297080867
      3.069191922727      0.005841227510
      3.092929296364      0.005410532917
      3.116666670000      0.005003941266
      3.140404043636      0.004620427331
      3.164141417273      0.004258996479
      3.187878790909      0.003918684673
      3.211616164545      0.003598558470
      3.235353538182      0.003297715021
      3.259090911818      0.003015282075
      3.282828285455      0.002750417971
      3.306565659091      0.002502311647
      3.330303032727      0.002270182633
      3.354040406364      0.002053281055
      3.377777780000      0.001850887634
      3.401515153636      0.001662313685
      3.425252527273      0.001486901118
      3.448989900909      0.001324022437
      3.472727274545      0.001173080742
      3.496464648182      0.001033509727
      3.520202021818      0.000904773681
      3.543939395455      0.000786367489
      3.567676769091      0.000677816628
      3.591414142727      0.000578677171
      3.615151516364      0.000488535787
      3.638888890000      0.000407009738
      3.662626263636      0.000333746882
      3.686363637273      0.000268425670
      3.710101010909      0.000210755151
      3.733838384545      0.000160474965
      3.757575758182      0.000117355349
      3.781313131818      0.000081197134
      3.805050505455      0.000051831746
      3.828787879091      0.000029121207
      3.852525252727      0.000012958130
      3.876262626364      0.000003265727
      3.900000000000      0.000000000000



# H N  Slater-Koster (6.6 2005)
H_N_table=
    0.0000000001E+00  0 0 0 0 0 0 0 0    0.1794841503E-03     0.5944915554E+00  0 0 0 0 0 0 0 0   -0.5471091375E-06    -0.8395672419E+00
    0.3999999911E-01  0 0 0 0 0 0 0 0    0.7313351415E-01     0.6009582751E+00  0 0 0 0 0 0 0 0   -0.3626851498E-01    -0.8394326765E+00
    0.7999999821E-01  0 0 0 0 0 0 0 0    0.1442389992E+00     0.6178263278E+00  0 0 0 0 0 0 0 0   -0.7234960290E-01    -0.8390169152E+00
    0.1199999973E+00  0 0 0 0 0 0 0 0    0.2121691679E+00     0.6412074731E+00  0 0 0 0 0 0 0 0   -0.1080615367E+00    -0.8382884313E+00
    0.1599999964E+00  0 0 0 0 0 0 0 0    0.2760310416E+00     0.6681366550E+00  0 0 0 0 0 0 0 0   -0.1432300990E+00    -0.8372040736E+00
    0.1999999955E+00  0 0 0 0 0 0 0 0    0.3352616222E+00     0.6964318651E+00  0 0 0 0 0 0 0 0   -0.1776915579E+00    -0.8357151608E+00
    0.2399999946E+00  0 0 0 0 0 0 0 0    0.3895439717E+00     0.7245106288E+00  0 0 0 0 0 0 0 0   -0.2112942879E+00    -0.8337718561E+00
    0.2799999937E+00  0 0 0 0 0 0 0 0    0.4387443378E+00     0.7512475944E+00  0 0 0 0 0 0 0 0   -0.2438997837E+00    -0.8313262489E+00
    0.3199999928E+00  0 0 0 0 0 0 0 0    0.4828643239E+00     0.7758658531E+00  0 0 0 0 0 0 0 0   -0.2753832166E+00    -0.8283344644E+00
    0.3599999920E+00  0 0 0 0 0 0 0 0    0.5220041222E+00     0.7978537424E+00  0 0 0 0 0 0 0 0   -0.3056336439E+00    -0.8247580459E+00
    0.3999999911E+00  0 0 0 0 0 0 0 0    0.5563341245E+00     0.8169007642E+00  0 0 0 0 0 0 0 0   -0.3345539572E+00    -0.8205647901E+00
    0.4399999902E+00  0 0 0 0 0 0 0 0    0.5860730476E+00     0.8328479828E+00  0 0 0 0 0 0 0 0   -0.3620606354E+00    -0.8157291768E+00
    0.4799999893E+00  0 0 0 0 0 0 0 0    0.6114712024E+00     0.8456495425E+00  0 0 0 0 0 0 0 0   -0.3880833542E+00    -0.8102324981E+00
    0.5199999884E+00  0 0 0 0 0 0 0 0    0.6327978191E+00     0.8553428145E+00  0 0 0 0 0 0 0 0   -0.4125644898E+00    -0.8040627693E+00
    0.5599999875E+00  0 0 0 0 0 0 0 0    0.6503315299E+00     0.8620252723E+00  0 0 0 0 0 0 0 0   -0.4354585484E+00    -0.7972144834E+00
    0.5999999866E+00  0 0 0 0 0 0 0 0    0.6643532672E+00     0.8658366119E+00  0 0 0 0 0 0 0 0   -0.4567315426E+00    -0.7896882570E+00
    0.6399999857E+00  0 0 0 0 0 0 0 0    0.6751409930E+00     0.8669449574E+00  0 0 0 0 0 0 0 0   -0.4763603339E+00    -0.7814904042E+00
    0.6799999848E+00  0 0 0 0 0 0 0 0    0.6829658193E+00     0.8655362488E+00  0 0 0 0 0 0 0 0   -0.4943319532E+00    -0.7726324654E+00
    0.7199999839E+00  0 0 0 0 0 0 0 0    0.6880891975E+00     0.8618061175E+00  0 0 0 0 0 0 0 0   -0.5106429113E+00    -0.7631307125E+00
    0.7599999830E+00  0 0 0 0 0 0 0 0    0.6907609403E+00     0.8559537151E+00  0 0 0 0 0 0 0 0   -0.5252985062E+00    -0.7530056456E+00
    0.7999999821E+00  0 0 0 0 0 0 0 0    0.6912178999E+00     0.8481770808E+00  0 0 0 0 0 0 0 0   -0.5383121360E+00    -0.7422814934E+00
    0.8399999812E+00  0 0 0 0 0 0 0 0    0.6896831649E+00     0.8386697248E+00  0 0 0 0 0 0 0 0   -0.5497046197E+00    -0.7309857254E+00
    0.8799999803E+00  0 0 0 0 0 0 0 0    0.6863656655E+00     0.8276181715E+00  0 0 0 0 0 0 0 0   -0.5595035325E+00    -0.7191485823E+00
    0.9199999794E+00  0 0 0 0 0 0 0 0    0.6814600994E+00     0.8152002588E+00  0 0 0 0 0 0 0 0   -0.5677425578E+00    -0.7068026292E+00
    0.9599999785E+00  0 0 0 0 0 0 0 0    0.6751471035E+00     0.8015840306E+00  0 0 0 0 0 0 0 0   -0.5744608577E+00    -0.6939823336E+00
    0.9999999776E+00  0 0 0 0 0 0 0 0    0.6675936110E+00     0.7869270898E+00  0 0 0 0 0 0 0 0   -0.5797024650E+00    -0.6807236703E+00
    0.1039999977E+01  0 0 0 0 0 0 0 0    0.6589533457E+00     0.7713763060E+00  0 0 0 0 0 0 0 0   -0.5835156985E+00    -0.6670637541E+00
    0.1079999976E+01  0 0 0 0 0 0 0 0    0.6493674101E+00     0.7550677925E+00  0 0 0 0 0 0 0 0   -0.5859526004E+00    -0.6530405001E+00
    0.1119999975E+01  0 0 0 0 0 0 0 0    0.6389649376E+00     0.7381270828E+00  0 0 0 0 0 0 0 0   -0.5870683998E+00    -0.6386923116E+00
    0.1159999974E+01  0 0 0 0 0 0 0 0    0.6278637802E+00     0.7206694529E+00  0 0 0 0 0 0 0 0   -0.5869210002E+00    -0.6240577948E+00
    0.1199999973E+01  0 0 0 0 0 0 0 0    0.6161712126E+00     0.7028003444E+00  0 0 0 0 0 0 0 0   -0.5855704935E+00    -0.6091754989E+00
    0.1239999972E+01  0 0 0 0 0 0 0 0    0.6039846364E+00     0.6846158548E+00  0 0 0 0 0 0 0 0   -0.5830786989E+00    -0.5940836813E+00
    0.1279999971E+01  0 0 0 0 0 0 0 0    0.5913922732E+00     0.6662032681E+00  0 0 0 0 0 0 0 0   -0.5795087288E+00    -0.5788200966E+00
    0.1319999970E+01  0 0 0 0 0 0 0 0    0.5784738361E+00     0.6476416046E+00  0 0 0 0 0 0 0 0   -0.5749245798E+00    -0.5634218070E+00
    0.1359999970E+01  0 0 0 0 0 0 0 0    0.5653011761E+00     0.6290021746E+00  0 0 0 0 0 0 0 0   -0.5693907509E+00    -0.5479250150E+00
    0.1399999969E+01  0 0 0 0 0 0 0 0    0.5519388968E+00     0.6103491249E+00  0 0 0 0 0 0 0 0   -0.5629718864E+00    -0.5323649153E+00
    0.1439999968E+01  0 0 0 0 0 0 0 0    0.5384449370E+00     0.5917399690E+00  0 0 0 0 0 0 0 0   -0.5557324460E+00    -0.5167755655E+00
    0.1479999967E+01  0 0 0 0 0 0 0 0    0.5248711185E+00     0.5732260954E+00  0 0 0 0 0 0 0 0   -0.5477363989E+00    -0.5011897742E+00
    0.1519999966E+01  0 0 0 0 0 0 0 0    0.5112636595E+00     0.5548532510E+00  0 0 0 0 0 0 0 0   -0.5390469445E+00    -0.4856390065E+00
    0.1559999965E+01  0 0 0 0 0 0 0 0    0.4976636543E+00     0.5366619965E+00  0 0 0 0 0 0 0 0   -0.5297262568E+00    -0.4701533034E+00
    0.1599999964E+01  0 0 0 0 0 0 0 0    0.4841075198E+00     0.5186881331E+00  0 0 0 0 0 0 0 0   -0.5198352534E+00    -0.4547612169E+00
    0.1639999963E+01  0 0 0 0 0 0 0 0    0.4706274099E+00     0.5009631010E+00  0 0 0 0 0 0 0 0   -0.5094333887E+00    -0.4394897581E+00
    0.1679999962E+01  0 0 0 0 0 0 0 0    0.4572515997E+00     0.4835143491E+00  0 0 0 0 0 0 0 0   -0.4985784693E+00    -0.4243643576E+00
    0.1719999962E+01  0 0 0 0 0 0 0 0    0.4440048415E+00     0.4663656781E+00  0 0 0 0 0 0 0 0   -0.4873264926E+00    -0.4094088379E+00
    0.1759999961E+01  0 0 0 0 0 0 0 0    0.4309086926E+00     0.4495375572E+00  0 0 0 0 0 0 0 0   -0.4757315060E+00    -0.3946453962E+00
    0.1799999960E+01  0 0 0 0 0 0 0 0    0.4179818187E+00     0.4330474165E+00  0 0 0 0 0 0 0 0   -0.4638454883E+00    -0.3800945980E+00
    0.1839999959E+01  0 0 0 0 0 0 0 0    0.4052402732E+00     0.4169099168E+00  0 0 0 0 0 0 0 0   -0.4517182493E+00    -0.3657753791E+00
    0.1879999958E+01  0 0 0 0 0 0 0 0    0.3926977536E+00     0.4011371978E+00  0 0 0 0 0 0 0 0   -0.4393973500E+00    -0.3517050561E+00
    0.1919999957E+01  0 0 0 0 0 0 0 0    0.3803658379E+00     0.3857391068E+00  0 0 0 0 0 0 0 0   -0.4269280393E+00    -0.3378993458E+00
    0.1959999956E+01  0 0 0 0 0 0 0 0    0.3682542013E+00     0.3707234089E+00  0 0 0 0 0 0 0 0   -0.4143532091E+00    -0.3243723900E+00
    0.1999999955E+01  0 0 0 0 0 0 0 0    0.3563708146E+00     0.3560959807E+00  0 0 0 0 0 0 0 0   -0.4017133642E+00    -0.3111367877E+00
    0.2039999954E+01  0 0 0 0 0 0 0 0    0.3447221258E+00     0.3418609884E+00  0 0 0 0 0 0 0 0   -0.3890466076E+00    -0.2982036334E+00
    0.2079999954E+01  0 0 0 0 0 0 0 0    0.3333132263E+00     0.3280210520E+00  0 0 0 0 0 0 0 0   -0.3763886396E+00    -0.2855825591E+00
    0.2119999953E+01  0 0 0 0 0 0 0 0    0.3221480019E+00     0.3145773960E+00  0 0 0 0 0 0 0 0   -0.3637727697E+00    -0.2732817821E+00
    0.2159999952E+01  0 0 0 0 0 0 0 0    0.3112292705E+00     0.3015299881E+00  0 0 0 0 0 0 0 0   -0.3512299399E+00    -0.2613081561E+00
    0.2199999951E+01  0 0 0 0 0 0 0 0    0.3005589070E+00     0.2888776677E+00  0 0 0 0 0 0 0 0   -0.3387887589E+00    -0.2496672258E+00
    0.2239999950E+01  0 0 0 0 0 0 0 0    0.2901379567E+00     0.2766182629E+00  0 0 0 0 0 0 0 0   -0.3264755459E+00    -0.2383632842E+00
    0.2279999949E+01  0 0 0 0 0 0 0 0    0.2799667369E+00     0.2647486994E+00  0 0 0 0 0 0 0 0   -0.3143143825E+00    -0.2273994319E+00
    0.2319999948E+01  0 0 0 0 0 0 0 0    0.2700449293E+00     0.2532650996E+00  0 0 0 0 0 0 0 0   -0.3023271726E+00    -0.2167776389E+00
    0.2359999947E+01  0 0 0 0 0 0 0 0    0.2603716624E+00     0.2421628747E+00  0 0 0 0 0 0 0 0   -0.2905337088E+00    -0.2064988070E+00
    0.2399999946E+01  0 0 0 0 0 0 0 0    0.2509455854E+00     0.2314368088E+00  0 0 0 0 0 0 0 0   -0.2789517439E+00    -0.1965628334E+00
    0.2439999945E+01  0 0 0 0 0 0 0 0    0.2417649341E+00     0.2210811358E+00  0 0 0 0 0 0 0 0   -0.2675970681E+00    -0.1869686745E+00
    0.2479999945E+01  0 0 0 0 0 0 0 0    0.2328275892E+00     0.2110896112E+00  0 0 0 0 0 0 0 0   -0.2564835892E+00    -0.1777144102E+00
    0.2519999944E+01  0 0 0 0 0 0 0 0    0.2241311280E+00     0.2014555765E+00  0 0 0 0 0 0 0 0   -0.2456234164E+00    -0.1687973071E+00
    0.2559999943E+01  0 0 0 0 0 0 0 0    0.2156728704E+00     0.1921720191E+00  0 0 0 0 0 0 0 0   -0.2350269463E+00    -0.1602138823E+00
    0.2599999942E+01  0 0 0 0 0 0 0 0    0.2074499183E+00     0.1832316269E+00  0 0 0 0 0 0 0 0   -0.2247029504E+00    -0.1519599650E+00
    0.2639999941E+01  0 0 0 0 0 0 0 0    0.1994591906E+00     0.1746268378E+00  0 0 0 0 0 0 0 0   -0.2146586638E+00    -0.1440307574E+00
    0.2679999940E+01  0 0 0 0 0 0 0 0    0.1916974537E+00     0.1663498856E+00  0 0 0 0 0 0 0 0   -0.2048998743E+00    -0.1364208947E+00
    0.2719999939E+01  0 0 0 0 0 0 0 0    0.1841613474E+00     0.1583928410E+00  0 0 0 0 0 0 0 0   -0.1954310111E+00    -0.1291245023E+00
    0.2759999938E+01  0 0 0 0 0 0 0 0    0.1768474071E+00     0.1507476493E+00  0 0 0 0 0 0 0 0   -0.1862552328E+00    -0.1221352521E+00
    0.2799999937E+01  0 0 0 0 0 0 0 0    0.1697520837E+00     0.1434061647E+00  0 0 0 0 0 0 0 0   -0.1773745147E+00    -0.1154464165E+00
    0.2839999937E+01  0 0 0 0 0 0 0 0    0.1628717590E+00     0.1363601812E+00  0 0 0 0 0 0 0 0   -0.1687897343E+00    -0.1090509198E+00
    0.2879999936E+01  0 0 0 0 0 0 0 0    0.1562027600E+00     0.1296014604E+00  0 0 0 0 0 0 0 0   -0.1605007547E+00    -0.1029413880E+00
    0.2919999935E+01  0 0 0 0 0 0 0 0    0.1497413702E+00     0.1231217569E+00  0 0 0 0 0 0 0 0   -0.1525065066E+00    -0.9711019591E-01
    0.2959999934E+01  0 0 0 0 0 0 0 0    0.1434838389E+00     0.1169128410E+00  0 0 0 0 0 0 0 0   -0.1448050664E+00    -0.9154951164E-01
    0.2999999933E+01  0 0 0 0 0 0 0 0    0.1374263898E+00     0.1109665188E+00  0 0 0 0 0 0 0 0   -0.1373937337E+00    -0.8625133907E-01
    0.3039999932E+01  0 0 0 0 0 0 0 0    0.1315652268E+00     0.1052746509E+00  0 0 0 0 0 0 0 0   -0.1302691037E+00    -0.8120755741E-01
    0.3079999931E+01  0 0 0 0 0 0 0 0    0.1258965399E+00     0.9982916826E-01  0 0 0 0 0 0 0 0   -0.1234271386E+00    -0.7640995844E-01
    0.3119999930E+01  0 0 0 0 0 0 0 0    0.1204165095E+00     0.9462208684E-01  0 0 0 0 0 0 0 0   -0.1168632342E+00    -0.7185028122E-01
    0.3159999929E+01  0 0 0 0 0 0 0 0    0.1151213095E+00     0.8964552043E-01  0 0 0 0 0 0 0 0   -0.1105722846E+00    -0.6752024426E-01
    0.3199999928E+01  0 0 0 0 0 0 0 0    0.1100071112E+00     0.8489169193E-01  0 0 0 0 0 0 0 0   -0.1045487429E+00    -0.6341157530E-01
    0.3239999928E+01  0 0 0 0 0 0 0 0    0.1050700849E+00     0.8035294325E-01  0 0 0 0 0 0 0 0   -0.9878667865E-01    -0.5951603865E-01
    0.3279999927E+01  0 0 0 0 0 0 0 0    0.1003064027E+00     0.7602174405E-01  0 0 0 0 0 0 0 0   -0.9327983240E-01    -0.5582546019E-01
    0.3319999926E+01  0 0 0 0 0 0 0 0    0.9571223991E-01     0.7189069923E-01  0 0 0 0 0 0 0 0   -0.8802166657E-01    -0.5233175013E-01
    0.3359999925E+01  0 0 0 0 0 0 0 0    0.9128377698E-01     0.6795255541E-01  0 0 0 0 0 0 0 0   -0.8300541326E-01    -0.4902692352E-01
    0.3399999924E+01  0 0 0 0 0 0 0 0    0.8701720097E-01     0.6420020649E-01  0 0 0 0 0 0 0 0   -0.7822411881E-01    -0.4590311865E-01
    0.3439999923E+01  0 0 0 0 0 0 0 0    0.8290870712E-01     0.6062669830E-01  0 0 0 0 0 0 0 0   -0.7367068524E-01    -0.4295261347E-01
    0.3479999922E+01  0 0 0 0 0 0 0 0    0.7895450037E-01     0.5722523248E-01  0 0 0 0 0 0 0 0   -0.6933790862E-01    -0.4016783999E-01
    0.3519999921E+01  0 0 0 0 0 0 0 0    0.7515079696E-01     0.5398916960E-01  0 0 0 0 0 0 0 0   -0.6521851453E-01    -0.3754139694E-01
    0.3559999920E+01  0 0 0 0 0 0 0 0    0.7149382605E-01     0.5091203151E-01  0 0 0 0 0 0 0 0   -0.6130519055E-01    -0.3506606056E-01
    0.3599999920E+01  0 0 0 0 0 0 0 0    0.6797983158E-01     0.4798750320E-01  0 0 0 0 0 0 0 0   -0.5759061611E-01    -0.3273479389E-01
    0.3639999919E+01  0 0 0 0 0 0 0 0    0.6460507407E-01     0.4520943411E-01  0 0 0 0 0 0 0 0   -0.5406748961E-01    -0.3054075439E-01
    0.3679999918E+01  0 0 0 0 0 0 0 0    0.6136583268E-01     0.4257183902E-01  0 0 0 0 0 0 0 0   -0.5072855300E-01    -0.2847730019E-01
    0.3719999917E+01  0 0 0 0 0 0 0 0    0.5825840728E-01     0.4006889847E-01  0 0 0 0 0 0 0 0   -0.4756661403E-01    -0.2653799495E-01
    0.3759999916E+01  0 0 0 0 0 0 0 0    0.5527912064E-01     0.3769495879E-01  0 0 0 0 0 0 0 0   -0.4457456610E-01    -0.2471661155E-01
    0.3799999915E+01  0 0 0 0 0 0 0 0    0.5242432078E-01     0.3544453175E-01  0 0 0 0 0 0 0 0   -0.4174540598E-01    -0.2300713449E-01
    0.3839999914E+01  0 0 0 0 0 0 0 0    0.4969038331E-01     0.3331229390E-01  0 0 0 0 0 0 0 0   -0.3907224953E-01    -0.2140376140E-01
    0.3879999913E+01  0 0 0 0 0 0 0 0    0.4707371384E-01     0.3129308556E-01  0 0 0 0 0 0 0 0   -0.3654834540E-01    -0.1990090344E-01
    0.3919999912E+01  0 0 0 0 0 0 0 0    0.4457075055E-01     0.2938190959E-01  0 0 0 0 0 0 0 0   -0.3416708696E-01    -0.1849318489E-01
    0.3959999911E+01  0 0 0 0 0 0 0 0    0.4217796667E-01     0.2757392983E-01  0 0 0 0 0 0 0 0   -0.3192202257E-01    -0.1717544192E-01
    0.3999999911E+01  0 0 0 0 0 0 0 0    0.3989187304E-01     0.2586446938E-01  0 0 0 0 0 0 0 0   -0.2980686419E-01    -0.1594272066E-01
    0.4039999910E+01  0 0 0 0 0 0 0 0    0.3770902067E-01     0.2424900863E-01  0 0 0 0 0 0 0 0   -0.2781549462E-01    -0.1479027459E-01
    0.4079999909E+01  0 0 0 0 0 0 0 0    0.3562600328E-01     0.2272318312E-01  0 0 0 0 0 0 0 0   -0.2594197329E-01    -0.1371356142E-01
    0.4119999908E+01  0 0 0 0 0 0 0 0    0.3363945981E-01     0.2128278119E-01  0 0 0 0 0 0 0 0   -0.2418054086E-01    -0.1270823940E-01
    0.4159999907E+01  0 0 0 0 0 0 0 0    0.3174607685E-01     0.1992374157E-01  0 0 0 0 0 0 0 0   -0.2252562264E-01    -0.1177016324E-01
    0.4199999906E+01  0 0 0 0 0 0 0 0    0.2994259104E-01     0.1864215073E-01  0 0 0 0 0 0 0 0   -0.2097183094E-01    -0.1089537963E-01
    0.4239999905E+01  0 0 0 0 0 0 0 0    0.2822579140E-01     0.1743424015E-01  0 0 0 0 0 0 0 0   -0.1951396650E-01    -0.1008012248E-01
    0.4279999904E+01  0 0 0 0 0 0 0 0    0.2659252152E-01     0.1629638352E-01  0 0 0 0 0 0 0 0   -0.1814701898E-01    -0.9320807818E-02
    0.4319999903E+01  0 0 0 0 0 0 0 0    0.2503968166E-01     0.1522509377E-01  0 0 0 0 0 0 0 0   -0.1686616670E-01    -0.8614028546E-02
    0.4359999903E+01  0 0 0 0 0 0 0 0    0.2356423077E-01     0.1421702007E-01  0 0 0 0 0 0 0 0   -0.1566677568E-01    -0.7956548969E-02
    0.4399999902E+01  0 0 0 0 0 0 0 0    0.2216318830E-01     0.1326894477E-01  0 0 0 0 0 0 0 0   -0.1454439794E-01    -0.7345299217E-02
    0.4439999901E+01  0 0 0 0 0 0 0 0    0.2083363595E-01     0.1237778019E-01  0 0 0 0 0 0 0 0   -0.1349476939E-01    -0.6777369565E-02
    0.4479999900E+01  0 0 0 0 0 0 0 0    0.1957271923E-01     0.1154056550E-01  0 0 0 0 0 0 0 0   -0.1251380706E-01    -0.6250004689E-02
    0.4519999899E+01  0 0 0 0 0 0 0 0    0.1837764887E-01     0.1075446340E-01  0 0 0 0 0 0 0 0   -0.1159760595E-01    -0.5760597895E-02
    0.4559999898E+01  0 0 0 0 0 0 0 0    0.1724570211E-01     0.1001675690E-01  0 0 0 0 0 0 0 0   -0.1074243554E-01    -0.5306685350E-02
    0.4599999897E+01  0 0 0 0 0 0 0 0    0.1617422378E-01     0.9324846024E-02  0 0 0 0 0 0 0 0   -0.9944735890E-02    -0.4885940333E-02
    0.4639999896E+01  0 0 0 0 0 0 0 0    0.1516062723E-01     0.8676244442E-02  0 0 0 0 0 0 0 0   -0.9201113472E-02    -0.4496167530E-02
    0.4679999895E+01  0 0 0 0 0 0 0 0    0.1420239515E-01     0.8068576201E-02  0 0 0 0 0 0 0 0   -0.8508336812E-02    -0.4135297404E-02
    0.4719999894E+01  0 0 0 0 0 0 0 0    0.1329708014E-01     0.7499572376E-02  0 0 0 0 0 0 0 0   -0.7863331885E-02    -0.3801380643E-02
    0.4759999894E+01  0 0 0 0 0 0 0 0    0.1244230518E-01     0.6967067755E-02  0 0 0 0 0 0 0 0   -0.7263177379E-02    -0.3492582706E-02
    0.4799999893E+01  0 0 0 0 0 0 0 0    0.1163576392E-01     0.6468997530E-02  0 0 0 0 0 0 0 0   -0.6705099834E-02    -0.3207178488E-02
    0.4839999892E+01  0 0 0 0 0 0 0 0    0.1087522085E-01     0.6003394006E-02  0 0 0 0 0 0 0 0   -0.6186468688E-02    -0.2943547106E-02
    0.4879999891E+01  0 0 0 0 0 0 0 0    0.1015851124E-01     0.5568383339E-02  0 0 0 0 0 0 0 0   -0.5704791273E-02    -0.2700166820E-02
    0.4919999890E+01  0 0 0 0 0 0 0 0    0.9483540985E-02     0.5162182299E-02  0 0 0 0 0 0 0 0   -0.5257707775E-02    -0.2475610092E-02
    0.4959999889E+01  0 0 0 0 0 0 0 0    0.8848286365E-02     0.4783095067E-02  0 0 0 0 0 0 0 0   -0.4842986190E-02    -0.2268538797E-02
    0.4999999888E+01  0 0 0 0 0 0 0 0    0.8250793550E-02     0.4429510076E-02  0 0 0 0 0 0 0 0   -0.4458517291E-02    -0.2077699588E-02
    0.5039999887E+01  0 0 0 0 0 0 0 0    0.7689178055E-02     0.4099896887E-02  0 0 0 0 0 0 0 0   -0.4102309634E-02    -0.1901919416E-02
    0.5079999886E+01  0 0 0 0 0 0 0 0    0.7161624049E-02     0.3792803119E-02  0 0 0 0 0 0 0 0   -0.3772484616E-02    -0.1740101205E-02
    0.5119999886E+01  0 0 0 0 0 0 0 0    0.6666383547E-02     0.3506851423E-02  0 0 0 0 0 0 0 0   -0.3467271596E-02    -0.1591219701E-02
    0.5159999885E+01  0 0 0 0 0 0 0 0    0.6201775494E-02     0.3240736519E-02  0 0 0 0 0 0 0 0   -0.3185003105E-02    -0.1454317464E-02
    0.5199999884E+01  0 0 0 0 0 0 0 0    0.5766184749E-02     0.2993222279E-02  0 0 0 0 0 0 0 0   -0.2924110139E-02    -0.1328501042E-02
    0.5239999883E+01  0 0 0 0 0 0 0 0    0.5358060977E-02     0.2763138885E-02  0 0 0 0 0 0 0 0   -0.2683117566E-02    -0.1212937289E-02
    0.5279999882E+01  0 0 0 0 0 0 0 0    0.4975917450E-02     0.2549380034E-02  0 0 0 0 0 0 0 0   -0.2460639632E-02    -0.1106849850E-02
    0.5319999881E+01  0 0 0 0 0 0 0 0    0.4618329784E-02     0.2350900225E-02  0 0 0 0 0 0 0 0   -0.2255375598E-02    -0.1009515802E-02
    0.5359999880E+01  0 0 0 0 0 0 0 0    0.4283934590E-02     0.2166712095E-02  0 0 0 0 0 0 0 0   -0.2066105494E-02    -0.9202624484E-03
    0.5399999879E+01  0 0 0 0 0 0 0 0    0.3971428076E-02     0.1995883840E-02  0 0 0 0 0 0 0 0   -0.1891686005E-02    -0.8384642660E-03
    0.5439999878E+01  0 0 0 0 0 0 0 0    0.3679564588E-02     0.1837536698E-02  0 0 0 0 0 0 0 0   -0.1731046489E-02    -0.7635399961E-03
    0.5479999878E+01  0 0 0 0 0 0 0 0    0.3407155109E-02     0.1690842503E-02  0 0 0 0 0 0 0 0   -0.1583185133E-02    -0.6949498837E-03
    0.5519999877E+01  0 0 0 0 0 0 0 0    0.3153065715E-02     0.1555021316E-02  0 0 0 0 0 0 0 0   -0.1447165243E-02    -0.6321930547E-03
    0.5559999876E+01  0 0 0 0 0 0 0 0    0.2916216001E-02     0.1429339121E-02  0 0 0 0 0 0 0 0   -0.1322111680E-02    -0.5748050294E-03
    0.5599999875E+01  0 0 0 0 0 0 0 0    0.2695577475E-02     0.1313105606E-02  0 0 0 0 0 0 0 0   -0.1207207426E-02    -0.5223553666E-03
    0.5639999874E+01  0 0 0 0 0 0 0 0    0.2490171944E-02     0.1205672005E-02  0 0 0 0 0 0 0 0   -0.1101690292E-02    -0.4744454360E-03
    0.5679999873E+01  0 0 0 0 0 0 0 0    0.2299069873E-02     0.1106429023E-02  0 0 0 0 0 0 0 0   -0.1004849768E-02    -0.4307063116E-03
    0.5719999872E+01  0 0 0 0 0 0 0 0    0.2121388749E-02     0.1014804826E-02  0 0 0 0 0 0 0 0   -0.9160240064E-03    -0.3907967839E-03
    0.5759999871E+01  0 0 0 0 0 0 0 0    0.1956291432E-02     0.9302631133E-03  0 0 0 0 0 0 0 0   -0.8345969335E-03    -0.3544014844E-03
    0.5799999870E+01  0 0 0 0 0 0 0 0    0.1802984515E-02     0.8523012527E-03  0 0 0 0 0 0 0 0   -0.7599955042E-03    -0.3212291188E-03
    0.5839999869E+01  0 0 0 0 0 0 0 0    0.1660716691E-02     0.7804484933E-03  0 0 0 0 0 0 0 0   -0.6916870787E-03    -0.2910108040E-03
    0.5879999869E+01  0 0 0 0 0 0 0 0    0.1528777132E-02     0.7142642464E-03  0 0 0 0 0 0 0 0   -0.6291769272E-03    -0.2634985045E-03
    0.5919999868E+01  0 0 0 0 0 0 0 0    0.1406493880E-02     0.6533364367E-03  0 0 0 0 0 0 0 0   -0.5720058590E-03    -0.2384635628E-03
    0.5959999867E+01  0 0 0 0 0 0 0 0    0.1293232266E-02     0.5972799222E-03  0 0 0 0 0 0 0 0   -0.5197479705E-03    -0.2156953209E-03
    0.5999999866E+01  0 0 0 0 0 0 0 0    0.1188393344E-02     0.5457349803E-03  0 0 0 0 0 0 0 0   -0.4720085096E-03    -0.1949998272E-03
    0.6039999865E+01  0 0 0 0 0 0 0 0    0.1091412358E-02     0.4983658609E-03  0 0 0 0 0 0 0 0   -0.4284218534E-03    -0.1761986249E-03
    0.6079999864E+01  0 0 0 0 0 0 0 0    0.1001757235E-02     0.4548594036E-03  0 0 0 0 0 0 0 0   -0.3886495936E-03    -0.1591276181E-03
    0.6119999863E+01  0 0 0 0 0 0 0 0    0.9189271091E-03     0.4149237172E-03  0 0 0 0 0 0 0 0   -0.3523787280E-03    -0.1436360116E-03
    0.6159999862E+01  0 0 0 0 0 0 0 0    0.8424508826E-03     0.3782869212E-03  0 0 0 0 0 0 0 0   -0.3193199522E-03    -0.1295853196E-03
    0.6199999861E+01  0 0 0 0 0 0 0 0    0.7718858210E-03     0.3446959470E-03  0 0 0 0 0 0 0 0   -0.2892060485E-03    -0.1168484406E-03
    0.6239999861E+01  0 0 0 0 0 0 0 0    0.7068161855E-03     0.3139153964E-03  0 0 0 0 0 0 0 0   -0.2617903684E-03    -0.1053087946E-03
    0.6279999860E+01  0 0 0 0 0 0 0 0    0.6468519048E-03     0.2857264571E-03  0 0 0 0 0 0 0 0   -0.2368454037E-03    -0.9485951874E-04
    0.6319999859E+01  0 0 0 0 0 0 0 0    0.5916272870E-03     0.2599258723E-03  0 0 0 0 0 0 0 0   -0.2141614431E-03    -0.8540271779E-04
    0.6359999858E+01  0 0 0 0 0 0 0 0    0.5407997718E-03     0.2363249628E-03  0 0 0 0 0 0 0 0   -0.1935453101E-03    -0.7684876755E-04
    0.6399999857E+01  0 0 0 0 0 0 0 0    0.4940487252E-03     0.2147487005E-03  0 0 0 0 0 0 0 0   -0.1748191793E-03    -0.6911566648E-04
    0.6439999856E+01  0 0 0 0 0 0 0 0    0.4510742747E-03     0.1950348307E-03  0 0 0 0 0 0 0 0   -0.1578194650E-03    -0.6212843367E-04
    0.6479999855E+01  0 0 0 0 0 0 0 0    0.4115961885E-03     0.1770330411E-03  0 0 0 0 0 0 0 0   -0.1423957820E-03    -0.5581854984E-04
    0.6519999854E+01  0 0 0 0 0 0 0 0    0.3753527956E-03     0.1606041775E-03  0 0 0 0 0 0 0 0   -0.1284099715E-03    -0.5012343888E-04
    0.6559999853E+01  0 0 0 0 0 0 0 0    0.3420999487E-03     0.1456195019E-03  0 0 0 0 0 0 0 0   -0.1157351913E-03    -0.4498598730E-04
    0.6599999852E+01  0 0 0 0 0 0 0 0    0.3116100291E-03     0.1319599931E-03  0 0 0 0 0 0 0 0   -0.1042550657E-03    -0.4035409920E-04
    0.6639999852E+01  0 0 0 0 0 0 0 0    0.2836709933E-03     0.1195156876E-03  0 0 0 0 0 0 0 0   -0.9386289182E-04    -0.3618028434E-04
    0.6679999851E+01  0 0 0 0 0 0 0 0    0.2580854603E-03     0.1081850579E-03  0 0 0 0 0 0 0 0   -0.8446089976E-04    -0.3242127730E-04
    0.6719999850E+01  0 0 0 0 0 0 0 0    0.2346698399E-03     0.9787442885E-04  0 0 0 0 0 0 0 0   -0.7595956324E-04    -0.2903768552E-04
    0.6759999849E+01  0 0 0 0 0 0 0 0    0.2132535004E-03     0.8849742774E-04  0 0 0 0 0 0 0 0   -0.6827695793E-04    -0.2599366435E-04
    0.6799999848E+01  0 0 0 0 0 0 0 0    0.1936779756E-03     0.7997446847E-04  0 0 0 0 0 0 0 0   -0.6133816459E-04    -0.2325661722E-04
    0.6839999847E+01  0 0 0 0 0 0 0 0    0.1757962096E-03     0.7223226727E-04  0 0 0 0 0 0 0 0   -0.5507471446E-04    -0.2079691913E-04
    0.6879999846E+01  0 0 0 0 0 0 0 0    0.1594718391E-03     0.6520338859E-04  0 0 0 0 0 0 0 0   -0.4942407429E-04    -0.1858766206E-04
    0.6919999845E+01  0 0 0 0 0 0 0 0    0.1445785115E-03     0.5882581973E-04  0 0 0 0 0 0 0 0   -0.4432916858E-04    -0.1660442042E-04
    0.6959999844E+01  0 0 0 0 0 0 0 0    0.1309992384E-03     0.5304257268E-04  0 0 0 0 0 0 0 0   -0.3973793671E-04    -0.1482503535E-04
    0.6999999844E+01  0 0 0 0 0 0 0 0    0.1186257828E-03     0.4780131180E-04  0 0 0 0 0 0 0 0   -0.3560292276E-04    -0.1322941643E-04
    0.7039999843E+01  0 0 0 0 0 0 0 0    0.1073580794E-03     0.4305400583E-04  0 0 0 0 0 0 0 0   -0.3188089586E-04    -0.1179935947E-04
    0.7079999842E+01  0 0 0 0 0 0 0 0    0.9710368713E-04     0.3875660309E-04  0 0 0 0 0 0 0 0   -0.2853249921E-04    -0.1051837933E-04
    0.7119999841E+01  0 0 0 0 0 0 0 0    0.8777727084E-04     0.3486872850E-04  0 0 0 0 0 0 0 0   -0.2552192569E-04    -0.9371556433E-05
    0.7159999840E+01  0 0 0 0 0 0 0 0    0.7930011404E-04     0.3135340113E-04  0 0 0 0 0 0 0 0   -0.2281661840E-04    -0.8345396194E-05
    0.7199999839E+01  0 0 0 0 0 0 0 0    0.7159965884E-04     0.2817677126E-04  0 0 0 0 0 0 0 0   -0.2038699441E-04    -0.7427700149E-05
    0.7239999838E+01  0 0 0 0 0 0 0 0    0.6460907337E-04     0.2530787561E-04  0 0 0 0 0 0 0 0   -0.1820619011E-04    -0.6607448037E-05
    0.7279999837E+01  0 0 0 0 0 0 0 0    0.5826684495E-04     0.2271840988E-04  0 0 0 0 0 0 0 0   -0.1624982664E-04    -0.5874689916E-05
    0.7319999836E+01  0 0 0 0 0 0 0 0    0.5251639811E-04     0.2038251741E-04  0 0 0 0 0 0 0 0   -0.1449579403E-04    -0.5220447539E-05
    0.7359999835E+01  0 0 0 0 0 0 0 0    0.4730573622E-04     0.1827659301E-04  0 0 0 0 0 0 0 0   -0.1292405261E-04    -0.4636624268E-05
    0.7399999835E+01  0 0 0 0 0 0 0 0    0.4258710552E-04     0.1637910101E-04  0 0 0 0 0 0 0 0   -0.1151645061E-04    -0.4115922824E-05
    0.7439999834E+01  0 0 0 0 0 0 0 0    0.3831668072E-04     0.1467040674E-04  0 0 0 0 0 0 0 0   -0.1025655659E-04    -0.3651770262E-05
    0.7479999833E+01  0 0 0 0 0 0 0 0    0.3445427076E-04     0.1313262039E-04  0 0 0 0 0 0 0 0   -0.9129505699E-05    -0.3238249575E-05
    0.7519999832E+01  0 0 0 0 0 0 0 0    0.3096304400E-04     0.1174945258E-04  0 0 0 0 0 0 0 0   -0.8121858727E-05    -0.2870037378E-05
    0.7559999831E+01  0 0 0 0 0 0 0 0    0.2780927164E-04     0.1050608092E-04  0 0 0 0 0 0 0 0   -0.7221472959E-05    -0.2542347181E-05
    0.7599999830E+01  0 0 0 0 0 0 0 0    0.2496208840E-04     0.9389026622E-05  0 0 0 0 0 0 0 0   -0.6417383927E-05    -0.2250877775E-05
    0.7639999829E+01  0 0 0 0 0 0 0 0    0.2239326958E-04     0.8386040749E-05  0 0 0 0 0 0 0 0   -0.5699697237E-05    -0.1991766312E-05
    0.7679999828E+01  0 0 0 0 0 0 0 0    0.2007702358E-04     0.7485999197E-05  0 0 0 0 0 0 0 0   -0.5059489683E-05    -0.1761545668E-05
    0.7719999827E+01  0 0 0 0 0 0 0 0    0.1798979891E-04     0.6678806000E-05  0 0 0 0 0 0 0 0   -0.4488718902E-05    -0.1557105731E-05
    0.7759999827E+01  0 0 0 0 0 0 0 0    0.1611010490E-04     0.5955304261E-05  0 0 0 0 0 0 0 0   -0.3980140909E-05    -0.1375658284E-05
    0.7799999826E+01  0 0 0 0 0 0 0 0    0.1441834535E-04     0.5307194213E-05  0 0 0 0 0 0 0 0   -0.3527234869E-05    -0.1214705150E-05
    0.7839999825E+01  0 0 0 0 0 0 0 0    0.1289666422E-04     0.4726957895E-05  0 0 0 0 0 0 0 0   -0.3124134524E-05    -0.1072009337E-05
    0.7879999824E+01  0 0 0 0 0 0 0 0    0.1152880274E-04     0.4207789959E-05  0 0 0 0 0 0 0 0   -0.2765565730E-05    -0.9455688986E-06
    0.7919999823E+01  0 0 0 0 0 0 0 0    0.1029996714E-04     0.3743534172E-05  0 0 0 0 0 0 0 0   -0.2446789596E-05    -0.8335932897E-06
    0.7959999822E+01  0 0 0 0 0 0 0 0    0.9196706385E-05     0.3328625173E-05  0 0 0 0 0 0 0 0   -0.2163550770E-05    -0.7344819719E-06
    0.7999999821E+01  0 0 0 0 0 0 0 0    0.8206799232E-05     0.2958035120E-05  0 0 0 0 0 0 0 0   -0.1912030420E-05    -0.6468050851E-06
    0.8039999820E+01  0 0 0 0 0 0 0 0    0.7319149561E-05     0.2627224704E-05  0 0 0 0 0 0 0 0   -0.1688803538E-05    -0.5692859865E-06
    0.8079999819E+01  0 0 0 0 0 0 0 0    0.6523683405E-05     0.2332096690E-05  0 0 0 0 0 0 0 0   -0.1490800176E-05    -0.5007854913E-06
    0.8119999819E+01  0 0 0 0 0 0 0 0    0.5811260923E-05     0.2068955178E-05  0 0 0 0 0 0 0 0   -0.1315270306E-05    -0.4402876624E-06
    0.8159999818E+01  0 0 0 0 0 0 0 0    0.5173600565E-05     0.1834469705E-05  0 0 0 0 0 0 0 0   -0.1159751990E-05    -0.3868870052E-06
    0.8199999817E+01  0 0 0 0 0 0 0 0    0.4603203757E-05     0.1625641074E-05  0 0 0 0 0 0 0 0   -0.1022042544E-05    -0.3397769326E-06
    0.8239999816E+01  0 0 0 0 0 0 0 0    0.4093285462E-05     0.1439770109E-05  0 0 0 0 0 0 0 0   -0.9001724437E-06    -0.2982393808E-06
    0.8279999815E+01  0 0 0 0 0 0 0 0    0.3637710428E-05     0.1274429186E-05  0 0 0 0 0 0 0 0   -0.7923817182E-06    -0.2616354669E-06
    0.8319999814E+01  0 0 0 0 0 0 0 0    0.3230934701E-05     0.1127436290E-05  0 0 0 0 0 0 0 0   -0.6970986114E-06    -0.2293970888E-06
    0.8359999813E+01  0 0 0 0 0 0 0 0    0.2867952016E-05     0.9968314117E-06  0 0 0 0 0 0 0 0   -0.6129203095E-06    -0.2010193781E-06
    0.8399999812E+01  0 0 0 0 0 0 0 0    0.2544244692E-05     0.8808550716E-06  0 0 0 0 0 0 0 0   -0.5385955437E-06    -0.1760539234E-06
    0.8439999811E+01  0 0 0 0 0 0 0 0    0.2255738700E-05     0.7779288046E-06  0 0 0 0 0 0 0 0   -0.4730088975E-06    -0.1541026887E-06
    0.8479999810E+01  0 0 0 0 0 0 0 0    0.1998762561E-05     0.6866374330E-06  0 0 0 0 0 0 0 0   -0.4151666606E-06    -0.1348125600E-06
    0.8519999810E+01  0 0 0 0 0 0 0 0    0.1770009799E-05     0.6057129773E-06  0 0 0 0 0 0 0 0   -0.3641840875E-06    -0.1178704580E-06
    0.8559999809E+01  0 0 0 0 0 0 0 0    0.1566504653E-05     0.5340200640E-06  0 0 0 0 0 0 0 0   -0.3192739264E-06    -0.1029989602E-06
    0.8599999808E+01  0 0 0 0 0 0 0 0    0.1385570796E-05     0.4705427003E-06  0 0 0 0 0 0 0 0   -0.2797361008E-06    -0.8995238384E-07
    0.8639999807E+01  0 0 0 0 0 0 0 0    0.1224802816E-05     0.4143722961E-06  0 0 0 0 0 0 0 0   -0.2449484345E-06    -0.7851328046E-07
    0.8679999806E+01  0 0 0 0 0 0 0 0    0.1082040241E-05     0.3646968224E-06  0 0 0 0 0 0 0 0   -0.2143583175E-06    -0.6848930372E-07
    0.8719999805E+01  0 0 0 0 0 0 0 0    0.9553438918E-06     0.3207910079E-06  0 0 0 0 0 0 0 0   -0.1874752263E-06    -0.5971041053E-07
    0.8759999804E+01  0 0 0 0 0 0 0 0    0.8429743756E-06     0.2820074775E-06  0 0 0 0 0 0 0 0   -0.1638640115E-06    -0.5202636253E-07
    0.8799999803E+01  0 0 0 0 0 0 0 0    0.7433725435E-06     0.2477687499E-06  0 0 0 0 0 0 0 0   -0.1431388816E-06    -0.4530449682E-07
    0.8839999802E+01  0 0 0 0 0 0 0 0    0.6551417410E-06     0.2175600159E-06  0 0 0 0 0 0 0 0   -0.1249580114E-06    -0.3942773825E-07
    0.8879999802E+01  0 0 0 0 0 0 0 0    0.5770317027E-06     0.1909226251E-06  0 0 0 0 0 0 0 0   -0.1090187156E-06    -0.3429282821E-07
    0.8919999801E+01  0 0 0 0 0 0 0 0    0.5079239505E-06     0.1674482165E-06  0 0 0 0 0 0 0 0   -0.9505313004E-07    -0.2980874728E-07
    0.8959999800E+01  0 0 0 0 0 0 0 0    0.4468185634E-06     0.1467734322E-06  0 0 0 0 0 0 0 0   -0.8282434999E-07    -0.2589531146E-07
    0.8999999799E+01  0 0 0 0 0 0 0 0    0.3928222013E-06     0.1285751609E-06  0 0 0 0 0 0 0 0   -0.7212297949E-07    -0.2248192366E-07
    0.9039999798E+01  0 0 0 0 0 0 0 0    0.3451372698E-06     0.1125662600E-06  0 0 0 0 0 0 0 0   -0.6276405007E-07    -0.1950646395E-07
    0.9079999797E+01  0 0 0 0 0 0 0 0    0.3030521277E-06     0.9849171068E-07  0 0 0 0 0 0 0 0   -0.5458427096E-07    -0.1691430377E-07
    0.9119999796E+01  0 0 0 0 0 0 0 0    0.2659322405E-06     0.8612516636E-07  0 0 0 0 0 0 0 0   -0.4743957682E-07    -0.1465743077E-07
    0.9159999795E+01  0 0 0 0 0 0 0 0    0.2332121972E-06     0.7526585394E-07  0 0 0 0 0 0 0 0   -0.4120294228E-07    -0.1269367249E-07
    0.9199999794E+01  0 0 0 0 0 0 0 0    0.2043885101E-06     0.6573579578E-07  0 0 0 0 0 0 0 0   -0.3576243536E-07    -0.1098600790E-07
    0.9239999793E+01  0 0 0 0 0 0 0 0    0.1790131261E-06     0.5737731983E-07  0 0 0 0 0 0 0 0   -0.3101948501E-07    -0.9501957465E-08
    0.9279999793E+01  0 0 0 0 0 0 0 0    0.1566875838E-06     0.5005083003E-07  0 0 0 0 0 0 0 0   -0.2688734003E-07    -0.8213043004E-08
    0.9319999792E+01  0 0 0 0 0 0 0 0    0.1370577555E-06     0.4363281095E-07  0 0 0 0 0 0 0 0   -0.2328969927E-07    -0.7094309654E-08
    0.9359999791E+01  0 0 0 0 0 0 0 0    0.1198091198E-06     0.3801404342E-07  0 0 0 0 0 0 0 0   -0.2015949468E-07    -0.6123903088E-08
    0.9399999790E+01  0 0 0 0 0 0 0 0    0.1046625136E-06     0.3309800992E-07  0 0 0 0 0 0 0 0   -0.1743781110E-07    -0.5282695825E-08
    0.9439999789E+01  0 0 0 0 0 0 0 0    0.9137031847E-07     0.2879947052E-07  0 0 0 0 0 0 0 0   -0.1507292777E-07    -0.4553957126E-08
    0.9479999788E+01  0 0 0 0 0 0 0 0    0.7971303927E-07     0.2504319191E-07  0 0 0 0 0 0 0 0   -0.1301946861E-07    -0.3923061576E-08
    0.9519999787E+01  0 0 0 0 0 0 0 0    0.6949623623E-07     0.2176281409E-07  0 0 0 0 0 0 0 0   -0.1123764931E-07    -0.3377231984E-08
    0.9559999786E+01  0 0 0 0 0 0 0 0    0.6054777710E-07     0.1889984020E-07  0 0 0 0 0 0 0 0   -0.9692610584E-08    -0.2905312687E-08
    0.9599999785E+01  0 0 0 0 0 0 0 0    0.5271537697E-07     0.1640273691E-07  0 0 0 0 0 0 0 0   -0.8353828293E-08    -0.2497569800E-08
    0.9639999785E+01  0 0 0 0 0 0 0 0    0.4586439759E-07     0.1422613382E-07  0 0 0 0 0 0 0 0   -0.7194591665E-08    -0.2145515301E-08
    0.9679999784E+01  0 0 0 0 0 0 0 0    0.3987588004E-07     0.1233011133E-07  0 0 0 0 0 0 0 0   -0.6191542234E-08    -0.1841752221E-08
    0.9719999783E+01  0 0 0 0 0 0 0 0    0.3464478746E-07     0.1067956774E-07  0 0 0 0 0 0 0 0   -0.5324266613E-08    -0.1579838473E-08
    0.9759999782E+01  0 0 0 0 0 0 0 0    0.3007843635E-07     0.9243657124E-08  0 0 0 0 0 0 0 0   -0.4574937061E-08    -0.1354167164E-08
    0.9799999781E+01  0 0 0 0 0 0 0 0    0.2609509731E-07     0.7995290369E-08  0 0 0 0 0 0 0 0   -0.3927994445E-08    -0.1159861453E-08
    0.9839999780E+01  0 0 0 0 0 0 0 0    0.2262274784E-07     0.6910692583E-08  0 0 0 0 0 0 0 0   -0.3369868771E-08    -0.9926822416E-09
    0.9879999779E+01  0 0 0 0 0 0 0 0    0.1959796127E-07     0.5969010803E-08  0 0 0 0 0 0 0 0   -0.2888732993E-08    -0.8489471903E-09
    0.9919999778E+01  0 0 0 0 0 0 0 0    0.1696491787E-07     0.5151966477E-08  0 0 0 0 0 0 0 0   -0.2474286283E-08    -0.7254597086E-09
    0.9959999777E+01  0 0 0 0 0 0 0 0    0.1467452520E-07     0.4443547835E-08  0 0 0 0 0 0 0 0   -0.2117563355E-08    -0.6194467302E-09
    0.9999999776E+01  0 0 0 0 0 0 0 0    0.1268363623E-07     0.3829737738E-08  0 0 0 0 0 0 0 0   -0.1810766826E-08    -0.5285042219E-09
    0.1003999978E+02  0 0 0 0 0 0 0 0    0.1095435474E-07     0.3298273090E-08  0 0 0 0 0 0 0 0   -0.1547119919E-08    -0.4505494953E-09
    0.1007999977E+02  0 0 0 0 0 0 0 0    0.9453418896E-08     0.2838432269E-08  0 0 0 0 0 0 0 0   -0.1320737139E-08    -0.3837794965E-09
    0.1011999977E+02  0 0 0 0 0 0 0 0    0.8151654318E-08     0.2440847463E-08  0 0 0 0 0 0 0 0   -0.1126510790E-08    -0.3266343507E-09
    0.1015999977E+02  0 0 0 0 0 0 0 0    0.7023489359E-08     0.2097339075E-08  0 0 0 0 0 0 0 0   -0.9600114713E-09    -0.2777655163E-09
    0.1019999977E+02  0 0 0 0 0 0 0 0    0.6046525687E-08     0.1800769725E-08  0 0 0 0 0 0 0 0   -0.8174008818E-09    -0.2360079875E-09
    0.1023999977E+02  0 0 0 0 0 0 0 0    0.5201158167E-08     0.1544915586E-08  0 0 0 0 0 0 0 0   -0.6953554656E-09    -0.2003560432E-09
    0.1027999977E+02  0 0 0 0 0 0 0 0    0.4470238599E-08     0.1324353098E-08  0 0 0 0 0 0 0 0   -0.5909995965E-09    -0.1699421059E-09
    0.1031999977E+02  0 0 0 0 0 0 0 0    0.3838778474E-08     0.1134359257E-08  0 0 0 0 0 0 0 0   -0.5018471490E-09    -0.1440183224E-09
    0.1035999977E+02  0 0 0 0 0 0 0 0    0.3293686368E-08     0.9708239408E-09  0 0 0 0 0 0 0 0   -0.4257504406E-09    -0.1219405273E-09
    0.1039999977E+02  0 0 0 0 0 0 0 0    0.2823536131E-08     0.8301728426E-09  0 0 0 0 0 0 0 0   -0.3608556450E-09    -0.1031542911E-09
    0.1043999977E+02  0 0 0 0 0 0 0 0    0.2418362374E-08     0.7092997894E-09  0 0 0 0 0 0 0 0   -0.3055638859E-09    -0.8718278825E-10
    0.1047999977E+02  0 0 0 0 0 0 0 0    0.2069480174E-08     0.6055073346E-09  0 0 0 0 0 0 0 0   -0.2584973107E-09    -0.7361625711E-10
    0.1051999976E+02  0 0 0 0 0 0 0 0    0.1769326238E-08     0.5164546480E-09  0 0 0 0 0 0 0 0   -0.2184695284E-09    -0.6210284778E-10
    0.1055999976E+02  0 0 0 0 0 0 0 0    0.1511319065E-08     0.4401118394E-09  0 0 0 0 0 0 0 0   -0.1844598712E-09    -0.5234068150E-10
    0.1059999976E+02  0 0 0 0 0 0 0 0    0.1289735925E-08     0.3747199446E-09  0 0 0 0 0 0 0 0   -0.1555909989E-09    -0.4407096573E-10
    0.1063999976E+02  0 0 0 0 0 0 0 0    0.1099604694E-08     0.3187558978E-09  0 0 0 0 0 0 0 0   -0.1311094300E-09    -0.3707202900E-10
    0.1067999976E+02  0 0 0 0 0 0 0 0    0.9366088413E-09     0.2709018883E-09  0 0 0 0 0 0 0 0   -0.1103686278E-09    -0.3115415648E-10
    0.1071999976E+02  0 0 0 0 0 0 0 0    0.7970040010E-09     0.2300185702E-09  0 0 0 0 0 0 0 0   -0.9281431863E-10    -0.2615512198E-10
    0.1075999976E+02  0 0 0 0 0 0 0 0    0.6775447914E-09     0.1951216583E-09  0 0 0 0 0 0 0 0   -0.7797175816E-10    -0.2193632545E-10
    0.1079999976E+02  0 0 0 0 0 0 0 0    0.5754206540E-09     0.1653614941E-09  0 0 0 0 0 0 0 0   -0.6543469492E-10    -0.1837945654E-10
    0.1083999976E+02  0 0 0 0 0 0 0 0    0.4881996484E-09     0.1400052185E-09  0 0 0 0 0 0 0 0   -0.5485581402E-10    -0.1538361466E-10
    0.1087999976E+02  0 0 0 0 0 0 0 0    0.4137792514E-09     0.1184212295E-09  0 0 0 0 0 0 0 0   -0.4593846862E-10    -0.1286282516E-10
    0.1091999976E+02  0 0 0 0 0 0 0 0    0.3503433181E-09     0.1000656412E-09  0 0 0 0 0 0 0 0   -0.3842953194E-10    -0.1074389879E-10
    0.1095999976E+02  0 0 0 0 0 0 0 0    0.2963244634E-09     0.8447049429E-10  0 0 0 0 0 0 0 0   -0.3211322320E-10    -0.8964588576E-11
    0.1099999975E+02  0 0 0 0 0 0 0 0    0.2503712049E-09     0.7123350034E-10  0 0 0 0 0 0 0 0   -0.2680577951E-10    -0.7472004009E-11
    0.1103999975E+02  0 0 0 0 0 0 0 0    0.2113192879E-09     0.6000912550E-10  0 0 0 0 0 0 0 0   -0.2235086180E-10    -0.6221247830E-11
    0.1107999975E+02  0 0 0 0 0 0 0 0    0.1781666789E-09     0.5050084518E-10  0 0 0 0 0 0 0 0   -0.1861559729E-10    -0.5174245165E-11
    0.1111999975E+02  0 0 0 0 0 0 0 0    0.1500517766E-09     0.4245442069E-10  0 0 0 0 0 0 0 0   -0.1548717346E-10    -0.4298738717E-11
    0.1115999975E+02  0 0 0 0 0 0 0 0    0.1262344411E-09     0.3565206762E-10  0 0 0 0 0 0 0 0   -0.1286990927E-10    -0.3567427256E-11
    0.1119999975E+02  0 0 0 0 0 0 0 0    0.1060794907E-09     0.2990740159E-10  0 0 0 0 0 0 0 0   -0.1068273933E-10    -0.2957227615E-11
    0.1123999975E+02  0 0 0 0 0 0 0 0    0.8904235820E-10     0.2506106118E-10  0 0 0 0 0 0 0 0   -0.8857054703E-11    -0.2448643075E-11
    0.1127999975E+02  0 0 0 0 0 0 0 0    0.7465663288E-10     0.2097692040E-10  0 0 0 0 0 0 0 0   -0.7334851740E-11    -0.2025223305E-11
    0.1131999975E+02  0 0 0 0 0 0 0 0    0.6252325209E-10     0.1753881403E-10  0 0 0 0 0 0 0 0   -0.6067146466E-11    -0.1673103013E-11
    0.1135999975E+02  0 0 0 0 0 0 0 0    0.5230113059E-10     0.1464770868E-10  0 0 0 0 0 0 0 0   -0.5012617886E-11    -0.1380608227E-11
    0.1139999975E+02  0 0 0 0 0 0 0 0    0.4369904458E-10     0.1221926105E-10  0 0 0 0 0 0 0 0   -0.4136448304E-11    -0.1137920619E-11
    0.1143999974E+02  0 0 0 0 0 0 0 0    0.3646860834E-10     0.1018171212E-10  0 0 0 0 0 0 0 0   -0.3409333093E-11    -0.9367915865E-12
    0.1147999974E+02  0 0 0 0 0 0 0 0    0.3039820348E-10     0.8474072954E-11  0 0 0 0 0 0 0 0   -0.2806636056E-11    -0.7702989797E-12
    0.1151999974E+02  0 0 0 0 0 0 0 0    0.2530773590E-10     0.7044563106E-11  0 0 0 0 0 0 0 0   -0.2307669733E-11    -0.6326403154E-12
    0.1155999974E+02  0 0 0 0 0 0 0 0    0.2104410962E-10     0.5849266858E-11  0 0 0 0 0 0 0 0   -0.1895082864E-11    -0.5189571907E-12
    0.1159999974E+02  0 0 0 0 0 0 0 0    0.1747732666E-10     0.4850979063E-11  0 0 0 0 0 0 0 0   -0.1554339615E-11    -0.4251863507E-12
    0.1163999974E+02  0 0 0 0 0 0 0 0    0.1449712909E-10     0.4018214428E-11  0 0 0 0 0 0 0 0   -0.1273277330E-11    -0.3479334980E-12
    0.1167999974E+02  0 0 0 0 0 0 0 0    0.1201011038E-10     0.3324357926E-11  0 0 0 0 0 0 0 0   -0.1041731394E-11    -0.2843664885E-12
    0.1171999974E+02  0 0 0 0 0 0 0 0    0.9937233329E-11     0.2746936933E-11  0 0 0 0 0 0 0 0   -0.8512173844E-12    -0.2321250342E-12
    0.1175999974E+02  0 0 0 0 0 0 0 0    0.8211699493E-11     0.2266998306E-11  0 0 0 0 0 0 0 0   -0.6946620785E-12    -0.1892444486E-12
    0.1179999974E+02  0 0 0 0 0 0 0 0    0.6777122398E-11     0.1868575807E-11  0 0 0 0 0 0 0 0   -0.5661760810E-12    -0.1540913232E-12
    0.1183999974E+02  0 0 0 0 0 0 0 0    0.5585962971E-11     0.1538235257E-11  0 0 0 0 0 0 0 0   -0.4608618578E-12    -0.1253093315E-12
    0.1187999973E+02  0 0 0 0 0 0 0 0    0.4598191058E-11     0.1264686502E-11  0 0 0 0 0 0 0 0   -0.3746518619E-12    -0.1017736186E-12
    0.1191999973E+02  0 0 0 0 0 0 0 0    0.3780141690E-11     0.1038452723E-11  0 0 0 0 0 0 0 0   -0.3041722017E-12    -0.8255246311E-13
    0.1195999973E+02  0 0 0 0 0 0 0 0    0.3103538911E-11     0.8515889491E-12  0 0 0 0 0 0 0 0   -0.2466279638E-12    -0.6687508860E-13
    0.1199999973E+02  0 0 0 0 0 0 0 0    0.2544663612E-11     0.6974427088E-12  0 0 0 0 0 0 0 0   -0.1997068738E-12    -0.5410467321E-13
    0.1203999973E+02  0 0 0 0 0 0 0 0    0.2083644995E-11     0.5704507587E-12  0 0 0 0 0 0 0 0   -0.1614984639E-12    -0.4371574414E-13
    0.1207999973E+02  0 0 0 0 0 0 0 0    0.1703858035E-11     0.4659666478E-12  0 0 0 0 0 0 0 0   -0.1304263400E-12    -0.3527526919E-13
    0.1211999973E+02  0 0 0 0 0 0 0 0    0.1391411735E-11     0.3801146176E-12  0 0 0 0 0 0 0 0   -0.1051914996E-12    -0.2842686020E-13
    0.1215999973E+02  0 0 0 0 0 0 0 0    0.1134715043E-11     0.3096659648E-12  0 0 0 0 0 0 0 0   -0.8472495906E-13    -0.2287759340E-13
    0.1219999973E+02  0 0 0 0 0 0 0 0    0.9241091093E-12     0.2519345431E-12  0 0 0 0 0 0 0 0   -0.6814821425E-13    -0.1838702701E-13
    0.1223999973E+02  0 0 0 0 0 0 0 0    0.7515561734E-12     0.2046885508E-12  0 0 0 0 0 0 0 0   -0.5474028420E-13    -0.1475806192E-13
    0.1227999973E+02  0 0 0 0 0 0 0 0    0.6103766896E-12     0.1660761619E-12  0 0 0 0 0 0 0 0   -0.4391027823E-13    -0.1182934616E-13
    0.1231999972E+02  0 0 0 0 0 0 0 0    0.4950275215E-12     0.1345629083E-12  0 0 0 0 0 0 0 0   -0.3517459250E-13    -0.9468970587E-14
    0.1235999972E+02  0 0 0 0 0 0 0 0    0.4009150400E-12     0.1088790251E-12  0 0 0 0 0 0 0 0   -0.2813798088E-13    -0.7569243568E-14
    0.1239999972E+02  0 0 0 0 0 0 0 0    0.3242378497E-12     0.8797523327E-13  0 0 0 0 0 0 0 0   -0.2247786361E-13    -0.6042365693E-14
    0.1243999972E+02  0 0 0 0 0 0 0 0    0.2618546313E-12     0.7098565589E-13  0 0 0 0 0 0 0 0   -0.1793133844E-13    -0.4816854458E-14
    0.1247999972E+02  0 0 0 0 0 0 0 0    0.2111732457E-12     0.5719676138E-13  0 0 0 0 0 0 0 0   -0.1428444388E-13    -0.3834592947E-14
    0.1251999972E+02  0 0 0 0 0 0 0 0    0.1700578116E-12     0.4602138819E-13  0 0 0 0 0 0 0 0   -0.1136329680E-13    -0.3048397011E-14
    0.1255999972E+02  0 0 0 0 0 0 0 0    0.1367509554E-12     0.3697705068E-13  0 0 0 0 0 0 0 0   -0.9026787624E-14    -0.2420012650E-14
    0.1259999972E+02  0 0 0 0 0 0 0 0    0.1098088514E-12     0.2966784572E-13  0 0 0 0 0 0 0 0   -0.7160568253E-14    -0.1918469883E-14
    0.1263999972E+02  0 0 0 0 0 0 0 0    0.8804702682E-13     0.2376938396E-13  0 0 0 0 0 0 0 0   -0.5672110944E-14    -0.1518731550E-14
    0.1267999972E+02  0 0 0 0 0 0 0 0    0.7049521567E-13     0.1901625797E-13  0 0 0 0 0 0 0 0   -0.4486653505E-14    -0.1200585829E-14
    0.1271999972E+02  0 0 0 0 0 0 0 0    0.5635980648E-13     0.1519163550E-13  0 0 0 0 0 0 0 0   -0.3543876670E-14    -0.9477397935E-15
    0.1275999971E+02  0 0 0 0 0 0 0 0    0.4499265345E-13     0.1211862991E-13  0 0 0 0 0 0 0 0   -0.2795185502E-14    -0.7470786228E-15
    0.1279999971E+02  0 0 0 0 0 0 0 0    0.3586521241E-13     0.9653155061E-14  0 0 0 0 0 0 0 0   -0.2201488366E-14    -0.5880610621E-15
    0.1283999971E+02  0 0 0 0 0 0 0 0    0.2854712521E-13     0.7678017935E-14  0 0 0 0 0 0 0 0   -0.1731385112E-14    -0.4622268143E-15
    0.1287999971E+02  0 0 0 0 0 0 0 0    0.2268851482E-13     0.6098042082E-14  0 0 0 0 0 0 0 0   -0.1359691334E-14    -0.3627957290E-15
    0.1291999971E+02  0 0 0 0 0 0 0 0    0.1800537098E-13     0.4836048004E-14  0 0 0 0 0 0 0 0   -0.1066238181E-14    -0.2843421725E-15
    0.1295999971E+02  0 0 0 0 0 0 0 0    0.1426750573E-13     0.3829544997E-14  0 0 0 0 0 0 0 0   -0.8348977754E-15    -0.2225308754E-15
    0.1299999971E+02  0 0 0 0 0 0 0 0    0.1128864272E-13     0.3028012709E-14  0 0 0 0 0 0 0 0   -0.6527930358E-15    -0.1739029742E-15
    0.1303999971E+02  0 0 0 0 0 0 0 0    0.8918274988E-14     0.2390670740E-14  0 0 0 0 0 0 0 0   -0.5096580117E-15    -0.1357029730E-15
    0.1307999971E+02  0 0 0 0 0 0 0 0    0.7034986547E-14     0.1884651541E-14  0 0 0 0 0 0 0 0   -0.3973208614E-15    -0.1057390145E-15
    0.1311999971E+02  0 0 0 0 0 0 0 0    0.5540983248E-14     0.1483506012E-14  0 0 0 0 0 0 0 0   -0.3092866117E-15    -0.8227021982E-16
    0.1315999971E+02  0 0 0 0 0 0 0 0    0.4357621257E-14     0.1165983176E-14  0 0 0 0 0 0 0 0   -0.2404009704E-15    -0.6391599514E-16
    0.1319999970E+02  0 0 0 0 0 0 0 0    0.3421757084E-14     0.9150352267E-15  0 0 0 0 0 0 0 0   -0.1865798715E-15    -0.4958313448E-16
    0.1323999970E+02  0 0 0 0 0 0 0 0    0.2682773082E-14     0.7170076341E-15  0 0 0 0 0 0 0 0   -0.1445922465E-15    -0.3840731832E-16
    0.1327999970E+02  0 0 0 0 0 0 0 0    0.2100157389E-14     0.5609809471E-15  0 0 0 0 0 0 0 0   -0.1118858216E-15    -0.2970623847E-16
    0.1331999970E+02  0 0 0 0 0 0 0 0    0.1641538203E-14     0.4382367410E-15  0 0 0 0 0 0 0 0   -0.8644764314E-16    -0.2294209778E-16
    0.1335999970E+02  0 0 0 0 0 0 0 0    0.1281089730E-14     0.3418250012E-15  0 0 0 0 0 0 0 0   -0.6669258526E-16    -0.1769165707E-16
    0.1339999970E+02  0 0 0 0 0 0 0 0    0.9982416941E-15     0.2662142474E-15  0 0 0 0 0 0 0 0   -0.5137436918E-16    -0.1362234827E-16
    0.1343999970E+02  0 0 0 0 0 0 0 0    0.7766363214E-15     0.2070090376E-15  0 0 0 0 0 0 0 0   -0.3951466324E-16    -0.1047325561E-16
    0.1347999970E+02  0 0 0 0 0 0 0 0    0.6032867700E-15     0.1607222519E-15  0 0 0 0 0 0 0 0   -0.3034668060E-16    -0.8039996754E-17
    0.1351999970E+02  0 0 0 0 0 0 0 0    0.4678992278E-15     0.1245918373E-15  0 0 0 0 0 0 0 0   -0.2327038300E-16    -0.6162723596E-17
    0.1355999970E+02  0 0 0 0 0 0 0 0    0.3623277731E-15     0.9643357699E-16  0 0 0 0 0 0 0 0   -0.1781696004E-16    -0.4716614218E-17
    0.1359999970E+02  0 0 0 0 0 0 0 0    0.2801367392E-15     0.7452299929E-16  0 0 0 0 0 0 0 0   -0.1362070939E-16    -0.3604350986E-17
    0.1363999970E+02  0 0 0 0 0 0 0 0    0.2162499774E-15     0.5750081876E-16  0 0 0 0 0 0 0 0   -0.1039681217E-16    -0.2750179523E-17
    0.1367999969E+02  0 0 0 0 0 0 0 0    0.1666702423E-15     0.4429734589E-16  0 0 0 0 0 0 0 0   -0.7923796442E-17    -0.2095223923E-17
    0.1371999969E+02  0 0 0 0 0 0 0 0    0.1282550633E-15     0.3407216287E-16  0 0 0 0 0 0 0 0   -0.6029722640E-17    -0.1593798576E-17
    0.1375999969E+02  0 0 0 0 0 0 0 0    0.9853803846E-16     0.2616606336E-16  0 0 0 0 0 0 0 0   -0.4581318820E-17    -0.1210509329E-17
    0.1379999969E+02  0 0 0 0 0 0 0 0    0.7558658958E-16     0.2006282803E-16  0 0 0 0 0 0 0 0   -0.3475450071E-17    -0.9179787866E-18
    0.1383999969E+02  0 0 0 0 0 0 0 0    0.5788893389E-16     0.1535887447E-16  0 0 0 0 0 0 0 0   -0.2632431619E-17    -0.6950642832E-18
    0.1387999969E+02  0 0 0 0 0 0 0 0    0.4426442678E-16     0.1173920056E-16  0 0 0 0 0 0 0 0   -0.1990795878E-17    -0.5254641276E-18
    0.1391999969E+02  0 0 0 0 0 0 0 0    0.3379256555E-16     0.8958348690E-17  0 0 0 0 0 0 0 0   -0.1503204110E-17    -0.3966293124E-18
    0.1395999969E+02  0 0 0 0 0 0 0 0    0.2575686775E-16     0.6825368865E-17  0 0 0 0 0 0 0 0   -0.1133257641E-17    -0.2989151460E-18
    0.1399999969E+02  0 0 0 0 0 0 0 0    0.1960058455E-16     0.5191961015E-17  0 0 0 0 0 0 0 0   -0.8530148689E-18    -0.2249210095E-18
    0.1403999969E+02  0 0 0 0 0 0 0 0    0.1489181412E-16     0.3943140392E-17  0 0 0 0 0 0 0 0   -0.6410610596E-18    -0.1689773738E-18
    0.1407999969E+02  0 0 0 0 0 0 0 0    0.1129606780E-16     0.2989901922E-17  0 0 0 0 0 0 0 0   -0.4810103910E-18    -0.1267478950E-18
    0.1411999968E+02  0 0 0 0 0 0 0 0    0.8554734493E-17     0.2263465378E-17  0 0 0 0 0 0 0 0   -0.3603453896E-18    -0.9492128622E-19
    0.1415999968E+02  0 0 0 0 0 0 0 0    0.6468204702E-17     0.1710768540E-17  0 0 0 0 0 0 0 0   -0.2695192804E-18    -0.7097310961E-19
    0.1419999968E+02  0 0 0 0 0 0 0 0    0.4882669271E-17     0.1290943839E-17  0 0 0 0 0 0 0 0   -0.2012628586E-18    -0.5298192849E-19
    0.1423999968E+02  0 0 0 0 0 0 0 0    0.3679810653E-17     0.9725686390E-18  0 0 0 0 0 0 0 0   -0.1500501860E-18    -0.3948765363E-19
    0.1427999968E+02  0 0 0 0 0 0 0 0    0.2768767141E-17     0.7315230420E-18  0 0 0 0 0 0 0 0   -0.1116874139E-18    -0.2938258229E-19
    0.1431999968E+02  0 0 0 0 0 0 0 0    0.2079879872E-17     0.5493238848E-18  0 0 0 0 0 0 0 0   -0.8299689539E-19    -0.2182772585E-19
    0.1435999968E+02  0 0 0 0 0 0 0 0    0.1559835673E-17     0.4118313504E-18  0 0 0 0 0 0 0 0   -0.6157491337E-19    -0.1618866495E-19
    0.1439999968E+02  0 0 0 0 0 0 0 0    0.1167900801E-17     0.3082466052E-18  0 0 0 0 0 0 0 0   -0.4560618409E-19    -0.1198645787E-19
    0.1443999968E+02  0 0 0 0 0 0 0 0    0.8730057227E-18     0.2303363428E-18  0 0 0 0 0 0 0 0   -0.3372207286E-19    -0.8860132859E-20
    0.1447999968E+02  0 0 0 0 0 0 0 0    0.6514926149E-18     0.1718339202E-18  0 0 0 0 0 0 0 0   -0.2489240476E-19    -0.6538079558E-20
    0.1451999968E+02  0 0 0 0 0 0 0 0    0.4853780084E-18     0.1279776835E-18  0 0 0 0 0 0 0 0   -0.1834305121E-19    -0.4816265063E-20
    0.1455999967E+02  0 0 0 0 0 0 0 0    0.3610151364E-18     0.9515568402E-19  0 0 0 0 0 0 0 0   -0.1349325820E-19    -0.3541674764E-20
    0.1459999967E+02  0 0 0 0 0 0 0 0    0.2680658513E-18     0.7063274577E-19  0 0 0 0 0 0 0 0   -0.9908068663E-20    -0.2599746205E-20
    0.1463999967E+02  0 0 0 0 0 0 0 0    0.1987118723E-18     0.5234116871E-19  0 0 0 0 0 0 0 0   -0.7262265332E-20    -0.1904849344E-20
    0.1467999967E+02  0 0 0 0 0 0 0 0    0.1470507196E-18     0.3872051145E-19  0 0 0 0 0 0 0 0   -0.5313091362E-20    -0.1393086965E-20
    0.1471999967E+02  0 0 0 0 0 0 0 0    0.1086339204E-18     0.2859516385E-19  0 0 0 0 0 0 0 0   -0.3879647159E-20    -0.1016859082E-20
    0.1475999967E+02  0 0 0 0 0 0 0 0    0.8011459458E-19     0.2108095851E-19  0 0 0 0 0 0 0 0   -0.2827356294E-20    -0.7407661501E-21
    0.1479999967E+02  0 0 0 0 0 0 0 0    0.5897900217E-19     0.1551406196E-19  0 0 0 0 0 0 0 0   -0.2056273438E-20    -0.5385266211E-21
    0.1483999967E+02  0 0 0 0 0 0 0 0    0.4334240628E-19     0.1139692494E-19  0 0 0 0 0 0 0 0   -0.1492299245E-20    -0.3906616780E-21
    0.1487999967E+02  0 0 0 0 0 0 0 0    0.3179412546E-19     0.8357273221E-20  0 0 0 0 0 0 0 0   -0.1080590817E-20    -0.2827591994E-21
    0.1491999967E+02  0 0 0 0 0 0 0 0    0.2328012378E-19     0.6117045974E-20  0 0 0 0 0 0 0 0   -0.7806275865E-21    -0.2041742868E-21
    0.1495999967E+02  0 0 0 0 0 0 0 0    0.1701421270E-19     0.4468912771E-20  0 0 0 0 0 0 0 0   -0.5625231202E-21    -0.1470582495E-21
    0.1499999966E+02  0 0 0 0 0 0 0 0    0.1241100670E-19     0.3258550308E-20  0 0 0 0 0 0 0 0   -0.4042730292E-21    -0.1056342836E-21
    0.1503999966E+02  0 0 0 0 0 0 0 0    0.9035397705E-20     0.2371290937E-20  0 0 0 0 0 0 0 0   -0.2897049611E-21    -0.7565810732E-22
    0.1507999966E+02  0 0 0 0 0 0 0 0    0.6564540601E-20     0.1722081042E-20  0 0 0 0 0 0 0 0   -0.2069542275E-21    -0.5401702443E-22
    0.1511999966E+02  0 0 0 0 0 0 0 0    0.4759310316E-20     0.1247944083E-20  0 0 0 0 0 0 0 0   -0.1473322724E-21    -0.3843240699E-22
    0.1515999966E+02  0 0 0 0 0 0 0 0    0.3442903145E-20     0.9023321751E-21  0 0 0 0 0 0 0 0   -0.1044882193E-21    -0.2723930998E-22
    0.1519999966E+02  0 0 0 0 0 0 0 0    0.2484827059E-20     0.6509016253E-21  0 0 0 0 0 0 0 0   -0.7378867978E-22    -0.1922350771E-22
    0.1523999966E+02  0 0 0 0 0 0 0 0    0.1788941156E-20     0.4683580418E-21  0 0 0 0 0 0 0 0   -0.5185981923E-22    -0.1350120465E-22
    0.1527999966E+02  0 0 0 0 0 0 0 0    0.1284541264E-20     0.3361057220E-21  0 0 0 0 0 0 0 0   -0.3624983220E-22    -0.9430403933E-23
    0.1531999966E+02  0 0 0 0 0 0 0 0    0.9197248839E-21     0.2404986767E-21  0 0 0 0 0 0 0 0   -0.2518060957E-22    -0.6545718604E-23
    0.1535999966E+02  0 0 0 0 0 0 0 0    0.6564584728E-21     0.1715408463E-21  0 0 0 0 0 0 0 0   -0.1736536085E-22    -0.4510512414E-23
    0.1539999966E+02  0 0 0 0 0 0 0 0    0.4669248468E-21     0.1219239191E-21  0 0 0 0 0 0 0 0   -0.1187491655E-22    -0.3081827166E-23
    0.1543999965E+02  0 0 0 0 0 0 0 0    0.3308163075E-21     0.8631453473E-22  0 0 0 0 0 0 0 0   -0.8039897603E-23    -0.2084727974E-23
    0.1547999965E+02  0 0 0 0 0 0 0 0    0.2333355579E-21     0.6082803638E-22  0 0 0 0 0 0 0 0   -0.5379263027E-23    -0.1393572643E-23
    0.1551999965E+02  0 0 0 0 0 0 0 0    0.1637214948E-21     0.4264052259E-22  0 0 0 0 0 0 0 0   -0.3548221635E-23    -0.9183622776E-24
    0.1555999965E+02  0 0 0 0 0 0 0 0    0.1141644006E-21     0.2970346390E-22  0 0 0 0 0 0 0 0   -0.2300334175E-23    -0.5948142814E-24
    0.1559999965E+02  0 0 0 0 0 0 0 0    0.7900744849E-22     0.2053372017E-22  0 0 0 0 0 0 0 0   -0.1459992717E-23    -0.3771565527E-24
    0.1563999965E+02  0 0 0 0 0 0 0 0    0.5416169879E-22     0.1405974858E-22  0 0 0 0 0 0 0 0   -0.9024781286E-24    -0.2329081254E-24
    0.1567999965E+02  0 0 0 0 0 0 0 0    0.3667950935E-22     0.9509485084E-23  0 0 0 0 0 0 0 0   -0.5395384259E-24    -0.1391064744E-24
    0.1571999965E+02  0 0 0 0 0 0 0 0    0.2444015093E-22     0.6327762403E-23  0 0 0 0 0 0 0 0   -0.3089842123E-24    -0.7958701192E-25
    0.1575999965E+02  0 0 0 0 0 0 0 0    0.1592377125E-22     0.4116936356E-23  0 0 0 0 0 0 0 0   -0.1671997501E-24    -0.4302596428E-25
    0.1579999965E+02  0 0 0 0 0 0 0 0    0.1004441495E-22     0.2593056396E-23  0 0 0 0 0 0 0 0   -0.8376875935E-25    -0.2153667367E-25
    0.1583999965E+02  0 0 0 0 0 0 0 0    0.6031608780E-23     0.1554778012E-23  0 0 0 0 0 0 0 0   -0.3763116239E-25    -0.9666350631E-26
    0.1587999965E+02  0 0 0 0 0 0 0 0    0.3341587990E-23     0.8600847878E-24  0 0 0 0 0 0 0 0   -0.1434958406E-25    -0.3682930033E-26
    0.1591999964E+02  0 0 0 0 0 0 0 0    0.1598958608E-23     0.4109637638E-24  0 0 0 0 0 0 0 0   -0.4179277180E-26    -0.1071812612E-26
    0.1595999964E+02  0 0 0 0 0 0 0 0    0.5507253788E-24     0.1413594550E-24  0 0 0 0 0 0 0 0   -0.7253853383E-27    -0.1858989744E-27
    0.1599999964E+02  0 0 0 0 0 0 0 0    0.3821242253E-25     0.9793855653E-26  0 0 0 0 0 0 0 0   -0.3202315755E-28    -0.8202648706E-29


# N H Slater-Koster table (6.6. 2005)
N_H_table=
    0.0000000001E+00  0 0 0 0 0 0 0 0 0   0.5944915554E+00  0 0 0 0 0 0 0 0 0  -0.8395672419E+00
    0.3999999911E-01  0 0 0 0 0 0 0 0 0   0.6009582751E+00  0 0 0 0 0 0 0 0 0  -0.8394326765E+00
    0.7999999821E-01  0 0 0 0 0 0 0 0 0   0.6178263278E+00  0 0 0 0 0 0 0 0 0  -0.8390169152E+00
    0.1199999973E+00  0 0 0 0 0 0 0 0 0   0.6412074731E+00  0 0 0 0 0 0 0 0 0  -0.8382884313E+00
    0.1599999964E+00  0 0 0 0 0 0 0 0 0   0.6681366550E+00  0 0 0 0 0 0 0 0 0  -0.8372040736E+00
    0.1999999955E+00  0 0 0 0 0 0 0 0 0   0.6964318651E+00  0 0 0 0 0 0 0 0 0  -0.8357151608E+00
    0.2399999946E+00  0 0 0 0 0 0 0 0 0   0.7245106288E+00  0 0 0 0 0 0 0 0 0  -0.8337718561E+00
    0.2799999937E+00  0 0 0 0 0 0 0 0 0   0.7512475944E+00  0 0 0 0 0 0 0 0 0  -0.8313262489E+00
    0.3199999928E+00  0 0 0 0 0 0 0 0 0   0.7758658531E+00  0 0 0 0 0 0 0 0 0  -0.8283344644E+00
    0.3599999920E+00  0 0 0 0 0 0 0 0 0   0.7978537424E+00  0 0 0 0 0 0 0 0 0  -0.8247580459E+00
    0.3999999911E+00  0 0 0 0 0 0 0 0 0   0.8169007642E+00  0 0 0 0 0 0 0 0 0  -0.8205647901E+00
    0.4399999902E+00  0 0 0 0 0 0 0 0 0   0.8328479828E+00  0 0 0 0 0 0 0 0 0  -0.8157291768E+00
    0.4799999893E+00  0 0 0 0 0 0 0 0 0   0.8456495425E+00  0 0 0 0 0 0 0 0 0  -0.8102324981E+00
    0.5199999884E+00  0 0 0 0 0 0 0 0 0   0.8553428145E+00  0 0 0 0 0 0 0 0 0  -0.8040627693E+00
    0.5599999875E+00  0 0 0 0 0 0 0 0 0   0.8620252723E+00  0 0 0 0 0 0 0 0 0  -0.7972144834E+00
    0.5999999866E+00  0 0 0 0 0 0 0 0 0   0.8658366119E+00  0 0 0 0 0 0 0 0 0  -0.7896882570E+00
    0.6399999857E+00  0 0 0 0 0 0 0 0 0   0.8669449574E+00  0 0 0 0 0 0 0 0 0  -0.7814904042E+00
    0.6799999848E+00  0 0 0 0 0 0 0 0 0   0.8655362488E+00  0 0 0 0 0 0 0 0 0  -0.7726324654E+00
    0.7199999839E+00  0 0 0 0 0 0 0 0 0   0.8618061175E+00  0 0 0 0 0 0 0 0 0  -0.7631307125E+00
    0.7599999830E+00  0 0 0 0 0 0 0 0 0   0.8559537151E+00  0 0 0 0 0 0 0 0 0  -0.7530056456E+00
    0.7999999821E+00  0 0 0 0 0 0 0 0 0   0.8481770808E+00  0 0 0 0 0 0 0 0 0  -0.7422814934E+00
    0.8399999812E+00  0 0 0 0 0 0 0 0 0   0.8386697248E+00  0 0 0 0 0 0 0 0 0  -0.7309857254E+00
    0.8799999803E+00  0 0 0 0 0 0 0 0 0   0.8276181715E+00  0 0 0 0 0 0 0 0 0  -0.7191485823E+00
    0.9199999794E+00  0 0 0 0 0 0 0 0 0   0.8152002588E+00  0 0 0 0 0 0 0 0 0  -0.7068026292E+00
    0.9599999785E+00  0 0 0 0 0 0 0 0 0   0.8015840306E+00  0 0 0 0 0 0 0 0 0  -0.6939823336E+00
    0.9999999776E+00  0 0 0 0 0 0 0 0 0   0.7869270898E+00  0 0 0 0 0 0 0 0 0  -0.6807236703E+00
    0.1039999977E+01  0 0 0 0 0 0 0 0 0   0.7713763060E+00  0 0 0 0 0 0 0 0 0  -0.6670637541E+00
    0.1079999976E+01  0 0 0 0 0 0 0 0 0   0.7550677925E+00  0 0 0 0 0 0 0 0 0  -0.6530405001E+00
    0.1119999975E+01  0 0 0 0 0 0 0 0 0   0.7381270828E+00  0 0 0 0 0 0 0 0 0  -0.6386923116E+00
    0.1159999974E+01  0 0 0 0 0 0 0 0 0   0.7206694529E+00  0 0 0 0 0 0 0 0 0  -0.6240577948E+00
    0.1199999973E+01  0 0 0 0 0 0 0 0 0   0.7028003444E+00  0 0 0 0 0 0 0 0 0  -0.6091754989E+00
    0.1239999972E+01  0 0 0 0 0 0 0 0 0   0.6846158548E+00  0 0 0 0 0 0 0 0 0  -0.5940836813E+00
    0.1279999971E+01  0 0 0 0 0 0 0 0 0   0.6662032681E+00  0 0 0 0 0 0 0 0 0  -0.5788200966E+00
    0.1319999970E+01  0 0 0 0 0 0 0 0 0   0.6476416046E+00  0 0 0 0 0 0 0 0 0  -0.5634218070E+00
    0.1359999970E+01  0 0 0 0 0 0 0 0 0   0.6290021746E+00  0 0 0 0 0 0 0 0 0  -0.5479250150E+00
    0.1399999969E+01  0 0 0 0 0 0 0 0 0   0.6103491249E+00  0 0 0 0 0 0 0 0 0  -0.5323649153E+00
    0.1439999968E+01  0 0 0 0 0 0 0 0 0   0.5917399690E+00  0 0 0 0 0 0 0 0 0  -0.5167755655E+00
    0.1479999967E+01  0 0 0 0 0 0 0 0 0   0.5732260954E+00  0 0 0 0 0 0 0 0 0  -0.5011897742E+00
    0.1519999966E+01  0 0 0 0 0 0 0 0 0   0.5548532510E+00  0 0 0 0 0 0 0 0 0  -0.4856390065E+00
    0.1559999965E+01  0 0 0 0 0 0 0 0 0   0.5366619965E+00  0 0 0 0 0 0 0 0 0  -0.4701533034E+00
    0.1599999964E+01  0 0 0 0 0 0 0 0 0   0.5186881331E+00  0 0 0 0 0 0 0 0 0  -0.4547612169E+00
    0.1639999963E+01  0 0 0 0 0 0 0 0 0   0.5009631010E+00  0 0 0 0 0 0 0 0 0  -0.4394897581E+00
    0.1679999962E+01  0 0 0 0 0 0 0 0 0   0.4835143491E+00  0 0 0 0 0 0 0 0 0  -0.4243643576E+00
    0.1719999962E+01  0 0 0 0 0 0 0 0 0   0.4663656781E+00  0 0 0 0 0 0 0 0 0  -0.4094088379E+00
    0.1759999961E+01  0 0 0 0 0 0 0 0 0   0.4495375572E+00  0 0 0 0 0 0 0 0 0  -0.3946453962E+00
    0.1799999960E+01  0 0 0 0 0 0 0 0 0   0.4330474165E+00  0 0 0 0 0 0 0 0 0  -0.3800945980E+00
    0.1839999959E+01  0 0 0 0 0 0 0 0 0   0.4169099168E+00  0 0 0 0 0 0 0 0 0  -0.3657753791E+00
    0.1879999958E+01  0 0 0 0 0 0 0 0 0   0.4011371978E+00  0 0 0 0 0 0 0 0 0  -0.3517050561E+00
    0.1919999957E+01  0 0 0 0 0 0 0 0 0   0.3857391068E+00  0 0 0 0 0 0 0 0 0  -0.3378993458E+00
    0.1959999956E+01  0 0 0 0 0 0 0 0 0   0.3707234089E+00  0 0 0 0 0 0 0 0 0  -0.3243723900E+00
    0.1999999955E+01  0 0 0 0 0 0 0 0 0   0.3560959807E+00  0 0 0 0 0 0 0 0 0  -0.3111367877E+00
    0.2039999954E+01  0 0 0 0 0 0 0 0 0   0.3418609884E+00  0 0 0 0 0 0 0 0 0  -0.2982036334E+00
    0.2079999954E+01  0 0 0 0 0 0 0 0 0   0.3280210520E+00  0 0 0 0 0 0 0 0 0  -0.2855825591E+00
    0.2119999953E+01  0 0 0 0 0 0 0 0 0   0.3145773960E+00  0 0 0 0 0 0 0 0 0  -0.2732817821E+00
    0.2159999952E+01  0 0 0 0 0 0 0 0 0   0.3015299881E+00  0 0 0 0 0 0 0 0 0  -0.2613081561E+00
    0.2199999951E+01  0 0 0 0 0 0 0 0 0   0.2888776677E+00  0 0 0 0 0 0 0 0 0  -0.2496672258E+00
    0.2239999950E+01  0 0 0 0 0 0 0 0 0   0.2766182629E+00  0 0 0 0 0 0 0 0 0  -0.2383632842E+00
    0.2279999949E+01  0 0 0 0 0 0 0 0 0   0.2647486994E+00  0 0 0 0 0 0 0 0 0  -0.2273994319E+00
    0.2319999948E+01  0 0 0 0 0 0 0 0 0   0.2532650996E+00  0 0 0 0 0 0 0 0 0  -0.2167776389E+00
    0.2359999947E+01  0 0 0 0 0 0 0 0 0   0.2421628747E+00  0 0 0 0 0 0 0 0 0  -0.2064988070E+00
    0.2399999946E+01  0 0 0 0 0 0 0 0 0   0.2314368088E+00  0 0 0 0 0 0 0 0 0  -0.1965628334E+00
    0.2439999945E+01  0 0 0 0 0 0 0 0 0   0.2210811358E+00  0 0 0 0 0 0 0 0 0  -0.1869686745E+00
    0.2479999945E+01  0 0 0 0 0 0 0 0 0   0.2110896112E+00  0 0 0 0 0 0 0 0 0  -0.1777144102E+00
    0.2519999944E+01  0 0 0 0 0 0 0 0 0   0.2014555765E+00  0 0 0 0 0 0 0 0 0  -0.1687973071E+00
    0.2559999943E+01  0 0 0 0 0 0 0 0 0   0.1921720191E+00  0 0 0 0 0 0 0 0 0  -0.1602138823E+00
    0.2599999942E+01  0 0 0 0 0 0 0 0 0   0.1832316269E+00  0 0 0 0 0 0 0 0 0  -0.1519599650E+00
    0.2639999941E+01  0 0 0 0 0 0 0 0 0   0.1746268378E+00  0 0 0 0 0 0 0 0 0  -0.1440307574E+00
    0.2679999940E+01  0 0 0 0 0 0 0 0 0   0.1663498856E+00  0 0 0 0 0 0 0 0 0  -0.1364208947E+00
    0.2719999939E+01  0 0 0 0 0 0 0 0 0   0.1583928410E+00  0 0 0 0 0 0 0 0 0  -0.1291245023E+00
    0.2759999938E+01  0 0 0 0 0 0 0 0 0   0.1507476493E+00  0 0 0 0 0 0 0 0 0  -0.1221352521E+00
    0.2799999937E+01  0 0 0 0 0 0 0 0 0   0.1434061647E+00  0 0 0 0 0 0 0 0 0  -0.1154464165E+00
    0.2839999937E+01  0 0 0 0 0 0 0 0 0   0.1363601812E+00  0 0 0 0 0 0 0 0 0  -0.1090509198E+00
    0.2879999936E+01  0 0 0 0 0 0 0 0 0   0.1296014604E+00  0 0 0 0 0 0 0 0 0  -0.1029413880E+00
    0.2919999935E+01  0 0 0 0 0 0 0 0 0   0.1231217569E+00  0 0 0 0 0 0 0 0 0  -0.9711019591E-01
    0.2959999934E+01  0 0 0 0 0 0 0 0 0   0.1169128410E+00  0 0 0 0 0 0 0 0 0  -0.9154951164E-01
    0.2999999933E+01  0 0 0 0 0 0 0 0 0   0.1109665188E+00  0 0 0 0 0 0 0 0 0  -0.8625133907E-01
    0.3039999932E+01  0 0 0 0 0 0 0 0 0   0.1052746509E+00  0 0 0 0 0 0 0 0 0  -0.8120755741E-01
    0.3079999931E+01  0 0 0 0 0 0 0 0 0   0.9982916826E-01  0 0 0 0 0 0 0 0 0  -0.7640995844E-01
    0.3119999930E+01  0 0 0 0 0 0 0 0 0   0.9462208684E-01  0 0 0 0 0 0 0 0 0  -0.7185028122E-01
    0.3159999929E+01  0 0 0 0 0 0 0 0 0   0.8964552043E-01  0 0 0 0 0 0 0 0 0  -0.6752024426E-01
    0.3199999928E+01  0 0 0 0 0 0 0 0 0   0.8489169193E-01  0 0 0 0 0 0 0 0 0  -0.6341157530E-01
    0.3239999928E+01  0 0 0 0 0 0 0 0 0   0.8035294325E-01  0 0 0 0 0 0 0 0 0  -0.5951603865E-01
    0.3279999927E+01  0 0 0 0 0 0 0 0 0   0.7602174405E-01  0 0 0 0 0 0 0 0 0  -0.5582546019E-01
    0.3319999926E+01  0 0 0 0 0 0 0 0 0   0.7189069923E-01  0 0 0 0 0 0 0 0 0  -0.5233175013E-01
    0.3359999925E+01  0 0 0 0 0 0 0 0 0   0.6795255541E-01  0 0 0 0 0 0 0 0 0  -0.4902692352E-01
    0.3399999924E+01  0 0 0 0 0 0 0 0 0   0.6420020649E-01  0 0 0 0 0 0 0 0 0  -0.4590311865E-01
    0.3439999923E+01  0 0 0 0 0 0 0 0 0   0.6062669830E-01  0 0 0 0 0 0 0 0 0  -0.4295261347E-01
    0.3479999922E+01  0 0 0 0 0 0 0 0 0   0.5722523248E-01  0 0 0 0 0 0 0 0 0  -0.4016783999E-01
    0.3519999921E+01  0 0 0 0 0 0 0 0 0   0.5398916960E-01  0 0 0 0 0 0 0 0 0  -0.3754139694E-01
    0.3559999920E+01  0 0 0 0 0 0 0 0 0   0.5091203151E-01  0 0 0 0 0 0 0 0 0  -0.3506606056E-01
    0.3599999920E+01  0 0 0 0 0 0 0 0 0   0.4798750320E-01  0 0 0 0 0 0 0 0 0  -0.3273479389E-01
    0.3639999919E+01  0 0 0 0 0 0 0 0 0   0.4520943411E-01  0 0 0 0 0 0 0 0 0  -0.3054075439E-01
    0.3679999918E+01  0 0 0 0 0 0 0 0 0   0.4257183902E-01  0 0 0 0 0 0 0 0 0  -0.2847730019E-01
    0.3719999917E+01  0 0 0 0 0 0 0 0 0   0.4006889847E-01  0 0 0 0 0 0 0 0 0  -0.2653799495E-01
    0.3759999916E+01  0 0 0 0 0 0 0 0 0   0.3769495879E-01  0 0 0 0 0 0 0 0 0  -0.2471661155E-01
    0.3799999915E+01  0 0 0 0 0 0 0 0 0   0.3544453175E-01  0 0 0 0 0 0 0 0 0  -0.2300713449E-01
    0.3839999914E+01  0 0 0 0 0 0 0 0 0   0.3331229390E-01  0 0 0 0 0 0 0 0 0  -0.2140376140E-01
    0.3879999913E+01  0 0 0 0 0 0 0 0 0   0.3129308556E-01  0 0 0 0 0 0 0 0 0  -0.1990090344E-01
    0.3919999912E+01  0 0 0 0 0 0 0 0 0   0.2938190959E-01  0 0 0 0 0 0 0 0 0  -0.1849318489E-01
    0.3959999911E+01  0 0 0 0 0 0 0 0 0   0.2757392983E-01  0 0 0 0 0 0 0 0 0  -0.1717544192E-01
    0.3999999911E+01  0 0 0 0 0 0 0 0 0   0.2586446938E-01  0 0 0 0 0 0 0 0 0  -0.1594272066E-01
    0.4039999910E+01  0 0 0 0 0 0 0 0 0   0.2424900863E-01  0 0 0 0 0 0 0 0 0  -0.1479027459E-01
    0.4079999909E+01  0 0 0 0 0 0 0 0 0   0.2272318312E-01  0 0 0 0 0 0 0 0 0  -0.1371356142E-01
    0.4119999908E+01  0 0 0 0 0 0 0 0 0   0.2128278119E-01  0 0 0 0 0 0 0 0 0  -0.1270823940E-01
    0.4159999907E+01  0 0 0 0 0 0 0 0 0   0.1992374157E-01  0 0 0 0 0 0 0 0 0  -0.1177016324E-01
    0.4199999906E+01  0 0 0 0 0 0 0 0 0   0.1864215073E-01  0 0 0 0 0 0 0 0 0  -0.1089537963E-01
    0.4239999905E+01  0 0 0 0 0 0 0 0 0   0.1743424015E-01  0 0 0 0 0 0 0 0 0  -0.1008012248E-01
    0.4279999904E+01  0 0 0 0 0 0 0 0 0   0.1629638352E-01  0 0 0 0 0 0 0 0 0  -0.9320807818E-02
    0.4319999903E+01  0 0 0 0 0 0 0 0 0   0.1522509377E-01  0 0 0 0 0 0 0 0 0  -0.8614028546E-02
    0.4359999903E+01  0 0 0 0 0 0 0 0 0   0.1421702007E-01  0 0 0 0 0 0 0 0 0  -0.7956548969E-02
    0.4399999902E+01  0 0 0 0 0 0 0 0 0   0.1326894477E-01  0 0 0 0 0 0 0 0 0  -0.7345299217E-02
    0.4439999901E+01  0 0 0 0 0 0 0 0 0   0.1237778019E-01  0 0 0 0 0 0 0 0 0  -0.6777369565E-02
    0.4479999900E+01  0 0 0 0 0 0 0 0 0   0.1154056550E-01  0 0 0 0 0 0 0 0 0  -0.6250004689E-02
    0.4519999899E+01  0 0 0 0 0 0 0 0 0   0.1075446340E-01  0 0 0 0 0 0 0 0 0  -0.5760597895E-02
    0.4559999898E+01  0 0 0 0 0 0 0 0 0   0.1001675690E-01  0 0 0 0 0 0 0 0 0  -0.5306685350E-02
    0.4599999897E+01  0 0 0 0 0 0 0 0 0   0.9324846024E-02  0 0 0 0 0 0 0 0 0  -0.4885940333E-02
    0.4639999896E+01  0 0 0 0 0 0 0 0 0   0.8676244442E-02  0 0 0 0 0 0 0 0 0  -0.4496167530E-02
    0.4679999895E+01  0 0 0 0 0 0 0 0 0   0.8068576201E-02  0 0 0 0 0 0 0 0 0  -0.4135297404E-02
    0.4719999894E+01  0 0 0 0 0 0 0 0 0   0.7499572376E-02  0 0 0 0 0 0 0 0 0  -0.3801380643E-02
    0.4759999894E+01  0 0 0 0 0 0 0 0 0   0.6967067755E-02  0 0 0 0 0 0 0 0 0  -0.3492582706E-02
    0.4799999893E+01  0 0 0 0 0 0 0 0 0   0.6468997530E-02  0 0 0 0 0 0 0 0 0  -0.3207178488E-02
    0.4839999892E+01  0 0 0 0 0 0 0 0 0   0.6003394006E-02  0 0 0 0 0 0 0 0 0  -0.2943547106E-02
    0.4879999891E+01  0 0 0 0 0 0 0 0 0   0.5568383339E-02  0 0 0 0 0 0 0 0 0  -0.2700166820E-02
    0.4919999890E+01  0 0 0 0 0 0 0 0 0   0.5162182299E-02  0 0 0 0 0 0 0 0 0  -0.2475610092E-02
    0.4959999889E+01  0 0 0 0 0 0 0 0 0   0.4783095067E-02  0 0 0 0 0 0 0 0 0  -0.2268538797E-02
    0.4999999888E+01  0 0 0 0 0 0 0 0 0   0.4429510076E-02  0 0 0 0 0 0 0 0 0  -0.2077699588E-02
    0.5039999887E+01  0 0 0 0 0 0 0 0 0   0.4099896887E-02  0 0 0 0 0 0 0 0 0  -0.1901919416E-02
    0.5079999886E+01  0 0 0 0 0 0 0 0 0   0.3792803119E-02  0 0 0 0 0 0 0 0 0  -0.1740101205E-02
    0.5119999886E+01  0 0 0 0 0 0 0 0 0   0.3506851423E-02  0 0 0 0 0 0 0 0 0  -0.1591219701E-02
    0.5159999885E+01  0 0 0 0 0 0 0 0 0   0.3240736519E-02  0 0 0 0 0 0 0 0 0  -0.1454317464E-02
    0.5199999884E+01  0 0 0 0 0 0 0 0 0   0.2993222279E-02  0 0 0 0 0 0 0 0 0  -0.1328501042E-02
    0.5239999883E+01  0 0 0 0 0 0 0 0 0   0.2763138885E-02  0 0 0 0 0 0 0 0 0  -0.1212937289E-02
    0.5279999882E+01  0 0 0 0 0 0 0 0 0   0.2549380034E-02  0 0 0 0 0 0 0 0 0  -0.1106849850E-02
    0.5319999881E+01  0 0 0 0 0 0 0 0 0   0.2350900225E-02  0 0 0 0 0 0 0 0 0  -0.1009515802E-02
    0.5359999880E+01  0 0 0 0 0 0 0 0 0   0.2166712095E-02  0 0 0 0 0 0 0 0 0  -0.9202624484E-03
    0.5399999879E+01  0 0 0 0 0 0 0 0 0   0.1995883840E-02  0 0 0 0 0 0 0 0 0  -0.8384642660E-03
    0.5439999878E+01  0 0 0 0 0 0 0 0 0   0.1837536698E-02  0 0 0 0 0 0 0 0 0  -0.7635399961E-03
    0.5479999878E+01  0 0 0 0 0 0 0 0 0   0.1690842503E-02  0 0 0 0 0 0 0 0 0  -0.6949498837E-03
    0.5519999877E+01  0 0 0 0 0 0 0 0 0   0.1555021316E-02  0 0 0 0 0 0 0 0 0  -0.6321930547E-03
    0.5559999876E+01  0 0 0 0 0 0 0 0 0   0.1429339121E-02  0 0 0 0 0 0 0 0 0  -0.5748050294E-03
    0.5599999875E+01  0 0 0 0 0 0 0 0 0   0.1313105606E-02  0 0 0 0 0 0 0 0 0  -0.5223553666E-03
    0.5639999874E+01  0 0 0 0 0 0 0 0 0   0.1205672005E-02  0 0 0 0 0 0 0 0 0  -0.4744454360E-03
    0.5679999873E+01  0 0 0 0 0 0 0 0 0   0.1106429023E-02  0 0 0 0 0 0 0 0 0  -0.4307063116E-03
    0.5719999872E+01  0 0 0 0 0 0 0 0 0   0.1014804826E-02  0 0 0 0 0 0 0 0 0  -0.3907967839E-03
    0.5759999871E+01  0 0 0 0 0 0 0 0 0   0.9302631133E-03  0 0 0 0 0 0 0 0 0  -0.3544014844E-03
    0.5799999870E+01  0 0 0 0 0 0 0 0 0   0.8523012527E-03  0 0 0 0 0 0 0 0 0  -0.3212291188E-03
    0.5839999869E+01  0 0 0 0 0 0 0 0 0   0.7804484933E-03  0 0 0 0 0 0 0 0 0  -0.2910108040E-03
    0.5879999869E+01  0 0 0 0 0 0 0 0 0   0.7142642464E-03  0 0 0 0 0 0 0 0 0  -0.2634985045E-03
    0.5919999868E+01  0 0 0 0 0 0 0 0 0   0.6533364367E-03  0 0 0 0 0 0 0 0 0  -0.2384635628E-03
    0.5959999867E+01  0 0 0 0 0 0 0 0 0   0.5972799222E-03  0 0 0 0 0 0 0 0 0  -0.2156953209E-03
    0.5999999866E+01  0 0 0 0 0 0 0 0 0   0.5457349803E-03  0 0 0 0 0 0 0 0 0  -0.1949998272E-03
    0.6039999865E+01  0 0 0 0 0 0 0 0 0   0.4983658609E-03  0 0 0 0 0 0 0 0 0  -0.1761986249E-03
    0.6079999864E+01  0 0 0 0 0 0 0 0 0   0.4548594036E-03  0 0 0 0 0 0 0 0 0  -0.1591276181E-03
    0.6119999863E+01  0 0 0 0 0 0 0 0 0   0.4149237172E-03  0 0 0 0 0 0 0 0 0  -0.1436360116E-03
    0.6159999862E+01  0 0 0 0 0 0 0 0 0   0.3782869212E-03  0 0 0 0 0 0 0 0 0  -0.1295853196E-03
    0.6199999861E+01  0 0 0 0 0 0 0 0 0   0.3446959470E-03  0 0 0 0 0 0 0 0 0  -0.1168484406E-03
    0.6239999861E+01  0 0 0 0 0 0 0 0 0   0.3139153964E-03  0 0 0 0 0 0 0 0 0  -0.1053087946E-03
    0.6279999860E+01  0 0 0 0 0 0 0 0 0   0.2857264571E-03  0 0 0 0 0 0 0 0 0  -0.9485951874E-04
    0.6319999859E+01  0 0 0 0 0 0 0 0 0   0.2599258723E-03  0 0 0 0 0 0 0 0 0  -0.8540271779E-04
    0.6359999858E+01  0 0 0 0 0 0 0 0 0   0.2363249628E-03  0 0 0 0 0 0 0 0 0  -0.7684876755E-04
    0.6399999857E+01  0 0 0 0 0 0 0 0 0   0.2147487005E-03  0 0 0 0 0 0 0 0 0  -0.6911566648E-04
    0.6439999856E+01  0 0 0 0 0 0 0 0 0   0.1950348307E-03  0 0 0 0 0 0 0 0 0  -0.6212843367E-04
    0.6479999855E+01  0 0 0 0 0 0 0 0 0   0.1770330411E-03  0 0 0 0 0 0 0 0 0  -0.5581854984E-04
    0.6519999854E+01  0 0 0 0 0 0 0 0 0   0.1606041775E-03  0 0 0 0 0 0 0 0 0  -0.5012343888E-04
    0.6559999853E+01  0 0 0 0 0 0 0 0 0   0.1456195019E-03  0 0 0 0 0 0 0 0 0  -0.4498598730E-04
    0.6599999852E+01  0 0 0 0 0 0 0 0 0   0.1319599931E-03  0 0 0 0 0 0 0 0 0  -0.4035409920E-04
    0.6639999852E+01  0 0 0 0 0 0 0 0 0   0.1195156876E-03  0 0 0 0 0 0 0 0 0  -0.3618028434E-04
    0.6679999851E+01  0 0 0 0 0 0 0 0 0   0.1081850579E-03  0 0 0 0 0 0 0 0 0  -0.3242127730E-04
    0.6719999850E+01  0 0 0 0 0 0 0 0 0   0.9787442885E-04  0 0 0 0 0 0 0 0 0  -0.2903768552E-04
    0.6759999849E+01  0 0 0 0 0 0 0 0 0   0.8849742774E-04  0 0 0 0 0 0 0 0 0  -0.2599366435E-04
    0.6799999848E+01  0 0 0 0 0 0 0 0 0   0.7997446847E-04  0 0 0 0 0 0 0 0 0  -0.2325661722E-04
    0.6839999847E+01  0 0 0 0 0 0 0 0 0   0.7223226727E-04  0 0 0 0 0 0 0 0 0  -0.2079691913E-04
    0.6879999846E+01  0 0 0 0 0 0 0 0 0   0.6520338859E-04  0 0 0 0 0 0 0 0 0  -0.1858766206E-04
    0.6919999845E+01  0 0 0 0 0 0 0 0 0   0.5882581973E-04  0 0 0 0 0 0 0 0 0  -0.1660442042E-04
    0.6959999844E+01  0 0 0 0 0 0 0 0 0   0.5304257268E-04  0 0 0 0 0 0 0 0 0  -0.1482503535E-04
    0.6999999844E+01  0 0 0 0 0 0 0 0 0   0.4780131180E-04  0 0 0 0 0 0 0 0 0  -0.1322941643E-04
    0.7039999843E+01  0 0 0 0 0 0 0 0 0   0.4305400583E-04  0 0 0 0 0 0 0 0 0  -0.1179935947E-04
    0.7079999842E+01  0 0 0 0 0 0 0 0 0   0.3875660309E-04  0 0 0 0 0 0 0 0 0  -0.1051837933E-04
    0.7119999841E+01  0 0 0 0 0 0 0 0 0   0.3486872850E-04  0 0 0 0 0 0 0 0 0  -0.9371556433E-05
    0.7159999840E+01  0 0 0 0 0 0 0 0 0   0.3135340113E-04  0 0 0 0 0 0 0 0 0  -0.8345396194E-05
    0.7199999839E+01  0 0 0 0 0 0 0 0 0   0.2817677126E-04  0 0 0 0 0 0 0 0 0  -0.7427700149E-05
    0.7239999838E+01  0 0 0 0 0 0 0 0 0   0.2530787561E-04  0 0 0 0 0 0 0 0 0  -0.6607448037E-05
    0.7279999837E+01  0 0 0 0 0 0 0 0 0   0.2271840988E-04  0 0 0 0 0 0 0 0 0  -0.5874689916E-05
    0.7319999836E+01  0 0 0 0 0 0 0 0 0   0.2038251741E-04  0 0 0 0 0 0 0 0 0  -0.5220447539E-05
    0.7359999835E+01  0 0 0 0 0 0 0 0 0   0.1827659301E-04  0 0 0 0 0 0 0 0 0  -0.4636624268E-05
    0.7399999835E+01  0 0 0 0 0 0 0 0 0   0.1637910101E-04  0 0 0 0 0 0 0 0 0  -0.4115922824E-05
    0.7439999834E+01  0 0 0 0 0 0 0 0 0   0.1467040674E-04  0 0 0 0 0 0 0 0 0  -0.3651770262E-05
    0.7479999833E+01  0 0 0 0 0 0 0 0 0   0.1313262039E-04  0 0 0 0 0 0 0 0 0  -0.3238249575E-05
    0.7519999832E+01  0 0 0 0 0 0 0 0 0   0.1174945258E-04  0 0 0 0 0 0 0 0 0  -0.2870037378E-05
    0.7559999831E+01  0 0 0 0 0 0 0 0 0   0.1050608092E-04  0 0 0 0 0 0 0 0 0  -0.2542347181E-05
    0.7599999830E+01  0 0 0 0 0 0 0 0 0   0.9389026622E-05  0 0 0 0 0 0 0 0 0  -0.2250877775E-05
    0.7639999829E+01  0 0 0 0 0 0 0 0 0   0.8386040749E-05  0 0 0 0 0 0 0 0 0  -0.1991766312E-05
    0.7679999828E+01  0 0 0 0 0 0 0 0 0   0.7485999197E-05  0 0 0 0 0 0 0 0 0  -0.1761545668E-05
    0.7719999827E+01  0 0 0 0 0 0 0 0 0   0.6678806000E-05  0 0 0 0 0 0 0 0 0  -0.1557105731E-05
    0.7759999827E+01  0 0 0 0 0 0 0 0 0   0.5955304261E-05  0 0 0 0 0 0 0 0 0  -0.1375658284E-05
    0.7799999826E+01  0 0 0 0 0 0 0 0 0   0.5307194213E-05  0 0 0 0 0 0 0 0 0  -0.1214705150E-05
    0.7839999825E+01  0 0 0 0 0 0 0 0 0   0.4726957895E-05  0 0 0 0 0 0 0 0 0  -0.1072009337E-05
    0.7879999824E+01  0 0 0 0 0 0 0 0 0   0.4207789959E-05  0 0 0 0 0 0 0 0 0  -0.9455688986E-06
    0.7919999823E+01  0 0 0 0 0 0 0 0 0   0.3743534172E-05  0 0 0 0 0 0 0 0 0  -0.8335932897E-06
    0.7959999822E+01  0 0 0 0 0 0 0 0 0   0.3328625173E-05  0 0 0 0 0 0 0 0 0  -0.7344819719E-06
    0.7999999821E+01  0 0 0 0 0 0 0 0 0   0.2958035120E-05  0 0 0 0 0 0 0 0 0  -0.6468050851E-06
    0.8039999820E+01  0 0 0 0 0 0 0 0 0   0.2627224704E-05  0 0 0 0 0 0 0 0 0  -0.5692859865E-06
    0.8079999819E+01  0 0 0 0 0 0 0 0 0   0.2332096690E-05  0 0 0 0 0 0 0 0 0  -0.5007854913E-06
    0.8119999819E+01  0 0 0 0 0 0 0 0 0   0.2068955178E-05  0 0 0 0 0 0 0 0 0  -0.4402876624E-06
    0.8159999818E+01  0 0 0 0 0 0 0 0 0   0.1834469705E-05  0 0 0 0 0 0 0 0 0  -0.3868870052E-06
    0.8199999817E+01  0 0 0 0 0 0 0 0 0   0.1625641074E-05  0 0 0 0 0 0 0 0 0  -0.3397769326E-06
    0.8239999816E+01  0 0 0 0 0 0 0 0 0   0.1439770109E-05  0 0 0 0 0 0 0 0 0  -0.2982393808E-06
    0.8279999815E+01  0 0 0 0 0 0 0 0 0   0.1274429186E-05  0 0 0 0 0 0 0 0 0  -0.2616354669E-06
    0.8319999814E+01  0 0 0 0 0 0 0 0 0   0.1127436290E-05  0 0 0 0 0 0 0 0 0  -0.2293970888E-06
    0.8359999813E+01  0 0 0 0 0 0 0 0 0   0.9968314117E-06  0 0 0 0 0 0 0 0 0  -0.2010193781E-06
    0.8399999812E+01  0 0 0 0 0 0 0 0 0   0.8808550716E-06  0 0 0 0 0 0 0 0 0  -0.1760539234E-06
    0.8439999811E+01  0 0 0 0 0 0 0 0 0   0.7779288046E-06  0 0 0 0 0 0 0 0 0  -0.1541026887E-06
    0.8479999810E+01  0 0 0 0 0 0 0 0 0   0.6866374330E-06  0 0 0 0 0 0 0 0 0  -0.1348125600E-06
    0.8519999810E+01  0 0 0 0 0 0 0 0 0   0.6057129773E-06  0 0 0 0 0 0 0 0 0  -0.1178704580E-06
    0.8559999809E+01  0 0 0 0 0 0 0 0 0   0.5340200640E-06  0 0 0 0 0 0 0 0 0  -0.1029989602E-06
    0.8599999808E+01  0 0 0 0 0 0 0 0 0   0.4705427003E-06  0 0 0 0 0 0 0 0 0  -0.8995238384E-07
    0.8639999807E+01  0 0 0 0 0 0 0 0 0   0.4143722961E-06  0 0 0 0 0 0 0 0 0  -0.7851328046E-07
    0.8679999806E+01  0 0 0 0 0 0 0 0 0   0.3646968224E-06  0 0 0 0 0 0 0 0 0  -0.6848930372E-07
    0.8719999805E+01  0 0 0 0 0 0 0 0 0   0.3207910079E-06  0 0 0 0 0 0 0 0 0  -0.5971041053E-07
    0.8759999804E+01  0 0 0 0 0 0 0 0 0   0.2820074775E-06  0 0 0 0 0 0 0 0 0  -0.5202636253E-07
    0.8799999803E+01  0 0 0 0 0 0 0 0 0   0.2477687499E-06  0 0 0 0 0 0 0 0 0  -0.4530449682E-07
    0.8839999802E+01  0 0 0 0 0 0 0 0 0   0.2175600159E-06  0 0 0 0 0 0 0 0 0  -0.3942773825E-07
    0.8879999802E+01  0 0 0 0 0 0 0 0 0   0.1909226251E-06  0 0 0 0 0 0 0 0 0  -0.3429282821E-07
    0.8919999801E+01  0 0 0 0 0 0 0 0 0   0.1674482165E-06  0 0 0 0 0 0 0 0 0  -0.2980874728E-07
    0.8959999800E+01  0 0 0 0 0 0 0 0 0   0.1467734322E-06  0 0 0 0 0 0 0 0 0  -0.2589531146E-07
    0.8999999799E+01  0 0 0 0 0 0 0 0 0   0.1285751609E-06  0 0 0 0 0 0 0 0 0  -0.2248192366E-07
    0.9039999798E+01  0 0 0 0 0 0 0 0 0   0.1125662600E-06  0 0 0 0 0 0 0 0 0  -0.1950646395E-07
    0.9079999797E+01  0 0 0 0 0 0 0 0 0   0.9849171068E-07  0 0 0 0 0 0 0 0 0  -0.1691430377E-07
    0.9119999796E+01  0 0 0 0 0 0 0 0 0   0.8612516636E-07  0 0 0 0 0 0 0 0 0  -0.1465743077E-07
    0.9159999795E+01  0 0 0 0 0 0 0 0 0   0.7526585394E-07  0 0 0 0 0 0 0 0 0  -0.1269367249E-07
    0.9199999794E+01  0 0 0 0 0 0 0 0 0   0.6573579578E-07  0 0 0 0 0 0 0 0 0  -0.1098600790E-07
    0.9239999793E+01  0 0 0 0 0 0 0 0 0   0.5737731983E-07  0 0 0 0 0 0 0 0 0  -0.9501957465E-08
    0.9279999793E+01  0 0 0 0 0 0 0 0 0   0.5005083003E-07  0 0 0 0 0 0 0 0 0  -0.8213043004E-08
    0.9319999792E+01  0 0 0 0 0 0 0 0 0   0.4363281095E-07  0 0 0 0 0 0 0 0 0  -0.7094309654E-08
    0.9359999791E+01  0 0 0 0 0 0 0 0 0   0.3801404342E-07  0 0 0 0 0 0 0 0 0  -0.6123903088E-08
    0.9399999790E+01  0 0 0 0 0 0 0 0 0   0.3309800992E-07  0 0 0 0 0 0 0 0 0  -0.5282695825E-08
    0.9439999789E+01  0 0 0 0 0 0 0 0 0   0.2879947052E-07  0 0 0 0 0 0 0 0 0  -0.4553957126E-08
    0.9479999788E+01  0 0 0 0 0 0 0 0 0   0.2504319191E-07  0 0 0 0 0 0 0 0 0  -0.3923061576E-08
    0.9519999787E+01  0 0 0 0 0 0 0 0 0   0.2176281409E-07  0 0 0 0 0 0 0 0 0  -0.3377231984E-08
    0.9559999786E+01  0 0 0 0 0 0 0 0 0   0.1889984020E-07  0 0 0 0 0 0 0 0 0  -0.2905312687E-08
    0.9599999785E+01  0 0 0 0 0 0 0 0 0   0.1640273691E-07  0 0 0 0 0 0 0 0 0  -0.2497569800E-08
    0.9639999785E+01  0 0 0 0 0 0 0 0 0   0.1422613382E-07  0 0 0 0 0 0 0 0 0  -0.2145515301E-08
    0.9679999784E+01  0 0 0 0 0 0 0 0 0   0.1233011133E-07  0 0 0 0 0 0 0 0 0  -0.1841752221E-08
    0.9719999783E+01  0 0 0 0 0 0 0 0 0   0.1067956774E-07  0 0 0 0 0 0 0 0 0  -0.1579838473E-08
    0.9759999782E+01  0 0 0 0 0 0 0 0 0   0.9243657124E-08  0 0 0 0 0 0 0 0 0  -0.1354167164E-08
    0.9799999781E+01  0 0 0 0 0 0 0 0 0   0.7995290369E-08  0 0 0 0 0 0 0 0 0  -0.1159861453E-08
    0.9839999780E+01  0 0 0 0 0 0 0 0 0   0.6910692583E-08  0 0 0 0 0 0 0 0 0  -0.9926822416E-09
    0.9879999779E+01  0 0 0 0 0 0 0 0 0   0.5969010803E-08  0 0 0 0 0 0 0 0 0  -0.8489471903E-09
    0.9919999778E+01  0 0 0 0 0 0 0 0 0   0.5151966477E-08  0 0 0 0 0 0 0 0 0  -0.7254597086E-09
    0.9959999777E+01  0 0 0 0 0 0 0 0 0   0.4443547835E-08  0 0 0 0 0 0 0 0 0  -0.6194467302E-09
    0.9999999776E+01  0 0 0 0 0 0 0 0 0   0.3829737738E-08  0 0 0 0 0 0 0 0 0  -0.5285042219E-09
    0.1003999978E+02  0 0 0 0 0 0 0 0 0   0.3298273090E-08  0 0 0 0 0 0 0 0 0  -0.4505494953E-09
    0.1007999977E+02  0 0 0 0 0 0 0 0 0   0.2838432269E-08  0 0 0 0 0 0 0 0 0  -0.3837794965E-09
    0.1011999977E+02  0 0 0 0 0 0 0 0 0   0.2440847463E-08  0 0 0 0 0 0 0 0 0  -0.3266343507E-09
    0.1015999977E+02  0 0 0 0 0 0 0 0 0   0.2097339075E-08  0 0 0 0 0 0 0 0 0  -0.2777655163E-09
    0.1019999977E+02  0 0 0 0 0 0 0 0 0   0.1800769725E-08  0 0 0 0 0 0 0 0 0  -0.2360079875E-09
    0.1023999977E+02  0 0 0 0 0 0 0 0 0   0.1544915586E-08  0 0 0 0 0 0 0 0 0  -0.2003560432E-09
    0.1027999977E+02  0 0 0 0 0 0 0 0 0   0.1324353098E-08  0 0 0 0 0 0 0 0 0  -0.1699421059E-09
    0.1031999977E+02  0 0 0 0 0 0 0 0 0   0.1134359257E-08  0 0 0 0 0 0 0 0 0  -0.1440183224E-09
    0.1035999977E+02  0 0 0 0 0 0 0 0 0   0.9708239408E-09  0 0 0 0 0 0 0 0 0  -0.1219405273E-09
    0.1039999977E+02  0 0 0 0 0 0 0 0 0   0.8301728426E-09  0 0 0 0 0 0 0 0 0  -0.1031542911E-09
    0.1043999977E+02  0 0 0 0 0 0 0 0 0   0.7092997894E-09  0 0 0 0 0 0 0 0 0  -0.8718278825E-10
    0.1047999977E+02  0 0 0 0 0 0 0 0 0   0.6055073346E-09  0 0 0 0 0 0 0 0 0  -0.7361625711E-10
    0.1051999976E+02  0 0 0 0 0 0 0 0 0   0.5164546480E-09  0 0 0 0 0 0 0 0 0  -0.6210284778E-10
    0.1055999976E+02  0 0 0 0 0 0 0 0 0   0.4401118394E-09  0 0 0 0 0 0 0 0 0  -0.5234068150E-10
    0.1059999976E+02  0 0 0 0 0 0 0 0 0   0.3747199446E-09  0 0 0 0 0 0 0 0 0  -0.4407096573E-10
    0.1063999976E+02  0 0 0 0 0 0 0 0 0   0.3187558978E-09  0 0 0 0 0 0 0 0 0  -0.3707202900E-10
    0.1067999976E+02  0 0 0 0 0 0 0 0 0   0.2709018883E-09  0 0 0 0 0 0 0 0 0  -0.3115415648E-10
    0.1071999976E+02  0 0 0 0 0 0 0 0 0   0.2300185702E-09  0 0 0 0 0 0 0 0 0  -0.2615512198E-10
    0.1075999976E+02  0 0 0 0 0 0 0 0 0   0.1951216583E-09  0 0 0 0 0 0 0 0 0  -0.2193632545E-10
    0.1079999976E+02  0 0 0 0 0 0 0 0 0   0.1653614941E-09  0 0 0 0 0 0 0 0 0  -0.1837945654E-10
    0.1083999976E+02  0 0 0 0 0 0 0 0 0   0.1400052185E-09  0 0 0 0 0 0 0 0 0  -0.1538361466E-10
    0.1087999976E+02  0 0 0 0 0 0 0 0 0   0.1184212295E-09  0 0 0 0 0 0 0 0 0  -0.1286282516E-10
    0.1091999976E+02  0 0 0 0 0 0 0 0 0   0.1000656412E-09  0 0 0 0 0 0 0 0 0  -0.1074389879E-10
    0.1095999976E+02  0 0 0 0 0 0 0 0 0   0.8447049429E-10  0 0 0 0 0 0 0 0 0  -0.8964588576E-11
    0.1099999975E+02  0 0 0 0 0 0 0 0 0   0.7123350034E-10  0 0 0 0 0 0 0 0 0  -0.7472004009E-11
    0.1103999975E+02  0 0 0 0 0 0 0 0 0   0.6000912550E-10  0 0 0 0 0 0 0 0 0  -0.6221247830E-11
    0.1107999975E+02  0 0 0 0 0 0 0 0 0   0.5050084518E-10  0 0 0 0 0 0 0 0 0  -0.5174245165E-11
    0.1111999975E+02  0 0 0 0 0 0 0 0 0   0.4245442069E-10  0 0 0 0 0 0 0 0 0  -0.4298738717E-11
    0.1115999975E+02  0 0 0 0 0 0 0 0 0   0.3565206762E-10  0 0 0 0 0 0 0 0 0  -0.3567427256E-11
    0.1119999975E+02  0 0 0 0 0 0 0 0 0   0.2990740159E-10  0 0 0 0 0 0 0 0 0  -0.2957227615E-11
    0.1123999975E+02  0 0 0 0 0 0 0 0 0   0.2506106118E-10  0 0 0 0 0 0 0 0 0  -0.2448643075E-11
    0.1127999975E+02  0 0 0 0 0 0 0 0 0   0.2097692040E-10  0 0 0 0 0 0 0 0 0  -0.2025223305E-11
    0.1131999975E+02  0 0 0 0 0 0 0 0 0   0.1753881403E-10  0 0 0 0 0 0 0 0 0  -0.1673103013E-11
    0.1135999975E+02  0 0 0 0 0 0 0 0 0   0.1464770868E-10  0 0 0 0 0 0 0 0 0  -0.1380608227E-11
    0.1139999975E+02  0 0 0 0 0 0 0 0 0   0.1221926105E-10  0 0 0 0 0 0 0 0 0  -0.1137920619E-11
    0.1143999974E+02  0 0 0 0 0 0 0 0 0   0.1018171212E-10  0 0 0 0 0 0 0 0 0  -0.9367915865E-12
    0.1147999974E+02  0 0 0 0 0 0 0 0 0   0.8474072954E-11  0 0 0 0 0 0 0 0 0  -0.7702989797E-12
    0.1151999974E+02  0 0 0 0 0 0 0 0 0   0.7044563106E-11  0 0 0 0 0 0 0 0 0  -0.6326403154E-12
    0.1155999974E+02  0 0 0 0 0 0 0 0 0   0.5849266858E-11  0 0 0 0 0 0 0 0 0  -0.5189571907E-12
    0.1159999974E+02  0 0 0 0 0 0 0 0 0   0.4850979063E-11  0 0 0 0 0 0 0 0 0  -0.4251863507E-12
    0.1163999974E+02  0 0 0 0 0 0 0 0 0   0.4018214428E-11  0 0 0 0 0 0 0 0 0  -0.3479334980E-12
    0.1167999974E+02  0 0 0 0 0 0 0 0 0   0.3324357926E-11  0 0 0 0 0 0 0 0 0  -0.2843664885E-12
    0.1171999974E+02  0 0 0 0 0 0 0 0 0   0.2746936933E-11  0 0 0 0 0 0 0 0 0  -0.2321250342E-12
    0.1175999974E+02  0 0 0 0 0 0 0 0 0   0.2266998306E-11  0 0 0 0 0 0 0 0 0  -0.1892444486E-12
    0.1179999974E+02  0 0 0 0 0 0 0 0 0   0.1868575807E-11  0 0 0 0 0 0 0 0 0  -0.1540913232E-12
    0.1183999974E+02  0 0 0 0 0 0 0 0 0   0.1538235257E-11  0 0 0 0 0 0 0 0 0  -0.1253093315E-12
    0.1187999973E+02  0 0 0 0 0 0 0 0 0   0.1264686502E-11  0 0 0 0 0 0 0 0 0  -0.1017736186E-12
    0.1191999973E+02  0 0 0 0 0 0 0 0 0   0.1038452723E-11  0 0 0 0 0 0 0 0 0  -0.8255246311E-13
    0.1195999973E+02  0 0 0 0 0 0 0 0 0   0.8515889491E-12  0 0 0 0 0 0 0 0 0  -0.6687508860E-13
    0.1199999973E+02  0 0 0 0 0 0 0 0 0   0.6974427088E-12  0 0 0 0 0 0 0 0 0  -0.5410467321E-13
    0.1203999973E+02  0 0 0 0 0 0 0 0 0   0.5704507587E-12  0 0 0 0 0 0 0 0 0  -0.4371574414E-13
    0.1207999973E+02  0 0 0 0 0 0 0 0 0   0.4659666478E-12  0 0 0 0 0 0 0 0 0  -0.3527526919E-13
    0.1211999973E+02  0 0 0 0 0 0 0 0 0   0.3801146176E-12  0 0 0 0 0 0 0 0 0  -0.2842686020E-13
    0.1215999973E+02  0 0 0 0 0 0 0 0 0   0.3096659648E-12  0 0 0 0 0 0 0 0 0  -0.2287759340E-13
    0.1219999973E+02  0 0 0 0 0 0 0 0 0   0.2519345431E-12  0 0 0 0 0 0 0 0 0  -0.1838702701E-13
    0.1223999973E+02  0 0 0 0 0 0 0 0 0   0.2046885508E-12  0 0 0 0 0 0 0 0 0  -0.1475806192E-13
    0.1227999973E+02  0 0 0 0 0 0 0 0 0   0.1660761619E-12  0 0 0 0 0 0 0 0 0  -0.1182934616E-13
    0.1231999972E+02  0 0 0 0 0 0 0 0 0   0.1345629083E-12  0 0 0 0 0 0 0 0 0  -0.9468970587E-14
    0.1235999972E+02  0 0 0 0 0 0 0 0 0   0.1088790251E-12  0 0 0 0 0 0 0 0 0  -0.7569243568E-14
    0.1239999972E+02  0 0 0 0 0 0 0 0 0   0.8797523327E-13  0 0 0 0 0 0 0 0 0  -0.6042365693E-14
    0.1243999972E+02  0 0 0 0 0 0 0 0 0   0.7098565589E-13  0 0 0 0 0 0 0 0 0  -0.4816854458E-14
    0.1247999972E+02  0 0 0 0 0 0 0 0 0   0.5719676138E-13  0 0 0 0 0 0 0 0 0  -0.3834592947E-14
    0.1251999972E+02  0 0 0 0 0 0 0 0 0   0.4602138819E-13  0 0 0 0 0 0 0 0 0  -0.3048397011E-14
    0.1255999972E+02  0 0 0 0 0 0 0 0 0   0.3697705068E-13  0 0 0 0 0 0 0 0 0  -0.2420012650E-14
    0.1259999972E+02  0 0 0 0 0 0 0 0 0   0.2966784572E-13  0 0 0 0 0 0 0 0 0  -0.1918469883E-14
    0.1263999972E+02  0 0 0 0 0 0 0 0 0   0.2376938396E-13  0 0 0 0 0 0 0 0 0  -0.1518731550E-14
    0.1267999972E+02  0 0 0 0 0 0 0 0 0   0.1901625797E-13  0 0 0 0 0 0 0 0 0  -0.1200585829E-14
    0.1271999972E+02  0 0 0 0 0 0 0 0 0   0.1519163550E-13  0 0 0 0 0 0 0 0 0  -0.9477397935E-15
    0.1275999971E+02  0 0 0 0 0 0 0 0 0   0.1211862991E-13  0 0 0 0 0 0 0 0 0  -0.7470786228E-15
    0.1279999971E+02  0 0 0 0 0 0 0 0 0   0.9653155061E-14  0 0 0 0 0 0 0 0 0  -0.5880610621E-15
    0.1283999971E+02  0 0 0 0 0 0 0 0 0   0.7678017935E-14  0 0 0 0 0 0 0 0 0  -0.4622268143E-15
    0.1287999971E+02  0 0 0 0 0 0 0 0 0   0.6098042082E-14  0 0 0 0 0 0 0 0 0  -0.3627957290E-15
    0.1291999971E+02  0 0 0 0 0 0 0 0 0   0.4836048004E-14  0 0 0 0 0 0 0 0 0  -0.2843421725E-15
    0.1295999971E+02  0 0 0 0 0 0 0 0 0   0.3829544997E-14  0 0 0 0 0 0 0 0 0  -0.2225308754E-15
    0.1299999971E+02  0 0 0 0 0 0 0 0 0   0.3028012709E-14  0 0 0 0 0 0 0 0 0  -0.1739029742E-15
    0.1303999971E+02  0 0 0 0 0 0 0 0 0   0.2390670740E-14  0 0 0 0 0 0 0 0 0  -0.1357029730E-15
    0.1307999971E+02  0 0 0 0 0 0 0 0 0   0.1884651541E-14  0 0 0 0 0 0 0 0 0  -0.1057390145E-15
    0.1311999971E+02  0 0 0 0 0 0 0 0 0   0.1483506012E-14  0 0 0 0 0 0 0 0 0  -0.8227021982E-16
    0.1315999971E+02  0 0 0 0 0 0 0 0 0   0.1165983176E-14  0 0 0 0 0 0 0 0 0  -0.6391599514E-16
    0.1319999970E+02  0 0 0 0 0 0 0 0 0   0.9150352267E-15  0 0 0 0 0 0 0 0 0  -0.4958313448E-16
    0.1323999970E+02  0 0 0 0 0 0 0 0 0   0.7170076341E-15  0 0 0 0 0 0 0 0 0  -0.3840731832E-16
    0.1327999970E+02  0 0 0 0 0 0 0 0 0   0.5609809471E-15  0 0 0 0 0 0 0 0 0  -0.2970623847E-16
    0.1331999970E+02  0 0 0 0 0 0 0 0 0   0.4382367410E-15  0 0 0 0 0 0 0 0 0  -0.2294209778E-16
    0.1335999970E+02  0 0 0 0 0 0 0 0 0   0.3418250012E-15  0 0 0 0 0 0 0 0 0  -0.1769165707E-16
    0.1339999970E+02  0 0 0 0 0 0 0 0 0   0.2662142474E-15  0 0 0 0 0 0 0 0 0  -0.1362234827E-16
    0.1343999970E+02  0 0 0 0 0 0 0 0 0   0.2070090376E-15  0 0 0 0 0 0 0 0 0  -0.1047325561E-16
    0.1347999970E+02  0 0 0 0 0 0 0 0 0   0.1607222519E-15  0 0 0 0 0 0 0 0 0  -0.8039996754E-17
    0.1351999970E+02  0 0 0 0 0 0 0 0 0   0.1245918373E-15  0 0 0 0 0 0 0 0 0  -0.6162723596E-17
    0.1355999970E+02  0 0 0 0 0 0 0 0 0   0.9643357699E-16  0 0 0 0 0 0 0 0 0  -0.4716614218E-17
    0.1359999970E+02  0 0 0 0 0 0 0 0 0   0.7452299929E-16  0 0 0 0 0 0 0 0 0  -0.3604350986E-17
    0.1363999970E+02  0 0 0 0 0 0 0 0 0   0.5750081876E-16  0 0 0 0 0 0 0 0 0  -0.2750179523E-17
    0.1367999969E+02  0 0 0 0 0 0 0 0 0   0.4429734589E-16  0 0 0 0 0 0 0 0 0  -0.2095223923E-17
    0.1371999969E+02  0 0 0 0 0 0 0 0 0   0.3407216287E-16  0 0 0 0 0 0 0 0 0  -0.1593798576E-17
    0.1375999969E+02  0 0 0 0 0 0 0 0 0   0.2616606336E-16  0 0 0 0 0 0 0 0 0  -0.1210509329E-17
    0.1379999969E+02  0 0 0 0 0 0 0 0 0   0.2006282803E-16  0 0 0 0 0 0 0 0 0  -0.9179787866E-18
    0.1383999969E+02  0 0 0 0 0 0 0 0 0   0.1535887447E-16  0 0 0 0 0 0 0 0 0  -0.6950642832E-18
    0.1387999969E+02  0 0 0 0 0 0 0 0 0   0.1173920056E-16  0 0 0 0 0 0 0 0 0  -0.5254641276E-18
    0.1391999969E+02  0 0 0 0 0 0 0 0 0   0.8958348690E-17  0 0 0 0 0 0 0 0 0  -0.3966293124E-18
    0.1395999969E+02  0 0 0 0 0 0 0 0 0   0.6825368865E-17  0 0 0 0 0 0 0 0 0  -0.2989151460E-18
    0.1399999969E+02  0 0 0 0 0 0 0 0 0   0.5191961015E-17  0 0 0 0 0 0 0 0 0  -0.2249210095E-18
    0.1403999969E+02  0 0 0 0 0 0 0 0 0   0.3943140392E-17  0 0 0 0 0 0 0 0 0  -0.1689773738E-18
    0.1407999969E+02  0 0 0 0 0 0 0 0 0   0.2989901922E-17  0 0 0 0 0 0 0 0 0  -0.1267478950E-18
    0.1411999968E+02  0 0 0 0 0 0 0 0 0   0.2263465378E-17  0 0 0 0 0 0 0 0 0  -0.9492128622E-19
    0.1415999968E+02  0 0 0 0 0 0 0 0 0   0.1710768540E-17  0 0 0 0 0 0 0 0 0  -0.7097310961E-19
    0.1419999968E+02  0 0 0 0 0 0 0 0 0   0.1290943839E-17  0 0 0 0 0 0 0 0 0  -0.5298192849E-19
    0.1423999968E+02  0 0 0 0 0 0 0 0 0   0.9725686390E-18  0 0 0 0 0 0 0 0 0  -0.3948765363E-19
    0.1427999968E+02  0 0 0 0 0 0 0 0 0   0.7315230420E-18  0 0 0 0 0 0 0 0 0  -0.2938258229E-19
    0.1431999968E+02  0 0 0 0 0 0 0 0 0   0.5493238848E-18  0 0 0 0 0 0 0 0 0  -0.2182772585E-19
    0.1435999968E+02  0 0 0 0 0 0 0 0 0   0.4118313504E-18  0 0 0 0 0 0 0 0 0  -0.1618866495E-19
    0.1439999968E+02  0 0 0 0 0 0 0 0 0   0.3082466052E-18  0 0 0 0 0 0 0 0 0  -0.1198645787E-19
    0.1443999968E+02  0 0 0 0 0 0 0 0 0   0.2303363428E-18  0 0 0 0 0 0 0 0 0  -0.8860132859E-20
    0.1447999968E+02  0 0 0 0 0 0 0 0 0   0.1718339202E-18  0 0 0 0 0 0 0 0 0  -0.6538079558E-20
    0.1451999968E+02  0 0 0 0 0 0 0 0 0   0.1279776835E-18  0 0 0 0 0 0 0 0 0  -0.4816265063E-20
    0.1455999967E+02  0 0 0 0 0 0 0 0 0   0.9515568402E-19  0 0 0 0 0 0 0 0 0  -0.3541674764E-20
    0.1459999967E+02  0 0 0 0 0 0 0 0 0   0.7063274577E-19  0 0 0 0 0 0 0 0 0  -0.2599746205E-20
    0.1463999967E+02  0 0 0 0 0 0 0 0 0   0.5234116871E-19  0 0 0 0 0 0 0 0 0  -0.1904849344E-20
    0.1467999967E+02  0 0 0 0 0 0 0 0 0   0.3872051145E-19  0 0 0 0 0 0 0 0 0  -0.1393086965E-20
    0.1471999967E+02  0 0 0 0 0 0 0 0 0   0.2859516385E-19  0 0 0 0 0 0 0 0 0  -0.1016859082E-20
    0.1475999967E+02  0 0 0 0 0 0 0 0 0   0.2108095851E-19  0 0 0 0 0 0 0 0 0  -0.7407661501E-21
    0.1479999967E+02  0 0 0 0 0 0 0 0 0   0.1551406196E-19  0 0 0 0 0 0 0 0 0  -0.5385266211E-21
    0.1483999967E+02  0 0 0 0 0 0 0 0 0   0.1139692494E-19  0 0 0 0 0 0 0 0 0  -0.3906616780E-21
    0.1487999967E+02  0 0 0 0 0 0 0 0 0   0.8357273221E-20  0 0 0 0 0 0 0 0 0  -0.2827591994E-21
    0.1491999967E+02  0 0 0 0 0 0 0 0 0   0.6117045974E-20  0 0 0 0 0 0 0 0 0  -0.2041742868E-21
    0.1495999967E+02  0 0 0 0 0 0 0 0 0   0.4468912771E-20  0 0 0 0 0 0 0 0 0  -0.1470582495E-21
    0.1499999966E+02  0 0 0 0 0 0 0 0 0   0.3258550308E-20  0 0 0 0 0 0 0 0 0  -0.1056342836E-21
    0.1503999966E+02  0 0 0 0 0 0 0 0 0   0.2371290937E-20  0 0 0 0 0 0 0 0 0  -0.7565810732E-22
    0.1507999966E+02  0 0 0 0 0 0 0 0 0   0.1722081042E-20  0 0 0 0 0 0 0 0 0  -0.5401702443E-22
    0.1511999966E+02  0 0 0 0 0 0 0 0 0   0.1247944083E-20  0 0 0 0 0 0 0 0 0  -0.3843240699E-22
    0.1515999966E+02  0 0 0 0 0 0 0 0 0   0.9023321751E-21  0 0 0 0 0 0 0 0 0  -0.2723930998E-22
    0.1519999966E+02  0 0 0 0 0 0 0 0 0   0.6509016253E-21  0 0 0 0 0 0 0 0 0  -0.1922350771E-22
    0.1523999966E+02  0 0 0 0 0 0 0 0 0   0.4683580418E-21  0 0 0 0 0 0 0 0 0  -0.1350120465E-22
    0.1527999966E+02  0 0 0 0 0 0 0 0 0   0.3361057220E-21  0 0 0 0 0 0 0 0 0  -0.9430403933E-23
    0.1531999966E+02  0 0 0 0 0 0 0 0 0   0.2404986767E-21  0 0 0 0 0 0 0 0 0  -0.6545718604E-23
    0.1535999966E+02  0 0 0 0 0 0 0 0 0   0.1715408463E-21  0 0 0 0 0 0 0 0 0  -0.4510512414E-23
    0.1539999966E+02  0 0 0 0 0 0 0 0 0   0.1219239191E-21  0 0 0 0 0 0 0 0 0  -0.3081827166E-23
    0.1543999965E+02  0 0 0 0 0 0 0 0 0   0.8631453473E-22  0 0 0 0 0 0 0 0 0  -0.2084727974E-23
    0.1547999965E+02  0 0 0 0 0 0 0 0 0   0.6082803638E-22  0 0 0 0 0 0 0 0 0  -0.1393572643E-23
    0.1551999965E+02  0 0 0 0 0 0 0 0 0   0.4264052259E-22  0 0 0 0 0 0 0 0 0  -0.9183622776E-24
    0.1555999965E+02  0 0 0 0 0 0 0 0 0   0.2970346390E-22  0 0 0 0 0 0 0 0 0  -0.5948142814E-24
    0.1559999965E+02  0 0 0 0 0 0 0 0 0   0.2053372017E-22  0 0 0 0 0 0 0 0 0  -0.3771565527E-24
    0.1563999965E+02  0 0 0 0 0 0 0 0 0   0.1405974858E-22  0 0 0 0 0 0 0 0 0  -0.2329081254E-24
    0.1567999965E+02  0 0 0 0 0 0 0 0 0   0.9509485084E-23  0 0 0 0 0 0 0 0 0  -0.1391064744E-24
    0.1571999965E+02  0 0 0 0 0 0 0 0 0   0.6327762403E-23  0 0 0 0 0 0 0 0 0  -0.7958701192E-25
    0.1575999965E+02  0 0 0 0 0 0 0 0 0   0.4116936356E-23  0 0 0 0 0 0 0 0 0  -0.4302596428E-25
    0.1579999965E+02  0 0 0 0 0 0 0 0 0   0.2593056396E-23  0 0 0 0 0 0 0 0 0  -0.2153667367E-25
    0.1583999965E+02  0 0 0 0 0 0 0 0 0   0.1554778012E-23  0 0 0 0 0 0 0 0 0  -0.9666350631E-26
    0.1587999965E+02  0 0 0 0 0 0 0 0 0   0.8600847878E-24  0 0 0 0 0 0 0 0 0  -0.3682930033E-26
    0.1591999964E+02  0 0 0 0 0 0 0 0 0   0.4109637638E-24  0 0 0 0 0 0 0 0 0  -0.1071812612E-26
    0.1595999964E+02  0 0 0 0 0 0 0 0 0   0.1413594550E-24  0 0 0 0 0 0 0 0 0  -0.1858989744E-27
    0.1599999964E+02  0 0 0 0 0 0 0 0 0   0.9793855653E-26  0 0 0 0 0 0 0 0 0  -0.8202648706E-29
