slako_comment=
H xc=PW92 charge=0.0 conf:frauenheim r0=1.304
Fri Aug  1 11:03:44 2008 


H_H_table=
1.000000e-03 0. 0. 0. 0. 0. 0. 0. 0. 0. -8.259826e-01 0. 0. 0. 0. 0. 0. 0. 0. 0. 1.000068e+00
1.334222e+00 0. 0. 0. 0. 0. 0. 0. 0. 0. -3.928317e-01 0. 0. 0. 0. 0. 0. 0. 0. 0. 5.005931e-01
2.667444e+00 0. 0. 0. 0. 0. 0. 0. 0. 0. -1.030286e-01 0. 0. 0. 0. 0. 0. 0. 0. 0. 7.811146e-02
4.000667e+00 0. 0. 0. 0. 0. 0. 0. 0. 0. -1.135737e-02 0. 0. 0. 0. 0. 0. 0. 0. 0. 4.568481e-03
5.333889e+00 0. 0. 0. 0. 0. 0. 0. 0. 0. -4.532314e-04 0. 0. 0. 0. 0. 0. 0. 0. 0. 1.068332e-04
6.667111e+00 0. 0. 0. 0. 0. 0. 0. 0. 0. -6.483503e-06 0. 0. 0. 0. 0. 0. 0. 0. 0. 9.945114e-07
8.000333e+00 0. 0. 0. 0. 0. 0. 0. 0. 0. -3.008531e-08 0. 0. 0. 0. 0. 0. 0. 0. 0. 3.260009e-09
9.333556e+00 0. 0. 0. 0. 0. 0. 0. 0. 0. -2.602430e-11 0. 0. 0. 0. 0. 0. 0. 0. 0. 2.111224e-12
1.066678e+01 0. 0. 0. 0. 0. 0. 0. 0. 0. 0. 0. 0. 0. 0. 0. 0. 0. 0. 0. 0.
1.200000e+01 0. 0. 0. 0. 0. 0. 0. 0. 0. 0. 0. 0. 0. 0. 0. 0. 0. 0. 0. 0.



