slako_comment=
Mg xc=PW92 charge=0.0 conf:frauenheim r0=4.929
O xc=PW92 charge=0.0 conf:frauenheim r0=2.553
Fri Aug  1 11:02:08 2008 


Mg_O_table=
1.000000e-03 0. 0. 0. 0. 0. -9.443921e-01 -9.438490e-01 0. 1.161921e-03 -1.040490e+00 0. 0. 0. 0. 0. -2.909307e-01 -2.907604e-01 0. 3.309609e-04 -3.506499e-01
1.334222e+00 0. 0. 0. 0. 0. 4.153900e-01 2.352650e-01 0. -2.831577e-01 3.847420e-01 0. 0. 0. 0. 0. -3.079073e-01 -3.678028e-01 0. 8.312298e-02 -4.313879e-01
2.667444e+00 0. 0. 0. 0. 0. -1.288806e-01 1.560545e-01 0. 1.529376e-01 3.793667e-01 0. 0. 0. 0. 0. 1.629828e-01 -2.093414e-01 0. -1.803095e-01 -3.388483e-01
4.000667e+00 0. 0. 0. 0. 0. -1.452852e-01 5.147504e-02 0. 1.065913e-01 1.507171e-01 0. 0. 0. 0. 0. 2.069110e-01 -6.738315e-02 0. -1.312787e-01 -1.346559e-01
5.333889e+00 0. 0. 0. 0. 0. -6.542696e-02 1.246549e-02 0. 3.759741e-02 3.899883e-02 0. 0. 0. 0. 0. 8.505243e-02 -1.426543e-02 0. -4.254006e-02 -3.255722e-02
6.667111e+00 0. 0. 0. 0. 0. -1.872815e-02 2.256484e-03 0. 8.922351e-03 7.171380e-03 0. 0. 0. 0. 0. 1.982172e-02 -2.101152e-03 0. -8.384735e-03 -5.249343e-03
8.000333e+00 0. 0. 0. 0. 0. -3.623504e-03 3.011552e-04 0. 1.481590e-03 9.560499e-04 0. 0. 0. 0. 0. 2.984046e-03 -2.213894e-04 0. -1.106440e-03 -5.895456e-04
9.333556e+00 0. 0. 0. 0. 0. -4.815551e-04 2.925697e-05 0. 1.733379e-04 9.256705e-05 0. 0. 0. 0. 0. 3.069086e-04 -1.687019e-05 0. -1.020044e-04 -4.707661e-05
1.066678e+01 0. 0. 0. 0. 0. -4.431601e-05 2.038420e-06 0. 1.431992e-05 6.435713e-06 0. 0. 0. 0. 0. 2.165099e-05 -9.020138e-07 0. -6.582595e-06 -2.620898e-06
1.200000e+01 0. 0. 0. 0. 0. -2.754436e-06 9.682180e-08 0. 8.154626e-07 3.070574e-07 0. 0. 0. 0. 0. 9.913375e-07 -3.167070e-08 0. -2.821454e-07 -9.523675e-08



O_Mg_table=
1.000000e-03 0. 0. 0. 0. 0. -9.443897e-01 -9.438483e-01 0. 6.844299e-03 -1.040788e+00 0. 0. 0. 0. 0. -2.909307e-01 -2.907604e-01 0. -5.892490e-04 -3.506499e-01
1.334222e+00 0. 0. 0. 0. 0. 4.153935e-01 2.353949e-01 0. 3.789106e-01 3.849806e-01 0. 0. 0. 0. 0. -3.079073e-01 -3.678028e-01 0. -4.407179e-01 -4.313879e-01
2.667444e+00 0. 0. 0. 0. 0. -1.289389e-01 1.561479e-01 0. 5.194780e-01 3.795095e-01 0. 0. 0. 0. 0. 1.629828e-01 -2.093414e-01 0. -5.025476e-01 -3.388483e-01
4.000667e+00 0. 0. 0. 0. 0. -1.453742e-01 5.151339e-02 0. 2.563266e-01 1.507772e-01 0. 0. 0. 0. 0. 2.069110e-01 -6.738315e-02 0. -2.490044e-01 -1.346559e-01
5.333889e+00 0. 0. 0. 0. 0. -6.545898e-02 1.247356e-02 0. 7.883475e-02 3.901058e-02 0. 0. 0. 0. 0. 8.505243e-02 -1.426543e-02 0. -7.138804e-02 -3.255722e-02
6.667111e+00 0. 0. 0. 0. 0. -1.873690e-02 2.258193e-03 0. 1.674535e-02 7.173429e-03 0. 0. 0. 0. 0. 1.982172e-02 -2.101152e-03 0. -1.322752e-02 -5.249343e-03
8.000333e+00 0. 0. 0. 0. 0. -3.625272e-03 3.012443e-04 0. 2.524671e-03 9.561447e-04 0. 0. 0. 0. 0. 2.984046e-03 -2.213894e-04 0. -1.668620e-03 -5.895456e-04
9.333556e+00 0. 0. 0. 0. 0. -4.840747e-04 2.899854e-05 0. 2.694150e-04 9.191955e-05 0. 0. 0. 0. 0. 3.069086e-04 -1.687019e-05 0. -1.469944e-04 -4.707661e-05
1.066678e+01 0. 0. 0. 0. 0. -4.228105e-05 1.865916e-06 0. 1.888162e-05 5.972451e-06 0. 0. 0. 0. 0. 2.165099e-05 -9.020138e-07 0. -8.846928e-06 -2.620898e-06
1.200000e+01 0. 0. 0. 0. 0. -2.286569e-06 7.575446e-08 0. 8.215453e-07 2.461888e-07 0. 0. 0. 0. 0. 9.913375e-07 -3.167070e-08 0. -3.398847e-07 -9.523675e-08



