slako_comment=
Na xc=PW92 charge=0.0 conf:frauenheim r0=5.365
C xc=PW92 charge=0.0 conf:frauenheim r0=2.701
Fri Aug  1 11:00:12 2008 


Na_C_table=
1.000000e-03 0. 0. 0. 0. 0. -5.559506e-01 -5.556300e-01 0. 2.773618e-04 -4.606777e-01 0. 0. 0. 0. 0. -3.318274e-01 -3.316334e-01 0. 2.985319e-04 -4.665486e-01
1.334222e+00 0. 0. 0. 0. 0. 3.425891e-01 1.134897e-01 0. -2.683010e-01 1.987717e-01 0. 0. 0. 0. 0. -3.764003e-01 -3.956976e-01 0. 1.219510e-01 -4.729213e-01
2.667444e+00 0. 0. 0. 0. 0. -2.119279e-02 1.270833e-01 0. 7.421667e-02 2.509780e-01 0. 0. 0. 0. 0. 9.434388e-02 -2.699982e-01 0. -1.663143e-01 -4.064751e-01
4.000667e+00 0. 0. 0. 0. 0. -1.101626e-01 5.692918e-02 0. 9.692575e-02 1.435950e-01 0. 0. 0. 0. 0. 2.584786e-01 -1.087735e-01 0. -1.807917e-01 -2.102880e-01
5.333889e+00 0. 0. 0. 0. 0. -7.541858e-02 1.847621e-02 0. 4.914531e-02 5.360778e-02 0. 0. 0. 0. 0. 1.456907e-01 -2.916499e-02 0. -7.872704e-02 -6.830389e-02
6.667111e+00 0. 0. 0. 0. 0. -3.064534e-02 4.469624e-03 0. 1.620638e-02 1.425958e-02 0. 0. 0. 0. 0. 4.494109e-02 -5.498154e-03 0. -2.052758e-02 -1.498410e-02
8.000333e+00 0. 0. 0. 0. 0. -8.199563e-03 7.963307e-04 0. 3.687131e-03 2.743438e-03 0. 0. 0. 0. 0. 8.918710e-03 -7.496903e-04 0. -3.581330e-03 -2.312036e-03
9.333556e+00 0. 0. 0. 0. 0. -1.490084e-03 1.035023e-04 0. 5.879713e-04 3.825224e-04 0. 0. 0. 0. 0. 1.214149e-03 -7.501426e-05 0. -4.386705e-04 -2.566864e-04
1.066678e+01 0. 0. 0. 0. 0. -1.875695e-04 9.792162e-06 0. 6.640800e-05 3.866311e-05 0. 0. 0. 0. 0. 1.167582e-04 -5.493405e-06 0. -3.857361e-05 -2.066332e-05
1.200000e+01 0. 0. 0. 0. 0. -1.651515e-05 6.635301e-07 0. 5.336532e-06 2.805382e-06 0. 0. 0. 0. 0. 7.764312e-06 -2.817493e-07 0. -2.387701e-06 -1.167040e-06



C_Na_table=
1.000000e-03 0. 0. 0. 0. 0. -5.559514e-01 -5.556315e-01 0. 4.343870e-03 -4.609536e-01 0. 0. 0. 0. 0. -3.318274e-01 -3.316334e-01 0. -5.901629e-04 -4.665486e-01
1.334222e+00 0. 0. 0. 0. 0. 3.426129e-01 1.135854e-01 0. 1.611278e-01 1.989238e-01 0. 0. 0. 0. 0. -3.764003e-01 -3.956976e-01 0. -4.292054e-01 -4.729213e-01
2.667444e+00 0. 0. 0. 0. 0. -2.122270e-02 1.271745e-01 0. 2.886118e-01 2.511018e-01 0. 0. 0. 0. 0. 9.434388e-02 -2.699982e-01 0. -5.523754e-01 -4.064751e-01
4.000667e+00 0. 0. 0. 0. 0. -1.102426e-01 5.697524e-02 0. 2.101871e-01 1.436626e-01 0. 0. 0. 0. 0. 2.584786e-01 -1.087735e-01 0. -3.574555e-01 -2.102880e-01
5.333889e+00 0. 0. 0. 0. 0. -7.551138e-02 1.849726e-02 0. 9.472032e-02 5.364902e-02 0. 0. 0. 0. 0. 1.456907e-01 -2.916499e-02 0. -1.372453e-01 -6.830389e-02
6.667111e+00 0. 0. 0. 0. 0. -3.066638e-02 4.474654e-03 0. 2.944759e-02 1.426673e-02 0. 0. 0. 0. 0. 4.494109e-02 -5.498154e-03 0. -3.447518e-02 -1.498410e-02
8.000333e+00 0. 0. 0. 0. 0. -8.202999e-03 7.966587e-04 0. 6.463871e-03 2.744147e-03 0. 0. 0. 0. 0. 8.918710e-03 -7.496903e-04 0. -5.957578e-03 -2.312036e-03
9.333556e+00 0. 0. 0. 0. 0. -1.492039e-03 1.033833e-04 0. 1.007253e-03 3.821904e-04 0. 0. 0. 0. 0. 1.214149e-03 -7.501426e-05 0. -7.285960e-04 -2.566864e-04
1.066678e+01 0. 0. 0. 0. 0. -1.866868e-04 9.502815e-06 0. 1.102219e-04 3.809739e-05 0. 0. 0. 0. 0. 1.167582e-04 -5.493405e-06 0. -6.371006e-05 -2.066332e-05
1.200000e+01 0. 0. 0. 0. 0. -1.523207e-05 5.815576e-07 0. 7.883367e-06 2.547154e-06 0. 0. 0. 0. 0. 7.764312e-06 -2.817493e-07 0. -3.841606e-06 -1.167040e-06



