#This is the sp3-repulsion (presented in Koskinen et.al New J. Phys. 8, 9 (2006))
repulsion= 
      0.000000000000    189.833552732270
      0.503627777612     78.604168511422
      1.007255555224     32.547540824282
      1.510883332837     13.476924109367
      2.014511110449      5.580375009903
      2.518138888061      2.310659687511
      3.021766665673      0.956772292545
      3.525394443285      0.396169641393
      4.029022220898      0.164041523761
      4.532649998510      0.067924491698
      4.632650000000      0.057015416407
      4.654542424242      0.054862186070
      4.676434848485      0.052770312189
      4.698327272727      0.050739304221
      4.720219696970      0.048768344672
      4.742112121212      0.046856325695
      4.764004545455      0.045002041641
      4.785896969697      0.043204295640
      4.807789393939      0.041461903622
      4.829681818182      0.039773694321
      4.851574242424      0.038138509267
      4.873466666667      0.036555202796
      4.895359090909      0.035022642039
      4.917251515152      0.033539706933
      4.939143939394      0.032105290213
      4.961036363636      0.030718297415
      4.982928787879      0.029377646876
      5.004821212121      0.028082269733
      5.026713636364      0.026831109927
      5.048606060606      0.025623124194
      5.070498484848      0.024457282076
      5.092390909091      0.023332565913
      5.114283333333      0.022247970848
      5.136175757576      0.021202504821
      5.158068181818      0.020195188575
      5.179960606061      0.019225055656
      5.201853030303      0.018291152407
      5.223745454545      0.017392537973
      5.245637878788      0.016528284300
      5.267530303030      0.015697476135
      5.289422727273      0.014899211025
      5.311315151515      0.014132599319
      5.333207575758      0.013396764165
      5.355100000000      0.012690841514
      5.376992424242      0.012013980115
      5.398884848485      0.011365341520
      5.420777272727      0.010744100080
      5.442669696970      0.010149442949
      5.464562121212      0.009580570079
      5.486454545455      0.009036694226
      5.508346969697      0.008517040943
      5.530239393939      0.008020848586
      5.552131818182      0.007547368312
      5.574024242424      0.007095864079
      5.595916666667      0.006665612642
      5.617809090909      0.006255903563
      5.639701515152      0.005866039199
      5.661593939394      0.005495334711
      5.683486363636      0.005143118059
      5.705378787879      0.004808730006
      5.727271212121      0.004491524114
      5.749163636364      0.004190866745
      5.771056060606      0.003906137064
      5.792948484848      0.003636727036
      5.814840909091      0.003382041425
      5.836733333333      0.003141497797
      5.858625757576      0.002914526520
      5.880518181818      0.002700570761
      5.902410606061      0.002499086488
      5.924303030303      0.002309542471
      5.946195454545      0.002131420278
      5.968087878788      0.001964214282
      5.989980303030      0.001807431653
      6.011872727273      0.001660592362
      6.033765151515      0.001523229184
      6.055657575758      0.001394887691
      6.077550000000      0.001275126257
      6.099442424242      0.001163516058
      6.121334848485      0.001059641070
      6.143227272727      0.000963098069
      6.165119696970      0.000873496632
      6.187012121212      0.000790459137
      6.208904545455      0.000713620763
      6.230796969697      0.000642629490
      6.252689393939      0.000577146097
      6.274581818182      0.000516844167
      6.296474242424      0.000461410079
      6.318366666667      0.000410543018
      6.340259090909      0.000363954966
      6.362151515152      0.000321370707
      6.384043939394      0.000282527825
      6.405936363636      0.000247176707
      6.427828787879      0.000215080539
      6.449721212121      0.000186015307
      6.471613636364      0.000159769799
      6.493506060606      0.000136145604
      6.515398484848      0.000114957111
      6.537290909091      0.000096031509
      6.559183333333      0.000079208790
      6.581075757576      0.000064341745
      6.602968181818      0.000051295965
      6.624860606061      0.000039949845
      6.646753030303      0.000030194577
      6.668645454545      0.000021934157
      6.690537878788      0.000015085378
      6.712430303030      0.000009577837
      6.734322727273      0.000005353932
      6.756215151515      0.000002368858
      6.778107575758      0.000000590614
      6.800000000000      0.000000000000


#Relativistic AuAu table
Au_Au_table=
0.10000000	0.00000000	0.00000000	0.00000000	0.00000000	0.00000000	0.00000000	0.00000000	0.00000000	0.00000000	0.00000000	0.00000000	0.00000000	0.00000000	0.00000000	0.00000000	0.00000000	0.00000000	0.00000000	0.00000000	0.00000000
0.20000000	0.00000000	0.00000000	0.00000000	0.00000000	0.00000000	0.00000000	0.00000000	0.00000000	0.00000000	0.00000000	0.00000000	0.00000000	0.00000000	0.00000000	0.00000000	0.00000000	0.00000000	0.00000000	0.00000000	0.00000000
0.30000000	0.00000000	0.00000000	0.00000000	0.00000000	0.00000000	0.00000000	0.00000000	0.00000000	0.00000000	0.00000000	0.00000000	0.00000000	0.00000000	0.00000000	0.00000000	0.00000000	0.00000000	0.00000000	0.00000000	0.00000000
0.40000000	-1.18169360	-1.02747122	-2.83019180	0.57068801	0.70484262	-0.20792410	-0.50830860	0.15066033	0.24497554	-0.77883208	0.75520046	0.77463256	0.90951679	-0.05883237	-0.07002323	0.90736255	0.96347222	0.03352410	-0.17401743	0.92993024
0.50000000	-1.25901643	-0.46970167	-2.40550635	0.25310304	0.71450182	-0.04648359	-0.43349998	-0.19790076	0.31753216	-0.73390087	0.67563633	0.69190389	0.87427637	-0.05056148	-0.07522244	0.86980966	0.94855782	0.05523128	-0.20898722	0.90498887
0.60000000	-1.59150518	-0.36902034	-2.06966845	-0.05384496	0.61866786	0.06681523	-0.35761152	-0.43094004	0.33920054	-0.66265059	0.59646428	0.60950678	0.83700885	-0.03657109	-0.07532876	0.82999404	0.93212890	0.07723300	-0.23998164	0.87837653
0.70000000	-1.45113692	-0.46789236	-1.83184794	-0.09869225	0.50633245	0.04817383	-0.29709850	-0.42014064	0.27165927	-0.54962076	0.51106476	0.52636557	0.79859371	-0.02128017	-0.07173406	0.78956423	0.91465687	0.09658832	-0.26676049	0.85045875
0.80000000	-1.20332787	-0.49063387	-1.66349942	0.02097324	0.43324956	-0.02112629	-0.25825893	-0.30474546	0.19287183	-0.45669869	0.41854741	0.44029639	0.75922327	-0.00502035	-0.06564686	0.74813286	0.89644668	0.11393379	-0.29046523	0.82242174
0.90000000	-0.70763237	-0.40120204	-1.52935862	0.15052843	0.40241450	-0.06476009	-0.23477499	-0.21986078	0.15474960	-0.41076484	0.32361820	0.35079423	0.71884228	0.01420208	-0.05753475	0.70474067	0.87757798	0.13114342	-0.31225597	0.79512541
1.00000000	-1.60197183	-0.08648622	-1.41125838	0.22724890	0.39290618	-0.07419706	-0.21741031	-0.21658821	0.15986423	-0.39997062	0.23309799	0.25938181	0.67747242	0.03823364	-0.04731706	0.65905611	0.85802799	0.14925321	-0.33252126	0.76867819
1.10000000	0.00471718	0.03473328	-1.28805506	0.16870123	0.38859537	-0.01792211	-0.20171007	-0.27458061	0.18697697	-0.40105161	0.15299366	0.16880546	0.63532911	0.06749273	-0.03475625	0.61164979	0.83779395	0.16785995	-0.35093962	0.74270308
1.20000000	0.21866551	0.27022757	-1.16795518	0.04615621	0.37485805	-0.00093836	-0.18314653	-0.36997909	0.21403025	-0.39684982	0.08711512	0.08208568	0.59280212	0.10087396	-0.01974746	0.56367291	0.81694902	0.18551371	-0.36691411	0.71676820
1.30000000	0.26375371	0.47770796	-1.04907864	-0.05985652	0.34573220	0.08195560	-0.16534513	-0.45399169	0.22801233	-0.38052120	0.03692334	0.00184779	0.55038158	0.13627404	-0.00243917	0.51638392	0.79563936	0.20040388	-0.37997221	0.69066490
1.40000000	0.22397722	0.63855420	-0.93398115	-0.18633909	0.30567590	0.11005703	-0.14655763	-0.51959551	0.22513442	-0.35293398	0.00201526	-0.07000347	0.50858040	0.17124338	0.01677466	0.47079054	0.77405187	0.21092305	-0.38997077	0.66447853
1.50000000	0.13825067	0.74990368	-0.82516598	-0.29274273	0.25738751	0.11822750	-0.12907144	-0.55363769	0.20787866	-0.31865632	-0.01921370	-0.13234949	0.46787533	0.20349763	0.03732789	0.42748517	0.75237735	0.21597858	-0.39711710	0.63852167
1.60000000	0.03464418	0.81611129	-0.72443814	-0.37047012	0.20512925	0.10935891	-0.11381589	-0.55631127	0.18140337	-0.28286923	-0.02897700	-0.18477274	0.42867127	0.23121463	0.05857192	0.38664063	0.73078253	0.21508036	-0.40188091	0.61321620
1.70000000	-0.06823921	0.84477905	-0.63281104	-0.41819072	0.15263952	0.08851408	-0.10125572	-0.53267720	0.15113119	-0.24972470	-0.02966167	-0.22740758	0.39128539	0.25314492	0.07985397	0.34809821	0.70939478	0.20828502	-0.40486978	0.58898276
1.80000000	-0.15970531	0.84430545	-0.55061994	-0.43886708	0.10272573	0.06098951	-0.09145795	-0.48967630	0.12148161	-0.22181303	-0.02355153	-0.26078084	0.35594528	0.26859792	0.10057342	0.31148737	0.68829788	0.19607210	-0.40671490	0.56616372
1.90000000	-0.23477764	0.82253654	-0.47769799	-0.43744874	0.05722925	0.03128899	-0.08421474	-0.43425902	0.09545612	-0.20026337	-0.01267582	-0.28566981	0.32279576	0.27736220	0.12021574	0.27633870	0.66753544	0.17920430	-0.40798760	0.54498347
2.00000000	-0.29219407	0.78616011	-0.41354700	-0.41936528	0.01716549	0.00274839	-0.07916326	-0.37242713	0.07470805	-0.18510464	0.00125483	-0.30298799	0.29190998	0.27960161	0.13836800	0.24217208	0.64711830	0.15860071	-0.40915020	0.52553908
2.10000000	-0.33286625	0.74054220	-0.35747657	-0.38967749	-0.01708018	-0.02246038	-0.07587913	-0.30888315	0.05982189	-0.17566637	0.01685777	-0.31369976	0.26330216	0.27575230	0.15472136	0.20855629	0.62703334	0.13523500	-0.41053542	0.50781112
2.20000000	-0.35881279	0.68979624	-0.30870695	-0.35268480	-0.04556238	-0.04314702	-0.07393956	-0.24702783	0.05063732	-0.17091715	0.03305621	-0.31876060	0.23694014	0.26643244	0.16906516	0.17514341	0.60725205	0.11006081	-0.41234635	0.49168552
2.30000000	-0.37247643	0.63695453	-0.26643932	-0.31181175	-0.06861720	-0.05886550	-0.07296061	-0.18912533	0.04653779	-0.16971075	0.04904182	-0.31907790	0.21275672	0.25236886	0.18127643	0.14168400	0.58773784	0.08396165	-0.41466894	0.47697938
2.40000000	-0.37631885	0.58416867	-0.22990073	-0.26964689	-0.08674117	-0.06968610	-0.07261522	-0.13652710	0.04667508	-0.17094453	0.06423192	-0.31548758	0.19065954	0.23434029	0.19130732	0.10802923	0.56845195	0.05772052	-0.41749111	0.46346652
2.50000000	-0.37260184	0.53290122	-0.19837021	-0.22805233	-0.10050482	-0.07600448	-0.07263854	-0.08989583	0.05012801	-0.17364829	0.07822712	-0.30874224	0.17053921	0.21313500	0.19917211	0.07412475	0.54935779	0.03200469	-0.42072414	0.45090003
2.60000000	-0.36328707	0.48409248	-0.17119197	-0.18829636	-0.11049442	-0.07839473	-0.07282554	-0.04940221	0.05600502	-0.17702359	0.09077289	-0.29950720	0.15227590	0.18952025	0.20493487	0.03999992	0.53042393	0.00736133	-0.42422376	0.43903096
2.70000000	-0.35000729	0.43829776	-0.14778009	-0.15118341	-0.11727522	-0.07750384	-0.07302442	-0.01488505	0.06350368	-0.18045071	0.10172626	-0.28836193	0.13574450	0.16422085	0.20869810	0.00575480	0.51162607	-0.01577947	-0.42780947	0.42762258
2.80000000	-0.33407799	0.39579593	-0.12761772	-0.11716915	-0.12137013	-0.07398060	-0.07312838	0.01402498	0.07193922	-0.18347644	0.11102820	-0.27580470	0.12081855	0.13790485	0.21059281	-0.02845366	0.49294798	-0.03709683	-0.43128137	0.41646074
2.90000000	-0.31652986	0.35667301	-0.11025320	-0.08645637	-0.12324918	-0.06843161	-0.07306710	0.03781418	0.08075240	-0.18579214	0.11868138	-0.26225911	0.10737313	0.11117454	0.21076991	-0.06242532	0.47438190	-0.05636846	-0.43443427	0.40536059
3.00000000	-0.29814971	0.32088493	-0.09529458	-0.05907134	-0.12332602	-0.06139717	-0.07279879	0.05702116	0.08950451	-0.18720814	0.12473266	-0.24808149	0.09528704	0.08456147	0.20939292	-0.09592985	0.45592828	-0.07345857	-0.43706911	0.39417039
3.10000000	-0.27952281	0.28830374	-0.08240334	-0.03492248	-0.12195887	-0.05334102	-0.07230325	0.07219329	0.09786524	-0.18762848	0.12925964	-0.23356839	0.08444417	0.05852457	0.20663196	-0.12871890	0.43759528	-0.08830541	-0.43900178	0.38277278
3.20000000	-0.26107245	0.25875083	-0.07128813	-0.01384396	-0.11945404	-0.04464940	-0.07157609	0.08385877	0.10559735	-0.18702786	0.13236039	-0.21896393	0.07473451	0.03345065	0.20265875	-0.16053702	0.41939795	-0.10090902	-0.44006972	0.37108431
3.30000000	-0.24309486	0.23202043	-0.06169882	0.00437281	-0.11607074	-0.03563562	-0.07062403	0.09251029	0.11254062	-0.18543208	0.13414587	-0.20446660	0.06605470	0.00965661	0.19764265	-0.19113133	0.40135721	-0.11131969	-0.44013642	0.35905343
3.40000000	-0.22578882	0.20789566	-0.05342091	0.01995726	-0.11202650	-0.02654769	-0.06946123	0.09859658	0.11859670	-0.18290196	0.13473425	-0.19023555	0.05830829	-0.01260701	0.19174754	-0.22025996	0.38349883	-0.11962734	-0.43909417	0.34665767
3.50000000	-0.20927979	0.18615935	-0.04627067	0.03314483	-0.10750241	-0.01757724	-0.06810651	0.10251937	0.12371556	-0.17952075	0.13424673	-0.17639611	0.05140581	-0.03315140	0.18512941	-0.24769899	0.36585232	-0.12595202	-0.43686523	0.33389998
3.60000000	-0.19363928	0.16660091	-0.04009073	0.04416746	-0.10264816	-0.00886850	-0.06658122	0.10463380	0.12788399	-0.17538445	0.13280450	-0.16304482	0.04526463	-0.05184431	0.17793462	-0.27324808	0.34844980	-0.13043554	-0.43340180	0.32080489
3.70000000	-0.17889984	0.14902052	-0.03474628	0.05324766	-0.09758662	-0.00052681	-0.06490777	0.10525083	0.13111608	-0.17059475	0.13052644	-0.15025373	0.03980883	-0.06860435	0.17029870	-0.29673479	0.33132495	-0.13323420	-0.42868490	0.30741449
3.80000000	-0.16506670	0.13323137	-0.03012180	0.06059521	-0.09241786	0.00737386	-0.06310855	0.10464067	0.13344550	-0.16525393	0.12752749	-0.13807424	0.03496882	-0.08339505	0.16234557	-0.31801750	0.31451206	-0.13451266	-0.42272251	0.29378447
3.90000000	-0.15212570	0.11906071	-0.02611822	0.06640554	-0.08722267	0.01478432	-0.06120522	0.10303679	0.13491955	-0.15946136	0.12391742	-0.12654044	0.03068110	-0.09621899	0.15418716	-0.33698723	0.29804511	-0.13443885	-0.41554700	0.27998038
4.00000000	-0.14005111	0.10635002	-0.02265051	0.07085908	-0.08206565	0.02167472	-0.05921825	0.10063985	0.13559442	-0.15331119	0.11979992	-0.11567194	0.02688781	-0.10711189	0.14592337	-0.35356836	0.28195701	-0.13317972	-0.40721227	0.26607419
4.10000000	-0.12880847	0.09495461	-0.01964566	0.07412136	-0.07699777	0.02802997	-0.05716665	0.09762156	0.13553165	-0.14689094	0.11527198	-0.10547643	0.02353645	-0.11613706	0.13764223	-0.36771827	0.26627886	-0.13089795	-0.39779053	0.25214124
4.20000000	-0.11835889	0.08474300	-0.01704088	0.07634347	-0.07205863	0.03384610	-0.05506785	0.09412821	0.13479551	-0.14028075	0.11042348	-0.09595178	0.02057943	-0.12338001	0.12942032	-0.37942631	0.25103948	-0.12774935	-0.38736902	0.23825752
4.30000000	-0.10866103	0.07559600	-0.01478212	0.07766271	-0.06727833	0.03912731	-0.05293765	0.09028388	0.13345097	-0.13355303	0.10533688	-0.08708796	0.01797373	-0.12894364	0.12132327	-0.38871195	0.23626485	-0.12388094	-0.37604675	0.22449746
4.40000000	-0.09967264	0.06740587	-0.01282286	0.07820334	-0.06267910	0.04388373	-0.05079023	0.08619328	0.13156232	-0.12677244	0.10008712	-0.07886863	0.01568057	-0.13294368	0.11340642	-0.39562244	0.22197787	-0.11942956	-0.36393129	0.21093205
4.50000000	-0.09135165	0.06007531	-0.01112296	0.07807741	-0.05827663	0.04812960	-0.04863826	0.08194430	0.12919216	-0.11999614	0.09474164	-0.07127250	0.01366501	-0.13550471	0.10571558	-0.40023006	0.20819803	-0.11452099	-0.35113584	0.19762742
4.60000000	-0.08365680	0.05351660	-0.00964779	0.07738553	-0.05408128	0.05188194	-0.04649294	0.07761023	0.12640067	-0.11327407	0.08936045	-0.06427455	0.01189567	-0.13675660	0.09828775	-0.40262906	0.19494136	-0.10926951	-0.33777639	0.18464371
4.70000000	-0.07654814	0.04765070	-0.00836743	0.07621775	-0.05009897	0.05515961	-0.04436417	0.07325175	0.12324518	-0.10664941	0.08399634	-0.05784703	0.01034439	-0.13683146	0.09115195	-0.40293245	0.18222026	-0.10377770	-0.32396933	0.17203438
4.80000000	-0.06998724	0.04240645	-0.00725603	0.07465429	-0.04633210	0.05798255	-0.04226058	0.06891862	0.11977982	-0.10015901	0.07869518	-0.05196030	0.00898597	-0.13586099	0.08433004	-0.40126874	0.17004361	-0.09813659	-0.30982925	0.15984569
4.90000000	-0.06393739	0.03771981	-0.00629123	0.07276636	-0.04278018	0.06037135	-0.04018970	0.06465118	0.11605544	-0.09383386	0.07349620	-0.04658356	0.00779787	-0.13397434	0.07783744	-0.39777866	0.15841681	-0.09242596	-0.29546710	0.14811653
5.00000000	-0.05836366	0.03353318	-0.00545367	0.07061689	-0.03944044	0.06234686	-0.03815806	0.06048173	0.11211944	-0.08769963	0.06843242	-0.04168546	0.00675999	-0.13129629	0.07168396	-0.39261206	0.14734190	-0.08671488	-0.28098864	0.13687842
5.10000000	-0.05323296	0.02979478	-0.00472656	0.06826128	-0.03630831	0.06393005	-0.03617123	0.05643566	0.10801581	-0.08177708	0.06353105	-0.03723461	0.00585442	-0.12794589	0.06587449	-0.38592489	0.13681777	-0.08106227	-0.26649319	0.12615569
5.20000000	-0.04851397	0.02645807	-0.00409538	0.06574805	-0.03337786	0.06514188	-0.03423397	0.05253244	0.10378516	-0.07608255	0.05881395	-0.03319996	0.00506523	-0.12403535	0.06040968	-0.37787647	0.12684036	-0.07551764	-0.25207274	0.11596581
5.30000000	-0.04417721	0.02348122	-0.00354752	0.06311954	-0.03064212	0.06600325	-0.03235029	0.04878656	0.09946477	-0.07062839	0.05429807	-0.02955112	0.00437825	-0.11966932	0.05528661	-0.36862692	0.11740290	-0.07012178	-0.23781125	0.10631982
5.40000000	-0.04019491	0.02082667	-0.00307204	0.06041249	-0.02809336	0.06653496	-0.03052352	0.04520825	0.09508872	-0.06542341	0.04999593	-0.02625867	0.00378094	-0.11494435	0.05049933	-0.35833494	0.10849616	-0.06490759	-0.22378421	0.09722284
5.50000000	-0.03654101	0.01846067	-0.00265944	0.05765864	-0.02572335	0.06675775	-0.02875634	0.04180421	0.09068793	-0.06047323	0.04591611	-0.02329432	0.00326219	-0.10994860	0.04603941	-0.34715580	0.10010872	-0.05990082	-0.21005841	0.08867463
5.60000000	-0.03319108	0.01635294	-0.00230148	0.05488527	-0.02352352	0.06669229	-0.02705090	0.03857815	0.08629035	-0.05578067	0.04206367	-0.02063105	0.00281217	-0.10476182	0.04189644	-0.33523967	0.09222726	-0.05512085	-0.19669196	0.08067017
5.70000000	-0.03012227	0.01447626	-0.00199099	0.05211567	-0.02148515	0.06635916	-0.02540883	0.03553131	0.08192102	-0.05134610	0.03844059	-0.01824324	0.00242222	-0.09945534	0.03805844	-0.32273022	0.08483680	-0.05058144	-0.18373439	0.07320027
5.80000000	-0.02731321	0.01280625	-0.00172175	0.04936959	-0.01959948	0.06577885	-0.02383128	0.03266291	0.07760224	-0.04716776	0.03504621	-0.01610672	0.00208468	-0.09409233	0.03451224	-0.30976342	0.07792101	-0.04629141	-0.17122693	0.06625215
5.90000000	-0.02474399	0.01132100	-0.00148834	0.04666367	-0.01785778	0.06497173	-0.02231900	0.02997049	0.07335368	-0.04324204	0.03187762	-0.01419882	0.00179283	-0.08872809	0.03124384	-0.29646672	0.07146239	-0.04225534	-0.15920285	0.05981000
6.00000000	-0.02239604	0.01000086	-0.00128607	0.04401178	-0.01625151	0.06395800	-0.02087233	0.02745029	0.06919252	-0.03956381	0.02893000	-0.01249835	0.00154075	-0.08341045	0.02823866	-0.28295836	0.06544259	-0.03847419	-0.14768797	0.05385559
6.10000000	-0.02025207	0.00882821	-0.00111084	0.04142536	-0.01477230	0.06275766	-0.01949127	0.02509747	0.06513360	-0.03612659	0.02619698	-0.01098561	0.00132324	-0.07818021	0.02548186	-0.26934695	0.05984260	-0.03494583	-0.13670115	0.04836869
6.20000000	-0.01829600	0.00778726	-0.00095910	0.03891370	-0.01341203	0.06139039	-0.01817549	0.02290638	0.06118952	-0.03292286	0.02367097	-0.00964234	0.00113576	-0.07307162	0.02295847	-0.25573124	0.05464295	-0.03166563	-0.12625484	0.04332761
6.30000000	-0.01651290	0.00686384	-0.00082774	0.03648422	-0.01216288	0.05987553	-0.01692438	0.02087076	0.05737083	-0.02994422	0.02134336	-0.00845172	0.00097432	-0.06811289	0.02065364	-0.24220006	0.04982393	-0.02862688	-0.11635568	0.03870960
6.40000000	-0.01488892	0.00604526	-0.00071408	0.03414269	-0.01101734	0.05823194	-0.01573706	0.01898387	0.05368613	-0.02718159	0.01920486	-0.00739825	0.00083544	-0.06332676	0.01855274	-0.22883241	0.04536575	-0.02582125	-0.10700512	0.03449124
6.50000000	-0.01341118	0.00532014	-0.00061579	0.03189343	-0.00996822	0.05647796	-0.01461244	0.01723870	0.05014222	-0.02462541	0.01724566	-0.00646776	0.00071607	-0.05873094	0.01664152	-0.21569766	0.04124869	-0.02323912	-0.09819997	0.03064878
6.60000000	-0.01206777	0.00467829	-0.00053081	0.02973950	-0.00900868	0.05463128	-0.01354920	0.01562803	0.04674424	-0.02226574	0.01545563	-0.00564728	0.00061357	-0.05433873	0.01490618	-0.20285592	0.03745326	-0.02086996	-0.08993301	0.02715844
6.70000000	-0.01084765	0.00411060	-0.00045738	0.02768286	-0.00813220	0.05270889	-0.01254584	0.01414456	0.04349580	-0.02009246	0.01382450	-0.00492501	0.00052563	-0.05015942	0.01333345	-0.19035840	0.03396027	-0.01870258	-0.08219354	0.02399666
6.80000000	-0.00974058	0.00360889	-0.00039397	0.02572452	-0.00733264	0.05072701	-0.01160072	0.01278102	0.04039914	-0.01809533	0.01234200	-0.00429023	0.00045024	-0.04619883	0.01191065	-0.17824792	0.03075102	-0.01672540	-0.07496794	0.02114032
6.90000000	-0.00873710	0.00316586	-0.00033924	0.02386465	-0.00660418	0.04870098	-0.01071206	0.01153016	0.03745523	-0.01626413	0.01099795	-0.00373324	0.00038567	-0.04245974	0.01062574	-0.16655941	0.02780727	-0.01492665	-0.06824013	0.01856692
7.00000000	-0.00782847	0.00277498	-0.00029202	0.02210270	-0.00594134	0.04664523	-0.00987796	0.01038491	0.03466390	-0.01458872	0.00978241	-0.00324526	0.00033039	-0.03894231	0.00946731	-0.15532053	0.02511143	-0.01329455	-0.06199207	0.01625471
7.10000000	-0.00700659	0.00243041	-0.00025130	0.02043753	-0.00533897	0.04457324	-0.00909644	0.00933833	0.03202400	-0.01305915	0.00868572	-0.00281841	0.00028310	-0.03564449	0.00842463	-0.14455219	0.02264653	-0.01181745	-0.05620418	0.01418283
7.20000000	-0.00626400	0.00212693	-0.00021620	0.01886744	-0.00479224	0.04249748	-0.00836544	0.00838372	0.02953348	-0.01166571	0.00769854	-0.00244558	0.00024267	-0.03256234	0.00748765	-0.13426919	0.02039631	-0.01048397	-0.05085573	0.01233136
7.30000000	-0.00559379	0.00185988	-0.00018597	0.01739032	-0.00429663	0.04042941	-0.00768287	0.00751460	0.02718953	-0.01039895	0.00681198	-0.00212041	0.00020812	-0.02969042	0.00664696	-0.12448078	0.01834521	-0.00928306	-0.04592517	0.01068142
7.40000000	-0.00498960	0.00162509	-0.00015995	0.01600367	-0.00384793	0.03837946	-0.00704658	0.00672478	0.02498866	-0.00924980	0.00601756	-0.00183721	0.00017861	-0.02702204	0.00589382	-0.11519129	0.01647846	-0.00820410	-0.04139049	0.00921518
7.50000000	-0.00444557	0.00141887	-0.00013755	0.01470469	-0.00344220	0.03635702	-0.00645442	0.00600830	0.02292684	-0.00820951	0.00530726	-0.00159090	0.00015342	-0.02454951	0.00522011	-0.10640063	0.01478202	-0.00723695	-0.03722944	0.00791588
7.60000000	-0.00395629	0.00123791	-0.00011829	0.01349034	-0.00307578	0.03437046	-0.00590422	0.00535955	0.02099957	-0.00726974	0.00467354	-0.00137697	0.00013191	-0.02226443	0.00461832	-0.09810491	0.01324263	-0.00637201	-0.03341980	0.00676788
7.70000000	-0.00351679	0.00107926	-0.00010173	0.01235740	-0.00274528	0.03242714	-0.00539384	0.00477315	0.01920195	-0.00642255	0.00410933	-0.00119139	0.00011354	-0.02015786	0.00408154	-0.09029688	0.01184778	-0.00560019	-0.02993960	0.00575657
7.80000000	-0.00312249	0.00094030	-0.00008750	0.01130247	-0.00244753	0.03053347	-0.00492115	0.00424406	0.01752883	-0.00566043	0.00360806	-0.00103060	0.00009787	-0.01822051	0.00360341	-0.08296649	0.01058573	-0.00491299	-0.02676724	0.00486843
7.90000000	-0.00276919	0.00081871	-0.00007527	0.01032209	-0.00217962	0.02869489	-0.00448406	0.00376753	0.01597480	-0.00497627	0.00316360	-0.00089145	0.00008449	-0.01644290	0.00317809	-0.07610129	0.00944546	-0.00430244	-0.02388169	0.00409095
8.00000000	-0.00245303	0.00071242	-0.00006478	0.00941271	-0.00193887	0.02691597	-0.00408051	0.00333909	0.01453433	-0.00436342	0.00277031	-0.00077116	0.00007306	-0.01481549	0.00280024	-0.06968686	0.00841668	-0.00376115	-0.02126259	0.00341263
8.10000000	-0.00217048	0.00061959	-0.00005577	0.00857075	-0.00172278	0.02520043	-0.00370849	0.00295456	0.01320178	-0.00381562	0.00242298	-0.00066729	0.00006329	-0.01332878	0.00246500	-0.06370722	0.00748978	-0.00328228	-0.01889031	0.00282289
8.20000000	-0.00191829	0.00053859	-0.00004804	0.00779265	-0.00152906	0.02355118	-0.00336607	0.00261005	0.01197149	-0.00332702	0.00211683	-0.00057766	0.00005494	-0.01197343	0.00216794	-0.05814516	0.00665586	-0.00285951	-0.01674608	0.00231207
8.30000000	-0.00169350	0.00046798	-0.00004141	0.00707486	-0.00135561	0.02197040	-0.00305135	0.00230193	0.01083780	-0.00289220	0.00184748	-0.00050040	0.00004780	-0.01074032	0.00190503	-0.05298254	0.00590661	-0.00248704	-0.01481200	0.00187137
8.40000000	-0.00149341	0.00040649	-0.00003572	0.00641389	-0.00120050	0.02045960	-0.00276254	0.00202686	0.00979511	-0.00250611	0.00161096	-0.00043384	0.00004168	-0.00962061	0.00167262	-0.04820060	0.00523439	-0.00215955	-0.01307108	0.00149278
8.50000000	-0.00131553	0.00035298	-0.00003084	0.00580629	-0.00106196	0.01901965	-0.00249788	0.00178170	0.00883792	-0.00216408	0.00140364	-0.00037653	0.00003643	-0.00860580	0.00146741	-0.04378021	0.00463209	-0.00187220	-0.01150729	0.00116905
8.60000000	-0.00115763	0.00030646	-0.00002665	0.00524874	-0.00093836	0.01765085	-0.00225570	0.00156360	0.00796085	-0.00186179	0.00122224	-0.00032722	0.00003192	-0.00768775	0.00128643	-0.03970204	0.00409318	-0.00162057	-0.01010551	0.00089362
8.70000000	-0.00101764	0.00026605	-0.00002306	0.00473797	-0.00082824	0.01635301	-0.00203442	0.00136992	0.00715867	-0.00159528	0.00106378	-0.00028479	0.00002804	-0.00685872	0.00112698	-0.03594684	0.00361167	-0.00140066	-0.00885160	0.00066060
8.80000000	-0.00089372	0.00023098	-0.00001998	0.00427087	-0.00073024	0.01512549	-0.00183251	0.00119821	0.00642630	-0.00136091	0.00092559	-0.00024830	0.00002470	-0.00611138	0.00098666	-0.03249551	0.00318203	-0.00120886	-0.00773232	0.00046468
8.90000000	-0.00078415	0.00020056	-0.00001733	0.00384440	-0.00064313	0.01396722	-0.00164854	0.00104627	0.00575889	-0.00115534	0.00080528	-0.00021691	0.00002181	-0.00543882	0.00086330	-0.02932928	0.00279921	-0.00104190	-0.00673536	0.00030112
9.00000000	-0.00068742	0.00017420	-0.00001506	0.00345567	-0.00056580	0.01287682	-0.00148115	0.00091205	0.00515175	-0.00097553	0.00070068	-0.00018989	0.00001932	-0.00483456	0.00075496	-0.02642985	0.00245857	-0.00089685	-0.00584926	0.00016569
9.10000000	-0.00060214	0.00015137	-0.00001311	0.00310194	-0.00049723	0.01185261	-0.00132906	0.00079370	0.00460043	-0.00081870	0.00060988	-0.00016664	0.00001715	-0.00429254	0.00065990	-0.02377943	0.00215590	-0.00077109	-0.00506345	0.00005460
9.20000000	-0.00052705	0.00013161	-0.00001143	0.00278056	-0.00043650	0.01089266	-0.00119106	0.00068954	0.00410068	-0.00068232	0.00053117	-0.00014661	0.00001526	-0.00380711	0.00057656	-0.02136087	0.00188734	-0.00066224	-0.00436814	-0.00003548
9.30000000	-0.00046103	0.00011451	-0.00000999	0.00248904	-0.00038278	0.00999483	-0.00106600	0.00059802	0.00364847	-0.00056411	0.00046301	-0.00012933	0.00001362	-0.00337302	0.00050358	-0.01915768	0.00164939	-0.00056823	-0.00375434	-0.00010754
9.40000000	-0.00040305	0.00009972	-0.00000875	0.00222504	-0.00033532	0.00915682	-0.00095285	0.00051777	0.00324001	-0.00046200	0.00040406	-0.00011442	0.00001218	-0.00298542	0.00043971	-0.01715409	0.00143887	-0.00048718	-0.00321379	-0.00016417
9.50000000	-0.00035221	0.00008693	-0.00000767	0.00198633	-0.00029343	0.00837622	-0.00085059	0.00044753	0.00287171	-0.00037412	0.00035312	-0.00010152	0.00001091	-0.00263984	0.00038386	-0.01533508	0.00125288	-0.00041744	-0.00273892	-0.00020769
9.60000000	-0.00030768	0.00007588	-0.00000675	0.00177083	-0.00025652	0.00765051	-0.00075830	0.00038616	0.00254022	-0.00029878	0.00030914	-0.00009035	0.00000980	-0.00233216	0.00033506	-0.01368639	0.00108882	-0.00035753	-0.00232283	-0.00024011
9.70000000	-0.00026873	0.00006633	-0.00000594	0.00157658	-0.00022402	0.00697712	-0.00067513	0.00033265	0.00224239	-0.00023447	0.00027120	-0.00008065	0.00000882	-0.00205859	0.00029246	-0.01219455	0.00094431	-0.00030616	-0.00195922	-0.00026321
9.80000000	-0.00023471	0.00005807	-0.00000525	0.00140176	-0.00019544	0.00635344	-0.00060027	0.00028607	0.00197528	-0.00017985	0.00023847	-0.00007221	0.00000795	-0.00181568	0.00025528	-0.01084686	0.00081724	-0.00026219	-0.00164237	-0.00027851
9.90000000	-0.00020501	0.00005094	-0.00000465	0.00124466	-0.00017034	0.00577686	-0.00053298	0.00024561	0.00173615	-0.00013369	0.00021024	-0.00006484	0.00000718	-0.00160027	0.00022285	-0.00963138	0.00070566	-0.00022462	-0.00136708	-0.00028736
10.00000000	-0.00017912	0.00004476	-0.00000412	0.00110370	-0.00014832	0.00524478	-0.00047257	0.00021054	0.00152247	-0.00009491	0.00018590	-0.00005840	0.00000649	-0.00140948	0.00019459	-0.00853694	0.00060786	-0.00019257	-0.00112865	-0.00029092
10.10000000	-0.00015658	0.00003942	-0.00000367	0.00097743	-0.00012903	0.00475462	-0.00041843	0.00018019	0.00133187	-0.00006256	0.00016489	-0.00005274	0.00000588	-0.00124072	0.00016997	-0.00755309	0.00052228	-0.00016527	-0.00092285	-0.00029018
10.20000000	-0.00013697	0.00003479	-0.00000327	0.00086446	-0.00011214	0.00430387	-0.00036995	0.00015398	0.00116220	-0.00003578	0.00014675	-0.00004776	0.00000533	-0.00109161	0.00014853	-0.00667012	0.00044751	-0.00014204	-0.00074586	-0.00028599
10.30000000	-0.00011993	0.00003077	-0.00000292	0.00076357	-0.00009738	0.00389006	-0.00032661	0.00013140	0.00101143	-0.00001380	0.00013107	-0.00004335	0.00000484	-0.00096000	0.00012986	-0.00587898	0.00038232	-0.00012230	-0.00059425	-0.00027909
10.40000000	-0.00010512	0.00002729	-0.00000261	0.00067358	-0.00008449	0.00351081	-0.00028792	0.00011198	0.00087773	0.00000404	0.00011749	-0.00003944	0.00000439	-0.00084398	0.00011361	-0.00517131	0.00032558	-0.00010555	-0.00046492	-0.00027010
10.50000000	-0.00009227	0.00002426	-0.00000234	0.00059344	-0.00007325	0.00316379	-0.00025342	0.00009531	0.00075941	0.00001832	0.00010571	-0.00003596	0.00000399	-0.00074179	0.00009947	-0.00453936	0.00027630	-0.00009134	-0.00035513	-0.00025955
10.60000000	-0.00008112	0.00002163	-0.00000210	0.00052218	-0.00006345	0.00284679	-0.00022270	0.00008103	0.00065490	0.00002958	0.00009546	-0.00003285	0.00000363	-0.00065187	0.00008716	-0.00397599	0.00023358	-0.00007930	-0.00026242	-0.00024787
10.70000000	-0.00007144	0.00001933	-0.00000189	0.00045891	-0.00005493	0.00255769	-0.00019538	0.00006883	0.00056280	0.00003827	0.00008653	-0.00003006	0.00000330	-0.00057283	0.00007645	-0.00347461	0.00019662	-0.00006910	-0.00018459	-0.00023544
10.80000000	-0.00006306	0.00001731	-0.00000170	0.00040281	-0.00004752	0.00229444	-0.00017113	0.00005843	0.00048181	0.00004477	0.00007871	-0.00002755	0.00000300	-0.00050341	0.00006712	-0.00302919	0.00016473	-0.00006045	-0.00011969	-0.00022255
10.90000000	-0.00005578	0.00001555	-0.00000154	0.00035314	-0.00004109	0.00205512	-0.00014962	0.00004958	0.00041075	0.00004945	0.00007185	-0.00002528	0.00000273	-0.00044247	0.00005900	-0.00263419	0.00013728	-0.00005312	-0.00006600	-0.00020947
11.00000000	-0.00004947	0.00001400	-0.00000139	0.00030923	-0.00003551	0.00183790	-0.00013058	0.00004206	0.00034856	0.00005260	0.00006579	-0.00002322	0.00000249	-0.00038903	0.00005193	-0.00228455	0.00011371	-0.00004690	-0.00002198	-0.00019639
11.10000000	-0.00004399	0.00001264	-0.00000126	0.00027047	-0.00003067	0.00164104	-0.00011375	0.00003569	0.00029426	0.00005448	0.00006043	-0.00002135	0.00000227	-0.00034219	0.00004576	-0.00197563	0.00009352	-0.00004161	0.00001371	-0.00018348
11.20000000	-0.00003923	0.00001144	-0.00000114	0.00023630	-0.00002648	0.00146291	-0.00009889	0.00003030	0.00024699	0.00005533	0.00005566	-0.00001964	0.00000206	-0.00030115	0.00004039	-0.00170322	0.00007629	-0.00003711	0.00004228	-0.00017086
11.30000000	-0.00003509	0.00001037	-0.00000103	0.00020622	-0.00002286	0.00130198	-0.00008579	0.00002575	0.00020593	0.00005533	0.00005139	-0.00001809	0.00000188	-0.00026521	0.00003569	-0.00146348	0.00006162	-0.00003326	0.00006475	-0.00015864
11.40000000	-0.00003148	0.00000942	-0.00000094	0.00017978	-0.00001973	0.00115683	-0.00007427	0.00002192	0.00017039	0.00005465	0.00004756	-0.00001666	0.00000171	-0.00023375	0.00003160	-0.00125294	0.00004919	-0.00002997	0.00008205	-0.00014689
11.50000000	-0.00002833	0.00000858	-0.00000085	0.00015658	-0.00001703	0.00102610	-0.00006414	0.00001870	0.00013973	0.00005344	0.00004410	-0.00001535	0.00000156	-0.00020622	0.00002801	-0.00106843	0.00003869	-0.00002713	0.00009498	-0.00013566
11.60000000	-0.00002558	0.00000782	-0.00000077	0.00013623	-0.00001470	0.00090854	-0.00005526	0.00001600	0.00011335	0.00005181	0.00004096	-0.00001414	0.00000141	-0.00018212	0.00002488	-0.00090710	0.00002985	-0.00002468	0.00010424	-0.00012499
11.70000000	-0.00002316	0.00000714	-0.00000070	0.00011843	-0.00001270	0.00080300	-0.00004748	0.00001374	0.00009075	0.00004987	0.00003809	-0.00001303	0.00000129	-0.00016103	0.00002213	-0.00076637	0.00002246	-0.00002255	0.00011043	-0.00011490
11.80000000	-0.00002104	0.00000653	-0.00000064	0.00010287	-0.00001097	0.00070840	-0.00004068	0.00001185	0.00007147	0.00004770	0.00003547	-0.00001200	0.00000117	-0.00014258	0.00001971	-0.00064392	0.00001631	-0.00002068	0.00011408	-0.00010540
11.90000000	-0.00001917	0.00000598	-0.00000058	0.00008928	-0.00000948	0.00062374	-0.00003475	0.00001026	0.00005509	0.00004537	0.00003305	-0.00001106	0.00000106	-0.00012642	0.00001759	-0.00053765	0.00001122	-0.00001904	0.00011564	-0.00009650
12.00000000	-0.00001752	0.00000548	-0.00000053	0.00007744	-0.00000820	0.00054809	-0.00002958	0.00000894	0.00004124	0.00004296	0.00003082	-0.00001019	0.00000097	-0.00011226	0.00001573	-0.00044568	0.00000703	-0.00001759	0.00011550	-0.00008818
12.10000000	-0.00001604	0.00000503	-0.00000048	0.00006713	-0.00000710	0.00048062	-0.00002509	0.00000784	0.00002960	0.00004049	0.00002876	-0.00000938	0.00000088	-0.00009986	0.00001408	-0.00036633	0.00000363	-0.00001629	0.00011400	-0.00008044
12.20000000	-0.00001473	0.00000462	-0.00000044	0.00005817	-0.00000615	0.00042052	-0.00002120	0.00000691	0.00001988	0.00003802	0.00002683	-0.00000863	0.00000080	-0.00008898	0.00001263	-0.00029809	0.00000088	-0.00001512	0.00011143	-0.00007325
12.30000000	-0.00001356	0.00000424	-0.00000040	0.00005039	-0.00000534	0.00036710	-0.00001783	0.00000614	0.00001182	0.00003557	0.00002505	-0.00000794	0.00000072	-0.00007942	0.00001134	-0.00023961	-0.00000130	-0.00001407	0.00010802	-0.00006659
12.40000000	-0.00001251	0.00000390	-0.00000036	0.00004364	-0.00000464	0.00031968	-0.00001492	0.00000550	0.00000519	0.00003318	0.00002337	-0.00000730	0.00000066	-0.00007103	0.00001020	-0.00018969	-0.00000302	-0.00001310	0.00010398	-0.00006045
12.50000000	-0.00001156	0.00000358	-0.00000033	0.00003779	-0.00000404	0.00027767	-0.00001241	0.00000495	-0.00000020	0.00003085	0.00002181	-0.00000671	0.00000059	-0.00006364	0.00000918	-0.00014725	-0.00000434	-0.00001222	0.00009949	-0.00005479
12.60000000	-0.00001069	0.00000329	-0.00000030	0.00003273	-0.00000352	0.00024052	-0.00001026	0.00000449	-0.00000454	0.00002861	0.00002035	-0.00000617	0.00000054	-0.00005713	0.00000828	-0.00011135	-0.00000533	-0.00001141	0.00009469	-0.00004958
12.70000000	-0.00000991	0.00000303	-0.00000027	0.00002836	-0.00000308	0.00020773	-0.00000842	0.00000410	-0.00000797	0.00002646	0.00001897	-0.00000566	0.00000049	-0.00005138	0.00000748	-0.00008112	-0.00000604	-0.00001065	0.00008969	-0.00004481
12.80000000	-0.00000919	0.00000279	-0.00000025	0.00002458	-0.00000270	0.00017884	-0.00000685	0.00000377	-0.00001064	0.00002442	0.00001769	-0.00000520	0.00000044	-0.00004630	0.00000676	-0.00005584	-0.00000652	-0.00000995	0.00008460	-0.00004044
12.90000000	-0.00000854	0.00000256	-0.00000022	0.00002133	-0.00000237	0.00015344	-0.00000551	0.00000348	-0.00001265	0.00002249	0.00001648	-0.00000477	0.00000040	-0.00004180	0.00000612	-0.00003483	-0.00000682	-0.00000929	0.00007950	-0.00003646
13.00000000	-0.00000793	0.00000236	-0.00000020	0.00001852	-0.00000209	0.00013115	-0.00000437	0.00000324	-0.00001412	0.00002066	0.00001534	-0.00000437	0.00000036	-0.00003781	0.00000554	-0.00001751	-0.00000697	-0.00000868	0.00007445	-0.00003282
13.10000000	-0.00000738	0.00000217	-0.00000018	0.00001610	-0.00000184	0.00011164	-0.00000341	0.00000302	-0.00001513	0.00001895	0.00001427	-0.00000400	0.00000033	-0.00003425	0.00000502	-0.00000337	-0.00000699	-0.00000810	0.00006950	-0.00002951
13.20000000	-0.00000686	0.00000199	-0.00000017	0.00001402	-0.00000163	0.00009459	-0.00000261	0.00000283	-0.00001576	0.00001735	0.00001327	-0.00000366	0.00000029	-0.00003109	0.00000455	0.00000804	-0.00000692	-0.00000756	0.00006469	-0.00002650
13.30000000	-0.00000638	0.00000183	-0.00000015	0.00001223	-0.00000145	0.00007974	-0.00000194	0.00000265	-0.00001608	0.00001585	0.00001233	-0.00000335	0.00000027	-0.00002826	0.00000413	0.00001713	-0.00000677	-0.00000704	0.00006006	-0.00002377
13.40000000	-0.00000594	0.00000168	-0.00000014	0.00001069	-0.00000129	0.00006683	-0.00000137	0.00000250	-0.00001614	0.00001446	0.00001145	-0.00000306	0.00000024	-0.00002572	0.00000375	0.00002424	-0.00000657	-0.00000656	0.00005562	-0.00002129
13.50000000	-0.00000553	0.00000154	-0.00000012	0.00000936	-0.00000115	0.00005563	-0.00000091	0.00000235	-0.00001600	0.00001318	0.00001062	-0.00000280	0.00000022	-0.00002345	0.00000341	0.00002967	-0.00000632	-0.00000611	0.00005139	-0.00001905
13.60000000	-0.00000514	0.00000141	-0.00000011	0.00000822	-0.00000103	0.00004596	-0.00000053	0.00000222	-0.00001570	0.00001198	0.00000984	-0.00000256	0.00000020	-0.00002140	0.00000310	0.00003369	-0.00000604	-0.00000568	0.00004738	-0.00001703
13.70000000	-0.00000478	0.00000130	-0.00000010	0.00000724	-0.00000093	0.00003762	-0.00000022	0.00000210	-0.00001526	0.00001088	0.00000912	-0.00000233	0.00000018	-0.00001956	0.00000282	0.00003652	-0.00000574	-0.00000527	0.00004360	-0.00001521
13.80000000	-0.00000445	0.00000119	-0.00000009	0.00000640	-0.00000083	0.00003046	0.00000002	0.00000198	-0.00001473	0.00000987	0.00000844	-0.00000213	0.00000016	-0.00001789	0.00000256	0.00003836	-0.00000542	-0.00000489	0.00004004	-0.00001356
13.90000000	-0.00000413	0.00000109	-0.00000008	0.00000567	-0.00000075	0.00002433	0.00000022	0.00000187	-0.00001413	0.00000894	0.00000780	-0.00000194	0.00000014	-0.00001638	0.00000233	0.00003939	-0.00000510	-0.00000453	0.00003670	-0.00001208
14.00000000	-0.00000384	0.00000100	-0.00000008	0.00000504	-0.00000068	0.00001911	0.00000037	0.00000177	-0.00001347	0.00000809	0.00000721	-0.00000177	0.00000013	-0.00001501	0.00000212	0.00003976	-0.00000478	-0.00000420	0.00003359	-0.00001075
14.10000000	-0.00000356	0.00000091	-0.00000007	0.00000450	-0.00000062	0.00001468	0.00000049	0.00000167	-0.00001279	0.00000731	0.00000665	-0.00000161	0.00000012	-0.00001377	0.00000193	0.00003958	-0.00000447	-0.00000388	0.00003069	-0.00000956
14.20000000	-0.00000331	0.00000083	-0.00000006	0.00000403	-0.00000056	0.00001094	0.00000058	0.00000158	-0.00001208	0.00000659	0.00000614	-0.00000146	0.00000010	-0.00001263	0.00000176	0.00003896	-0.00000416	-0.00000358	0.00002800	-0.00000849
14.30000000	-0.00000307	0.00000076	-0.00000006	0.00000362	-0.00000051	0.00000779	0.00000064	0.00000149	-0.00001137	0.00000594	0.00000566	-0.00000133	0.00000009	-0.00001159	0.00000160	0.00003801	-0.00000386	-0.00000331	0.00002551	-0.00000753
14.40000000	-0.00000284	0.00000070	-0.00000005	0.00000326	-0.00000047	0.00000517	0.00000068	0.00000140	-0.00001067	0.00000535	0.00000521	-0.00000121	0.00000008	-0.00001065	0.00000145	0.00003680	-0.00000357	-0.00000305	0.00002320	-0.00000668
14.50000000	-0.00000263	0.00000064	-0.00000005	0.00000295	-0.00000043	0.00000300	0.00000070	0.00000132	-0.00000997	0.00000481	0.00000480	-0.00000110	0.00000008	-0.00000978	0.00000132	0.00003539	-0.00000330	-0.00000280	0.00002108	-0.00000591
14.60000000	-0.00000244	0.00000058	-0.00000004	0.00000268	-0.00000039	0.00000121	0.00000071	0.00000124	-0.00000930	0.00000432	0.00000441	-0.00000100	0.00000007	-0.00000898	0.00000120	0.00003384	-0.00000304	-0.00000258	0.00001912	-0.00000523
14.70000000	-0.00000225	0.00000053	-0.00000004	0.00000244	-0.00000036	-0.00000024	0.00000071	0.00000116	-0.00000864	0.00000388	0.00000405	-0.00000091	0.00000006	-0.00000825	0.00000109	0.00003219	-0.00000280	-0.00000236	0.00001733	-0.00000462
14.80000000	-0.00000208	0.00000048	-0.00000003	0.00000223	-0.00000033	-0.00000140	0.00000070	0.00000109	-0.00000802	0.00000348	0.00000372	-0.00000082	0.00000005	-0.00000758	0.00000099	0.00003049	-0.00000256	-0.00000217	0.00001568	-0.00000408
14.90000000	-0.00000192	0.00000044	-0.00000003	0.00000204	-0.00000030	-0.00000232	0.00000068	0.00000102	-0.00000742	0.00000311	0.00000342	-0.00000074	0.00000005	-0.00000696	0.00000090	0.00002876	-0.00000235	-0.00000198	0.00001418	-0.00000359
15.00000000	-0.00000177	0.00000040	-0.00000003	0.00000188	-0.00000028	-0.00000304	0.00000066	0.00000095	-0.00000685	0.00000278	0.00000313	-0.00000067	0.00000004	-0.00000640	0.00000082	0.00002703	-0.00000215	-0.00000181	0.00001280	-0.00000316
15.10000000	-0.00000163	0.00000036	-0.00000002	0.00000173	-0.00000025	-0.00000358	0.00000063	0.00000089	-0.00000631	0.00000249	0.00000287	-0.00000061	0.00000004	-0.00000587	0.00000074	0.00002533	-0.00000196	-0.00000166	0.00001154	-0.00000278
15.20000000	-0.00000151	0.00000033	-0.00000002	0.00000159	-0.00000023	-0.00000397	0.00000060	0.00000083	-0.00000580	0.00000222	0.00000263	-0.00000055	0.00000004	-0.00000539	0.00000067	0.00002366	-0.00000179	-0.00000151	0.00001040	-0.00000245
15.30000000	-0.00000139	0.00000030	-0.00000002	0.00000147	-0.00000021	-0.00000424	0.00000057	0.00000077	-0.00000532	0.00000198	0.00000241	-0.00000050	0.00000003	-0.00000495	0.00000061	0.00002204	-0.00000162	-0.00000138	0.00000936	-0.00000215
15.40000000	-0.00000127	0.00000027	-0.00000002	0.00000136	-0.00000020	-0.00000440	0.00000054	0.00000072	-0.00000488	0.00000177	0.00000220	-0.00000045	0.00000003	-0.00000454	0.00000055	0.00002048	-0.00000148	-0.00000125	0.00000842	-0.00000188
15.50000000	-0.00000117	0.00000025	-0.00000002	0.00000126	-0.00000018	-0.00000449	0.00000051	0.00000066	-0.00000446	0.00000157	0.00000201	-0.00000041	0.00000003	-0.00000416	0.00000050	0.00001898	-0.00000134	-0.00000114	0.00000756	-0.00000165
15.60000000	-0.00000108	0.00000022	-0.00000001	0.00000117	-0.00000017	-0.00000450	0.00000048	0.00000062	-0.00000408	0.00000140	0.00000184	-0.00000037	0.00000002	-0.00000382	0.00000045	0.00001756	-0.00000121	-0.00000103	0.00000678	-0.00000144
15.70000000	-0.00000099	0.00000020	-0.00000001	0.00000109	-0.00000015	-0.00000446	0.00000044	0.00000057	-0.00000372	0.00000124	0.00000168	-0.00000033	0.00000002	-0.00000350	0.00000041	0.00001621	-0.00000110	-0.00000094	0.00000608	-0.00000126
15.80000000	-0.00000091	0.00000018	-0.00000001	0.00000101	-0.00000014	-0.00000437	0.00000041	0.00000053	-0.00000339	0.00000110	0.00000153	-0.00000030	0.00000002	-0.00000320	0.00000037	0.00001493	-0.00000099	-0.00000085	0.00000545	-0.00000110
15.90000000	-0.00000083	0.00000017	-0.00000001	0.00000094	-0.00000013	-0.00000425	0.00000038	0.00000049	-0.00000308	0.00000098	0.00000140	-0.00000027	0.00000002	-0.00000293	0.00000033	0.00001374	-0.00000090	-0.00000077	0.00000487	-0.00000096
16.00000000	-0.00000076	0.00000015	-0.00000001	0.00000087	-0.00000012	-0.00000410	0.00000036	0.00000045	-0.00000280	0.00000087	0.00000127	-0.00000025	0.00000001	-0.00000268	0.00000030	0.00001261	-0.00000081	-0.00000069	0.00000436	-0.00000083
16.10000000	-0.00000070	0.00000014	-0.00000001	0.00000081	-0.00000011	-0.00000394	0.00000033	0.00000041	-0.00000254	0.00000077	0.00000116	-0.00000022	0.00000001	-0.00000245	0.00000027	0.00001156	-0.00000073	-0.00000063	0.00000389	-0.00000072
16.20000000	-0.00000064	0.00000012	-0.00000001	0.00000075	-0.00000010	-0.00000376	0.00000030	0.00000038	-0.00000230	0.00000068	0.00000106	-0.00000020	0.00000001	-0.00000224	0.00000024	0.00001058	-0.00000066	-0.00000056	0.00000347	-0.00000063
16.30000000	-0.00000058	0.00000011	-0.00000001	0.00000070	-0.00000009	-0.00000357	0.00000028	0.00000035	-0.00000208	0.00000060	0.00000096	-0.00000018	0.00000001	-0.00000204	0.00000022	0.00000967	-0.00000059	-0.00000051	0.00000309	-0.00000054
16.40000000	-0.00000053	0.00000010	-0.00000001	0.00000065	-0.00000008	-0.00000337	0.00000025	0.00000032	-0.00000188	0.00000053	0.00000088	-0.00000016	0.00000001	-0.00000186	0.00000020	0.00000883	-0.00000053	-0.00000046	0.00000276	-0.00000047
16.50000000	-0.00000048	0.00000009	-0.00000001	0.00000060	-0.00000008	-0.00000318	0.00000023	0.00000029	-0.00000170	0.00000047	0.00000080	-0.00000015	0.00000001	-0.00000170	0.00000018	0.00000805	-0.00000048	-0.00000041	0.00000245	-0.00000040
16.60000000	-0.00000044	0.00000008	0.00000000	0.00000056	-0.00000007	-0.00000298	0.00000021	0.00000027	-0.00000154	0.00000041	0.00000072	-0.00000013	0.00000001	-0.00000155	0.00000016	0.00000732	-0.00000043	-0.00000037	0.00000218	-0.00000035
16.70000000	-0.00000040	0.00000007	0.00000000	0.00000052	-0.00000006	-0.00000279	0.00000019	0.00000025	-0.00000138	0.00000036	0.00000066	-0.00000012	0.00000001	-0.00000141	0.00000014	0.00000666	-0.00000038	-0.00000033	0.00000194	-0.00000030
16.80000000	-0.00000037	0.00000007	0.00000000	0.00000048	-0.00000006	-0.00000261	0.00000018	0.00000022	-0.00000125	0.00000032	0.00000060	-0.00000011	0.00000001	-0.00000128	0.00000013	0.00000605	-0.00000034	-0.00000029	0.00000172	-0.00000026
16.90000000	-0.00000033	0.00000006	0.00000000	0.00000045	-0.00000005	-0.00000243	0.00000016	0.00000020	-0.00000112	0.00000028	0.00000054	-0.00000010	0.00000001	-0.00000117	0.00000012	0.00000549	-0.00000031	-0.00000026	0.00000152	-0.00000022
17.00000000	-0.00000030	0.00000005	0.00000000	0.00000041	-0.00000005	-0.00000225	0.00000015	0.00000019	-0.00000101	0.00000025	0.00000049	-0.00000009	0.00000000	-0.00000106	0.00000010	0.00000497	-0.00000027	-0.00000023	0.00000135	-0.00000019
17.10000000	-0.00000028	0.00000005	0.00000000	0.00000038	-0.00000004	-0.00000209	0.00000013	0.00000017	-0.00000091	0.00000022	0.00000045	-0.00000008	0.00000000	-0.00000096	0.00000009	0.00000450	-0.00000024	-0.00000021	0.00000120	-0.00000016
17.20000000	-0.00000025	0.00000004	0.00000000	0.00000035	-0.00000004	-0.00000193	0.00000012	0.00000015	-0.00000081	0.00000019	0.00000041	-0.00000007	0.00000000	-0.00000087	0.00000008	0.00000407	-0.00000022	-0.00000019	0.00000106	-0.00000014
17.30000000	-0.00000023	0.00000004	0.00000000	0.00000033	-0.00000004	-0.00000178	0.00000011	0.00000014	-0.00000073	0.00000017	0.00000037	-0.00000006	0.00000000	-0.00000079	0.00000007	0.00000368	-0.00000019	-0.00000016	0.00000093	-0.00000012
17.40000000	-0.00000021	0.00000004	0.00000000	0.00000030	-0.00000003	-0.00000164	0.00000010	0.00000013	-0.00000065	0.00000015	0.00000033	-0.00000006	0.00000000	-0.00000072	0.00000007	0.00000332	-0.00000017	-0.00000015	0.00000083	-0.00000010
17.50000000	-0.00000019	0.00000003	0.00000000	0.00000028	-0.00000003	-0.00000151	0.00000009	0.00000011	-0.00000058	0.00000013	0.00000030	-0.00000005	0.00000000	-0.00000065	0.00000006	0.00000299	-0.00000015	-0.00000013	0.00000073	-0.00000008
17.60000000	-0.00000017	0.00000003	0.00000000	0.00000026	-0.00000003	-0.00000139	0.00000008	0.00000010	-0.00000052	0.00000011	0.00000027	-0.00000005	0.00000000	-0.00000059	0.00000005	0.00000269	-0.00000014	-0.00000011	0.00000064	-0.00000007
17.70000000	-0.00000015	0.00000003	0.00000000	0.00000024	-0.00000002	-0.00000127	0.00000007	0.00000009	-0.00000047	0.00000010	0.00000025	-0.00000004	0.00000000	-0.00000053	0.00000005	0.00000243	-0.00000012	-0.00000010	0.00000056	-0.00000006
17.80000000	-0.00000014	0.00000002	0.00000000	0.00000022	-0.00000002	-0.00000116	0.00000007	0.00000008	-0.00000042	0.00000008	0.00000023	-0.00000004	0.00000000	-0.00000048	0.00000004	0.00000218	-0.00000011	-0.00000009	0.00000050	-0.00000005
17.90000000	-0.00000013	0.00000002	0.00000000	0.00000020	-0.00000002	-0.00000106	0.00000006	0.00000008	-0.00000037	0.00000007	0.00000020	-0.00000003	0.00000000	-0.00000043	0.00000004	0.00000196	-0.00000010	-0.00000008	0.00000044	-0.00000004
18.00000000	-0.00000011	0.00000002	0.00000000	0.00000018	-0.00000002	-0.00000097	0.00000005	0.00000007	-0.00000033	0.00000006	0.00000018	-0.00000003	0.00000000	-0.00000039	0.00000003	0.00000176	-0.00000009	-0.00000007	0.00000038	-0.00000003
18.10000000	-0.00000010	0.00000002	0.00000000	0.00000017	-0.00000002	-0.00000088	0.00000005	0.00000006	-0.00000029	0.00000006	0.00000017	-0.00000003	0.00000000	-0.00000035	0.00000003	0.00000158	-0.00000008	-0.00000006	0.00000034	-0.00000003
18.20000000	-0.00000009	0.00000002	0.00000000	0.00000015	-0.00000002	-0.00000080	0.00000004	0.00000006	-0.00000026	0.00000005	0.00000015	-0.00000002	0.00000000	-0.00000032	0.00000003	0.00000141	-0.00000007	-0.00000005	0.00000029	-0.00000002
18.30000000	-0.00000008	0.00000001	0.00000000	0.00000014	-0.00000001	-0.00000073	0.00000004	0.00000005	-0.00000023	0.00000004	0.00000014	-0.00000002	0.00000000	-0.00000028	0.00000002	0.00000127	-0.00000006	-0.00000005	0.00000026	-0.00000002
18.40000000	-0.00000008	0.00000001	0.00000000	0.00000013	-0.00000001	-0.00000066	0.00000003	0.00000005	-0.00000021	0.00000004	0.00000012	-0.00000002	0.00000000	-0.00000026	0.00000002	0.00000113	-0.00000005	-0.00000004	0.00000023	-0.00000001
18.50000000	-0.00000007	0.00000001	0.00000000	0.00000012	-0.00000001	-0.00000060	0.00000003	0.00000004	-0.00000018	0.00000003	0.00000011	-0.00000002	0.00000000	-0.00000023	0.00000002	0.00000101	-0.00000005	-0.00000004	0.00000020	-0.00000001
18.60000000	-0.00000006	0.00000001	0.00000000	0.00000011	-0.00000001	-0.00000055	0.00000003	0.00000004	-0.00000016	0.00000003	0.00000010	-0.00000002	0.00000000	-0.00000021	0.00000002	0.00000090	-0.00000004	-0.00000003	0.00000017	-0.00000001
18.70000000	-0.00000006	0.00000001	0.00000000	0.00000010	-0.00000001	-0.00000049	0.00000002	0.00000003	-0.00000014	0.00000002	0.00000009	-0.00000001	0.00000000	-0.00000018	0.00000001	0.00000081	-0.00000004	-0.00000003	0.00000015	-0.00000001
18.80000000	-0.00000005	0.00000001	0.00000000	0.00000009	-0.00000001	-0.00000045	0.00000002	0.00000003	-0.00000013	0.00000002	0.00000008	-0.00000001	0.00000000	-0.00000017	0.00000001	0.00000072	-0.00000003	-0.00000002	0.00000013	0.00000000
18.90000000	-0.00000005	0.00000001	0.00000000	0.00000008	-0.00000001	-0.00000040	0.00000002	0.00000003	-0.00000011	0.00000002	0.00000008	-0.00000001	0.00000000	-0.00000015	0.00000001	0.00000064	-0.00000003	-0.00000002	0.00000011	0.00000000
19.00000000	-0.00000004	0.00000001	0.00000000	0.00000007	-0.00000001	-0.00000036	0.00000002	0.00000002	-0.00000010	0.00000001	0.00000007	-0.00000001	0.00000000	-0.00000013	0.00000001	0.00000057	-0.00000002	-0.00000002	0.00000010	0.00000000
19.10000000	-0.00000004	0.00000001	0.00000000	0.00000007	-0.00000001	-0.00000033	0.00000002	0.00000002	-0.00000009	0.00000001	0.00000006	-0.00000001	0.00000000	-0.00000012	0.00000001	0.00000051	-0.00000002	-0.00000001	0.00000009	0.00000000
19.20000000	-0.00000003	0.00000001	0.00000000	0.00000006	-0.00000001	-0.00000030	0.00000001	0.00000002	-0.00000008	0.00000001	0.00000006	-0.00000001	0.00000000	-0.00000011	0.00000001	0.00000045	-0.00000002	-0.00000001	0.00000007	0.00000000
19.30000000	-0.00000003	0.00000000	0.00000000	0.00000006	0.00000000	-0.00000027	0.00000001	0.00000002	-0.00000007	0.00000001	0.00000005	-0.00000001	0.00000000	-0.00000009	0.00000001	0.00000040	-0.00000002	-0.00000001	0.00000006	0.00000000
19.40000000	-0.00000003	0.00000000	0.00000000	0.00000005	0.00000000	-0.00000024	0.00000001	0.00000001	-0.00000006	0.00000001	0.00000005	-0.00000001	0.00000000	-0.00000008	0.00000001	0.00000036	-0.00000001	-0.00000001	0.00000005	0.00000000
19.50000000	-0.00000002	0.00000000	0.00000000	0.00000005	0.00000000	-0.00000022	0.00000001	0.00000001	-0.00000005	0.00000001	0.00000004	-0.00000001	0.00000000	-0.00000007	0.00000001	0.00000032	-0.00000001	-0.00000001	0.00000005	0.00000000
19.60000000	-0.00000002	0.00000000	0.00000000	0.00000004	0.00000000	-0.00000019	0.00000001	0.00000001	-0.00000005	0.00000001	0.00000004	-0.00000001	0.00000000	-0.00000007	0.00000000	0.00000028	-0.00000001	-0.00000001	0.00000004	0.00000000
19.70000000	-0.00000002	0.00000000	0.00000000	0.00000004	0.00000000	-0.00000017	0.00000001	0.00000001	-0.00000004	0.00000000	0.00000003	-0.00000001	0.00000000	-0.00000006	0.00000000	0.00000025	-0.00000001	0.00000000	0.00000003	0.00000000
19.80000000	-0.00000002	0.00000000	0.00000000	0.00000003	0.00000000	-0.00000016	0.00000001	0.00000001	-0.00000004	0.00000000	0.00000003	0.00000000	0.00000000	-0.00000005	0.00000000	0.00000022	-0.00000001	0.00000000	0.00000003	0.00000000
19.90000000	-0.00000002	0.00000000	0.00000000	0.00000003	0.00000000	-0.00000014	0.00000001	0.00000001	-0.00000003	0.00000000	0.00000003	0.00000000	0.00000000	-0.00000005	0.00000000	0.00000020	-0.00000001	0.00000000	0.00000003	0.00000000


