
# H H REPULSION 
# 100
repulsion=
  0.00000000 10.35029899
  0.03141414  8.92428009
  0.06282828  7.68642777
  0.09424242  6.61429645
  0.12565657  5.68776314
  0.15707071  4.88882706
  0.18848485  4.20142295
  0.21989899  3.61124750
  0.25131313  3.10559813
  0.28272727  2.67322351
  0.31414141  2.30418514
  0.34555556  1.98972942
  0.37696970  1.72216962
  0.40838384  1.49477716
  0.43979798  1.30168167
  0.47121212  1.13777933
  0.50262626  0.99864892
  0.53404040  0.88047519
  0.56545455  0.77997896
  0.59686869  0.69435369
  0.62828283  0.62120787
  0.65969697  0.55851303
  0.69111111  0.50455681
  0.72252525  0.45790088
  0.75393939  0.41734323
  0.78535354  0.38188454
  0.81676768  0.35069829
  0.84818182  0.32310440
  0.87959596  0.29854594
  0.91101010  0.27656883
  0.94242424  0.25680406
  0.97383838  0.23895242
  1.00525253  0.22277136
  1.03666667  0.20806371
  1.06808081  0.19466829
  1.09949495  0.18245198
  1.13090909  0.17130319
  1.16232323  0.16112660
  1.19373737  0.15183885
  1.22515152  0.14336530
  1.25656566  0.13563749
  1.28797980  0.12859128
  1.31939394  0.12216558
  1.35080808  0.11630160
  1.38222222  0.11094233
  1.41363636  0.10603250
  1.44505051  0.10151861
  1.47646465  0.09734924
  1.50787879  0.09347538
  1.53929293  0.08985088
  1.57070707  0.08643286
  1.60212121  0.08318218
  1.63353535  0.08006377
  1.66494949  0.07704698
  1.69636364  0.07410577
  1.72777778  0.07121886
  1.75919192  0.06836977
  1.79060606  0.06554667
  1.82202020  0.06274227
  1.85343434  0.05995350
  1.88484848  0.05718111
  1.91626263  0.05442920
  1.94767677  0.05170475
  1.97909091  0.04901693
  2.01050505  0.04637656
  2.04191919  0.04379540
  2.07333333  0.04128552
  2.10474747  0.03885864
  2.13616162  0.03652557
  2.16757576  0.03429560
  2.19898990  0.03217606
  2.23040404  0.03017187
  2.26181818  0.02828531
  2.29323232  0.02651576
  2.32464646  0.02485968
  2.35606061  0.02331067
  2.38747475  0.02185962
  2.41888889  0.02049510
  2.45030303  0.01920379
  2.48171717  0.01797105
  2.51313131  0.01678163
  2.54454545  0.01562044
  2.57595960  0.01447339
  2.60737374  0.01332831
  2.63878788  0.01217578
  2.67020202  0.01101003
  2.70161616  0.00982969
  2.73303030  0.00863836
  2.76444444  0.00744506
  2.79585859  0.00626430
  2.82727273  0.00511584
  2.85868687  0.00402397
  2.89010101  0.00301624
  2.92151515  0.00212149
  2.95292929  0.00136709
  2.98434343  0.00077533
  3.01575758  0.00035862
  3.04717172  0.00011355
  3.07858586  0.00001357
  3.11000000  0.00000000


#  H H Slater-Koster table 480
H_H_table=
4.00000000E-01  0 0 0 0 0 0 0 0 0   -7.30383373E-01 0 0 0 0 0 0 0 0 0   9.35879869E-01                              
4.20000000E-01  0 0 0 0 0 0 0 0 0   -7.23135441E-01 0 0 0 0 0 0 0 0 0   9.29622481E-01                              
4.40000000E-01  0 0 0 0 0 0 0 0 0   -7.15770272E-01 0 0 0 0 0 0 0 0 0   9.23118041E-01                              
4.60000000E-01  0 0 0 0 0 0 0 0 0   -7.08304938E-01 0 0 0 0 0 0 0 0 0   9.16373770E-01                              
4.80000000E-01  0 0 0 0 0 0 0 0 0   -7.00751461E-01 0 0 0 0 0 0 0 0 0   9.09397030E-01                              
5.00000000E-01  0 0 0 0 0 0 0 0 0   -6.93122452E-01 0 0 0 0 0 0 0 0 0   9.02195318E-01                              
5.20000000E-01  0 0 0 0 0 0 0 0 0   -6.85429512E-01 0 0 0 0 0 0 0 0 0   8.94776242E-01                              
5.40000000E-01  0 0 0 0 0 0 0 0 0   -6.77683728E-01 0 0 0 0 0 0 0 0 0   8.87147516E-01                              
5.60000000E-01  0 0 0 0 0 0 0 0 0   -6.69894997E-01 0 0 0 0 0 0 0 0 0   8.79316939E-01                              
5.80000000E-01  0 0 0 0 0 0 0 0 0   -6.62072889E-01 0 0 0 0 0 0 0 0 0   8.71292382E-01                              
6.00000000E-01  0 0 0 0 0 0 0 0 0   -6.54226185E-01 0 0 0 0 0 0 0 0 0   8.63081781E-01                              
6.20000000E-01  0 0 0 0 0 0 0 0 0   -6.46363125E-01 0 0 0 0 0 0 0 0 0   8.54693116E-01                              
6.40000000E-01  0 0 0 0 0 0 0 0 0   -6.38491172E-01 0 0 0 0 0 0 0 0 0   8.46134402E-01                              
6.60000000E-01  0 0 0 0 0 0 0 0 0   -6.30617113E-01 0 0 0 0 0 0 0 0 0   8.37413680E-01                              
6.80000000E-01  0 0 0 0 0 0 0 0 0   -6.22747847E-01 0 0 0 0 0 0 0 0 0   8.28538997E-01                              
7.00000000E-01  0 0 0 0 0 0 0 0 0   -6.14889117E-01 0 0 0 0 0 0 0 0 0   8.19518403E-01                              
7.20000000E-01  0 0 0 0 0 0 0 0 0   -6.07046416E-01 0 0 0 0 0 0 0 0 0   8.10359936E-01                              
7.40000000E-01  0 0 0 0 0 0 0 0 0   -5.99224757E-01 0 0 0 0 0 0 0 0 0   8.01071610E-01                              
7.60000000E-01  0 0 0 0 0 0 0 0 0   -5.91428784E-01 0 0 0 0 0 0 0 0 0   7.91661409E-01                              
7.80000000E-01  0 0 0 0 0 0 0 0 0   -5.83662771E-01 0 0 0 0 0 0 0 0 0   7.82137272E-01                              
8.00000000E-01  0 0 0 0 0 0 0 0 0   -5.75930523E-01 0 0 0 0 0 0 0 0 0   7.72507088E-01                              
8.20000000E-01  0 0 0 0 0 0 0 0 0   -5.68235604E-01 0 0 0 0 0 0 0 0 0   7.62778684E-01                              
8.40000000E-01  0 0 0 0 0 0 0 0 0   -5.60581219E-01 0 0 0 0 0 0 0 0 0   7.52959818E-01                              
8.60000000E-01  0 0 0 0 0 0 0 0 0   -5.52969909E-01 0 0 0 0 0 0 0 0 0   7.43058169E-01                              
8.80000000E-01  0 0 0 0 0 0 0 0 0   -5.45404988E-01 0 0 0 0 0 0 0 0 0   7.33081334E-01                              
9.00000000E-01  0 0 0 0 0 0 0 0 0   -5.37888526E-01 0 0 0 0 0 0 0 0 0   7.23036812E-01                              
9.20000000E-01  0 0 0 0 0 0 0 0 0   -5.30422594E-01 0 0 0 0 0 0 0 0 0   7.12932005E-01                              
9.40000000E-01  0 0 0 0 0 0 0 0 0   -5.23009217E-01 0 0 0 0 0 0 0 0 0   7.02774206E-01                              
9.60000000E-01  0 0 0 0 0 0 0 0 0   -5.15650055E-01 0 0 0 0 0 0 0 0 0   6.92570597E-01                              
9.80000000E-01  0 0 0 0 0 0 0 0 0   -5.08346651E-01 0 0 0 0 0 0 0 0 0   6.82328239E-01                              
1.00000000E+00  0 0 0 0 0 0 0 0 0   -5.01100270E-01 0 0 0 0 0 0 0 0 0   6.72054071E-01                              
1.02000000E+00  0 0 0 0 0 0 0 0 0   -4.93912178E-01 0 0 0 0 0 0 0 0 0   6.61754899E-01                              
1.04000000E+00  0 0 0 0 0 0 0 0 0   -4.86783335E-01 0 0 0 0 0 0 0 0 0   6.51437396E-01                              
1.06000000E+00  0 0 0 0 0 0 0 0 0   -4.79714652E-01 0 0 0 0 0 0 0 0 0   6.41108098E-01                              
1.08000000E+00  0 0 0 0 0 0 0 0 0   -4.72706875E-01 0 0 0 0 0 0 0 0 0   6.30773395E-01                              
1.10000000E+00  0 0 0 0 0 0 0 0 0   -4.65760621E-01 0 0 0 0 0 0 0 0 0   6.20439532E-01                              
1.12000000E+00  0 0 0 0 0 0 0 0 0   -4.58876426E-01 0 0 0 0 0 0 0 0 0   6.10112604E-01                              
1.14000000E+00  0 0 0 0 0 0 0 0 0   -4.52054748E-01 0 0 0 0 0 0 0 0 0   5.99798554E-01                              
1.16000000E+00  0 0 0 0 0 0 0 0 0   -4.45295879E-01 0 0 0 0 0 0 0 0 0   5.89503167E-01                              
1.18000000E+00  0 0 0 0 0 0 0 0 0   -4.38600088E-01 0 0 0 0 0 0 0 0 0   5.79232072E-01                              
1.20000000E+00  0 0 0 0 0 0 0 0 0   -4.31967545E-01 0 0 0 0 0 0 0 0 0   5.68990736E-01                              
1.22000000E+00  0 0 0 0 0 0 0 0 0   -4.25398345E-01 0 0 0 0 0 0 0 0 0   5.58784467E-01                              
1.24000000E+00  0 0 0 0 0 0 0 0 0   -4.18892580E-01 0 0 0 0 0 0 0 0 0   5.48618407E-01                              
1.26000000E+00  0 0 0 0 0 0 0 0 0   -4.12450179E-01 0 0 0 0 0 0 0 0 0   5.38497535E-01                              
1.28000000E+00  0 0 0 0 0 0 0 0 0   -4.06071103E-01 0 0 0 0 0 0 0 0 0   5.28426664E-01                              
1.30000000E+00  0 0 0 0 0 0 0 0 0   -3.99755276E-01 0 0 0 0 0 0 0 0 0   5.18410441E-01                              
1.32000000E+00  0 0 0 0 0 0 0 0 0   -3.93502505E-01 0 0 0 0 0 0 0 0 0   5.08453347E-01                              
1.34000000E+00  0 0 0 0 0 0 0 0 0   -3.87312644E-01 0 0 0 0 0 0 0 0 0   4.98559695E-01                              
1.36000000E+00  0 0 0 0 0 0 0 0 0   -3.81185469E-01 0 0 0 0 0 0 0 0 0   4.88733635E-01                              
1.38000000E+00  0 0 0 0 0 0 0 0 0   -3.75120717E-01 0 0 0 0 0 0 0 0 0   4.78979146E-01                              
1.40000000E+00  0 0 0 0 0 0 0 0 0   -3.69118171E-01 0 0 0 0 0 0 0 0 0   4.69300046E-01                              
1.42000000E+00  0 0 0 0 0 0 0 0 0   -3.63177521E-01 0 0 0 0 0 0 0 0 0   4.59699985E-01                              
1.44000000E+00  0 0 0 0 0 0 0 0 0   -3.57298480E-01 0 0 0 0 0 0 0 0 0   4.50182450E-01                              
1.46000000E+00  0 0 0 0 0 0 0 0 0   -3.51480719E-01 0 0 0 0 0 0 0 0 0   4.40750766E-01                              
1.48000000E+00  0 0 0 0 0 0 0 0 0   -3.45723941E-01 0 0 0 0 0 0 0 0 0   4.31408096E-01                              
1.50000000E+00  0 0 0 0 0 0 0 0 0   -3.40027796E-01 0 0 0 0 0 0 0 0 0   4.22157443E-01                              
1.52000000E+00  0 0 0 0 0 0 0 0 0   -3.34391962E-01 0 0 0 0 0 0 0 0 0   4.13001653E-01                              
1.54000000E+00  0 0 0 0 0 0 0 0 0   -3.28816081E-01 0 0 0 0 0 0 0 0 0   4.03943412E-01                              
1.56000000E+00  0 0 0 0 0 0 0 0 0   -3.23299832E-01 0 0 0 0 0 0 0 0 0   3.94985256E-01                              
1.58000000E+00  0 0 0 0 0 0 0 0 0   -3.17842850E-01 0 0 0 0 0 0 0 0 0   3.86129565E-01                              
1.60000000E+00  0 0 0 0 0 0 0 0 0   -3.12444804E-01 0 0 0 0 0 0 0 0 0   3.77378572E-01                              
1.62000000E+00  0 0 0 0 0 0 0 0 0   -3.07105350E-01 0 0 0 0 0 0 0 0 0   3.68734359E-01                              
1.64000000E+00  0 0 0 0 0 0 0 0 0   -3.01824142E-01 0 0 0 0 0 0 0 0 0   3.60198864E-01                              
1.66000000E+00  0 0 0 0 0 0 0 0 0   -2.96600857E-01 0 0 0 0 0 0 0 0 0   3.51773882E-01                              
1.68000000E+00  0 0 0 0 0 0 0 0 0   -2.91435162E-01 0 0 0 0 0 0 0 0 0   3.43461069E-01                              
1.70000000E+00  0 0 0 0 0 0 0 0 0   -2.86326744E-01 0 0 0 0 0 0 0 0 0   3.35261942E-01                              
1.72000000E+00  0 0 0 0 0 0 0 0 0   -2.81275263E-01 0 0 0 0 0 0 0 0 0   3.27177884E-01                              
1.74000000E+00  0 0 0 0 0 0 0 0 0   -2.76280426E-01 0 0 0 0 0 0 0 0 0   3.19210145E-01                              
1.76000000E+00  0 0 0 0 0 0 0 0 0   -2.71341932E-01 0 0 0 0 0 0 0 0 0   3.11359848E-01                              
1.78000000E+00  0 0 0 0 0 0 0 0 0   -2.66459482E-01 0 0 0 0 0 0 0 0 0   3.03627988E-01                              
1.80000000E+00  0 0 0 0 0 0 0 0 0   -2.61632785E-01 0 0 0 0 0 0 0 0 0   2.96015440E-01                              
1.82000000E+00  0 0 0 0 0 0 0 0 0   -2.56861551E-01 0 0 0 0 0 0 0 0 0   2.88522957E-01                              
1.84000000E+00  0 0 0 0 0 0 0 0 0   -2.52145538E-01 0 0 0 0 0 0 0 0 0   2.81151176E-01                              
1.86000000E+00  0 0 0 0 0 0 0 0 0   -2.47484464E-01 0 0 0 0 0 0 0 0 0   2.73900621E-01                              
1.88000000E+00  0 0 0 0 0 0 0 0 0   -2.42878076E-01 0 0 0 0 0 0 0 0 0   2.66771706E-01                              
1.90000000E+00  0 0 0 0 0 0 0 0 0   -2.38326125E-01 0 0 0 0 0 0 0 0 0   2.59764737E-01                              
1.92000000E+00  0 0 0 0 0 0 0 0 0   -2.33828368E-01 0 0 0 0 0 0 0 0 0   2.52879917E-01                              
1.94000000E+00  0 0 0 0 0 0 0 0 0   -2.29384567E-01 0 0 0 0 0 0 0 0 0   2.46117349E-01                              
1.96000000E+00  0 0 0 0 0 0 0 0 0   -2.24994499E-01 0 0 0 0 0 0 0 0 0   2.39477038E-01                              
1.98000000E+00  0 0 0 0 0 0 0 0 0   -2.20657939E-01 0 0 0 0 0 0 0 0 0   2.32958894E-01                              
2.00000000E+00  0 0 0 0 0 0 0 0 0   -2.16374677E-01 0 0 0 0 0 0 0 0 0   2.26562739E-01                              
2.02000000E+00  0 0 0 0 0 0 0 0 0   -2.12144492E-01 0 0 0 0 0 0 0 0 0   2.20288306E-01                              
2.04000000E+00  0 0 0 0 0 0 0 0 0   -2.07967183E-01 0 0 0 0 0 0 0 0 0   2.14135241E-01                              
2.06000000E+00  0 0 0 0 0 0 0 0 0   -2.03842546E-01 0 0 0 0 0 0 0 0 0   2.08103114E-01                              
2.08000000E+00  0 0 0 0 0 0 0 0 0   -1.99770388E-01 0 0 0 0 0 0 0 0 0   2.02191413E-01                              
2.10000000E+00  0 0 0 0 0 0 0 0 0   -1.95750507E-01 0 0 0 0 0 0 0 0 0   1.96399554E-01                              
2.12000000E+00  0 0 0 0 0 0 0 0 0   -1.91782747E-01 0 0 0 0 0 0 0 0 0   1.90726879E-01                              
2.14000000E+00  0 0 0 0 0 0 0 0 0   -1.87866856E-01 0 0 0 0 0 0 0 0 0   1.85172662E-01                              
2.16000000E+00  0 0 0 0 0 0 0 0 0   -1.84002682E-01 0 0 0 0 0 0 0 0 0   1.79736113E-01                              
2.18000000E+00  0 0 0 0 0 0 0 0 0   -1.80190030E-01 0 0 0 0 0 0 0 0 0   1.74416379E-01                              
2.20000000E+00  0 0 0 0 0 0 0 0 0   -1.76428717E-01 0 0 0 0 0 0 0 0 0   1.69212545E-01                              
2.22000000E+00  0 0 0 0 0 0 0 0 0   -1.72718559E-01 0 0 0 0 0 0 0 0 0   1.64123644E-01                              
2.24000000E+00  0 0 0 0 0 0 0 0 0   -1.69059368E-01 0 0 0 0 0 0 0 0 0   1.59148651E-01                              
2.26000000E+00  0 0 0 0 0 0 0 0 0   -1.65450957E-01 0 0 0 0 0 0 0 0 0   1.54286493E-01                              
2.28000000E+00  0 0 0 0 0 0 0 0 0   -1.61893140E-01 0 0 0 0 0 0 0 0 0   1.49536048E-01                              
2.30000000E+00  0 0 0 0 0 0 0 0 0   -1.58385726E-01 0 0 0 0 0 0 0 0 0   1.44896148E-01                              
2.32000000E+00  0 0 0 0 0 0 0 0 0   -1.54928513E-01 0 0 0 0 0 0 0 0 0   1.40365585E-01                              
2.34000000E+00  0 0 0 0 0 0 0 0 0   -1.51521321E-01 0 0 0 0 0 0 0 0 0   1.35943108E-01                              
2.36000000E+00  0 0 0 0 0 0 0 0 0   -1.48163942E-01 0 0 0 0 0 0 0 0 0   1.31627431E-01                              
2.38000000E+00  0 0 0 0 0 0 0 0 0   -1.44856173E-01 0 0 0 0 0 0 0 0 0   1.27417233E-01                              
2.40000000E+00  0 0 0 0 0 0 0 0 0   -1.41597809E-01 0 0 0 0 0 0 0 0 0   1.23311159E-01                              
2.42000000E+00  0 0 0 0 0 0 0 0 0   -1.38388643E-01 0 0 0 0 0 0 0 0 0   1.19307826E-01                              
2.44000000E+00  0 0 0 0 0 0 0 0 0   -1.35228451E-01 0 0 0 0 0 0 0 0 0   1.15405823E-01                              
2.46000000E+00  0 0 0 0 0 0 0 0 0   -1.32117017E-01 0 0 0 0 0 0 0 0 0   1.11603714E-01                              
2.48000000E+00  0 0 0 0 0 0 0 0 0   -1.29054109E-01 0 0 0 0 0 0 0 0 0   1.07900039E-01                              
2.50000000E+00  0 0 0 0 0 0 0 0 0   -1.26039502E-01 0 0 0 0 0 0 0 0 0   1.04293318E-01                              
2.52000000E+00  0 0 0 0 0 0 0 0 0   -1.23072952E-01 0 0 0 0 0 0 0 0 0   1.00782054E-01                              
2.54000000E+00  0 0 0 0 0 0 0 0 0   -1.20154216E-01 0 0 0 0 0 0 0 0 0   9.73647302E-02                              
2.56000000E+00  0 0 0 0 0 0 0 0 0   -1.17283038E-01 0 0 0 0 0 0 0 0 0   9.40398181E-02                              
2.58000000E+00  0 0 0 0 0 0 0 0 0   -1.14459167E-01 0 0 0 0 0 0 0 0 0   9.08057751E-02                              
2.60000000E+00  0 0 0 0 0 0 0 0 0   -1.11682331E-01 0 0 0 0 0 0 0 0 0   8.76610484E-02                              
2.62000000E+00  0 0 0 0 0 0 0 0 0   -1.08952260E-01 0 0 0 0 0 0 0 0 0   8.46040760E-02                              
2.64000000E+00  0 0 0 0 0 0 0 0 0   -1.06268672E-01 0 0 0 0 0 0 0 0 0   8.16332890E-02                              
2.66000000E+00  0 0 0 0 0 0 0 0 0   -1.03631283E-01 0 0 0 0 0 0 0 0 0   7.87471129E-02                              
2.68000000E+00  0 0 0 0 0 0 0 0 0   -1.01039796E-01 0 0 0 0 0 0 0 0 0   7.59439695E-02                              
2.70000000E+00  0 0 0 0 0 0 0 0 0   -9.84939092E-02 0 0 0 0 0 0 0 0 0   7.32222782E-02                              
2.72000000E+00  0 0 0 0 0 0 0 0 0   -9.59933104E-02 0 0 0 0 0 0 0 0 0   7.05804579E-02                              
2.74000000E+00  0 0 0 0 0 0 0 0 0   -9.35376862E-02 0 0 0 0 0 0 0 0 0   6.80169281E-02                              
2.76000000E+00  0 0 0 0 0 0 0 0 0   -9.11267071E-02 0 0 0 0 0 0 0 0 0   6.55301103E-02                              
2.78000000E+00  0 0 0 0 0 0 0 0 0   -8.87600431E-02 0 0 0 0 0 0 0 0 0   6.31184298E-02                              
2.80000000E+00  0 0 0 0 0 0 0 0 0   -8.64373501E-02 0 0 0 0 0 0 0 0 0   6.07803164E-02                              
2.82000000E+00  0 0 0 0 0 0 0 0 0   -8.41582859E-02 0 0 0 0 0 0 0 0 0   5.85142060E-02                              
2.84000000E+00  0 0 0 0 0 0 0 0 0   -8.19224885E-02 0 0 0 0 0 0 0 0 0   5.63185418E-02                              
2.86000000E+00  0 0 0 0 0 0 0 0 0   -7.97296000E-02 0 0 0 0 0 0 0 0 0   5.41917751E-02                              
2.88000000E+00  0 0 0 0 0 0 0 0 0   -7.75792466E-02 0 0 0 0 0 0 0 0 0   5.21323666E-02                              
2.90000000E+00  0 0 0 0 0 0 0 0 0   -7.54710523E-02 0 0 0 0 0 0 0 0 0   5.01387876E-02                              
2.92000000E+00  0 0 0 0 0 0 0 0 0   -7.34046313E-02 0 0 0 0 0 0 0 0 0   4.82095204E-02                              
2.94000000E+00  0 0 0 0 0 0 0 0 0   -7.13795951E-02 0 0 0 0 0 0 0 0 0   4.63430598E-02                              
2.96000000E+00  0 0 0 0 0 0 0 0 0   -6.93955419E-02 0 0 0 0 0 0 0 0 0   4.45379136E-02                              
2.98000000E+00  0 0 0 0 0 0 0 0 0   -6.74520677E-02 0 0 0 0 0 0 0 0 0   4.27926037E-02                              
3.00000000E+00  0 0 0 0 0 0 0 0 0   -6.55487630E-02 0 0 0 0 0 0 0 0 0   4.11056666E-02                              
3.02000000E+00  0 0 0 0 0 0 0 0 0   -6.36852082E-02 0 0 0 0 0 0 0 0 0   3.94756542E-02                              
3.04000000E+00  0 0 0 0 0 0 0 0 0   -6.18609826E-02 0 0 0 0 0 0 0 0 0   3.79011346E-02                              
3.06000000E+00  0 0 0 0 0 0 0 0 0   -6.00756532E-02 0 0 0 0 0 0 0 0 0   3.63806926E-02                              
3.08000000E+00  0 0 0 0 0 0 0 0 0   -5.83287868E-02 0 0 0 0 0 0 0 0 0   3.49129302E-02                              
3.10000000E+00  0 0 0 0 0 0 0 0 0   -5.66199450E-02 0 0 0 0 0 0 0 0 0   3.34964675E-02                              
3.12000000E+00  0 0 0 0 0 0 0 0 0   -5.49486814E-02 0 0 0 0 0 0 0 0 0   3.21299429E-02                              
3.14000000E+00  0 0 0 0 0 0 0 0 0   -5.33145429E-02 0 0 0 0 0 0 0 0 0   3.08120137E-02                              
3.16000000E+00  0 0 0 0 0 0 0 0 0   -5.17170777E-02 0 0 0 0 0 0 0 0 0   2.95413563E-02                              
3.18000000E+00  0 0 0 0 0 0 0 0 0   -5.01558283E-02 0 0 0 0 0 0 0 0 0   2.83166669E-02                              
3.20000000E+00  0 0 0 0 0 0 0 0 0   -4.86303274E-02 0 0 0 0 0 0 0 0 0   2.71366619E-02                              
3.22000000E+00  0 0 0 0 0 0 0 0 0   -4.71401118E-02 0 0 0 0 0 0 0 0 0   2.60000777E-02                              
3.24000000E+00  0 0 0 0 0 0 0 0 0   -4.56847077E-02 0 0 0 0 0 0 0 0 0   2.49056716E-02                              
3.26000000E+00  0 0 0 0 0 0 0 0 0   -4.42636424E-02 0 0 0 0 0 0 0 0 0   2.38522216E-02                              
3.28000000E+00  0 0 0 0 0 0 0 0 0   -4.28764395E-02 0 0 0 0 0 0 0 0 0   2.28385270E-02                              
3.30000000E+00  0 0 0 0 0 0 0 0 0   -4.15226192E-02 0 0 0 0 0 0 0 0 0   2.18634084E-02                              
3.32000000E+00  0 0 0 0 0 0 0 0 0   -4.02016995E-02 0 0 0 0 0 0 0 0 0   2.09257075E-02                              
3.34000000E+00  0 0 0 0 0 0 0 0 0   -3.89131969E-02 0 0 0 0 0 0 0 0 0   2.00242881E-02                              
3.36000000E+00  0 0 0 0 0 0 0 0 0   -3.76566243E-02 0 0 0 0 0 0 0 0 0   1.91580353E-02                              
3.38000000E+00  0 0 0 0 0 0 0 0 0   -3.64314925E-02 0 0 0 0 0 0 0 0 0   1.83258563E-02                              
3.40000000E+00  0 0 0 0 0 0 0 0 0   -3.52373189E-02 0 0 0 0 0 0 0 0 0   1.75266797E-02                              
3.42000000E+00  0 0 0 0 0 0 0 0 0   -3.40736043E-02 0 0 0 0 0 0 0 0 0   1.67594564E-02                              
3.44000000E+00  0 0 0 0 0 0 0 0 0   -3.29398650E-02 0 0 0 0 0 0 0 0 0   1.60231590E-02                              
3.46000000E+00  0 0 0 0 0 0 0 0 0   -3.18356052E-02 0 0 0 0 0 0 0 0 0   1.53167817E-02                              
3.48000000E+00  0 0 0 0 0 0 0 0 0   -3.07603357E-02 0 0 0 0 0 0 0 0 0   1.46393409E-02                              
3.50000000E+00  0 0 0 0 0 0 0 0 0   -2.97135641E-02 0 0 0 0 0 0 0 0 0   1.39898745E-02                              
3.52000000E+00  0 0 0 0 0 0 0 0 0   -2.86947980E-02 0 0 0 0 0 0 0 0 0   1.33674422E-02                              
3.54000000E+00  0 0 0 0 0 0 0 0 0   -2.77035479E-02 0 0 0 0 0 0 0 0 0   1.27711251E-02                              
3.56000000E+00  0 0 0 0 0 0 0 0 0   -2.67393239E-02 0 0 0 0 0 0 0 0 0   1.22000259E-02                              
3.58000000E+00  0 0 0 0 0 0 0 0 0   -2.58016376E-02 0 0 0 0 0 0 0 0 0   1.16532686E-02                              
3.60000000E+00  0 0 0 0 0 0 0 0 0   -2.48899997E-02 0 0 0 0 0 0 0 0 0   1.11299983E-02                              
3.62000000E+00  0 0 0 0 0 0 0 0 0   -2.40039226E-02 0 0 0 0 0 0 0 0 0   1.06293812E-02                              
3.64000000E+00  0 0 0 0 0 0 0 0 0   -2.31429262E-02 0 0 0 0 0 0 0 0 0   1.01506044E-02                              
3.66000000E+00  0 0 0 0 0 0 0 0 0   -2.23065244E-02 0 0 0 0 0 0 0 0 0   9.69287554E-03                              
3.68000000E+00  0 0 0 0 0 0 0 0 0   -2.14942401E-02 0 0 0 0 0 0 0 0 0   9.25542267E-03                              
3.70000000E+00  0 0 0 0 0 0 0 0 0   -2.07055925E-02 0 0 0 0 0 0 0 0 0   8.83749418E-03                              
3.72000000E+00  0 0 0 0 0 0 0 0 0   -1.99401094E-02 0 0 0 0 0 0 0 0 0   8.43835842E-03                              
3.74000000E+00  0 0 0 0 0 0 0 0 0   -1.91973162E-02 0 0 0 0 0 0 0 0 0   8.05730354E-03                              
3.76000000E+00  0 0 0 0 0 0 0 0 0   -1.84767443E-02 0 0 0 0 0 0 0 0 0   7.69363718E-03                              
3.78000000E+00  0 0 0 0 0 0 0 0 0   -1.77779285E-02 0 0 0 0 0 0 0 0 0   7.34668631E-03                              
3.80000000E+00  0 0 0 0 0 0 0 0 0   -1.71004058E-02 0 0 0 0 0 0 0 0 0   7.01579687E-03                              
3.82000000E+00  0 0 0 0 0 0 0 0 0   -1.64437172E-02 0 0 0 0 0 0 0 0 0   6.70033357E-03                              
3.84000000E+00  0 0 0 0 0 0 0 0 0   -1.58074067E-02 0 0 0 0 0 0 0 0 0   6.39967958E-03                              
3.86000000E+00  0 0 0 0 0 0 0 0 0   -1.51910243E-02 0 0 0 0 0 0 0 0 0   6.11323625E-03                              
3.88000000E+00  0 0 0 0 0 0 0 0 0   -1.45941243E-02 0 0 0 0 0 0 0 0 0   5.84042286E-03                              
3.90000000E+00  0 0 0 0 0 0 0 0 0   -1.40162631E-02 0 0 0 0 0 0 0 0 0   5.58067625E-03                              
3.92000000E+00  0 0 0 0 0 0 0 0 0   -1.34570010E-02 0 0 0 0 0 0 0 0 0   5.33345061E-03                              
3.94000000E+00  0 0 0 0 0 0 0 0 0   -1.29159047E-02 0 0 0 0 0 0 0 0 0   5.09821710E-03                              
3.96000000E+00  0 0 0 0 0 0 0 0 0   -1.23925456E-02 0 0 0 0 0 0 0 0 0   4.87446362E-03                              
3.98000000E+00  0 0 0 0 0 0 0 0 0   -1.18865007E-02 0 0 0 0 0 0 0 0 0   4.66169442E-03                              
4.00000000E+00  0 0 0 0 0 0 0 0 0   -1.13973486E-02 0 0 0 0 0 0 0 0 0   4.45942986E-03                              
4.02000000E+00  0 0 0 0 0 0 0 0 0   -1.09246762E-02 0 0 0 0 0 0 0 0 0   4.26720606E-03                              
4.04000000E+00  0 0 0 0 0 0 0 0 0   -1.04680741E-02 0 0 0 0 0 0 0 0 0   4.08457458E-03                              
4.06000000E+00  0 0 0 0 0 0 0 0 0   -1.00271382E-02 0 0 0 0 0 0 0 0 0   3.91110214E-03                              
4.08000000E+00  0 0 0 0 0 0 0 0 0   -9.60147138E-03 0 0 0 0 0 0 0 0 0   3.74637025E-03                              
4.10000000E+00  0 0 0 0 0 0 0 0 0   -9.19067915E-03 0 0 0 0 0 0 0 0 0   3.58997495E-03                              
4.12000000E+00  0 0 0 0 0 0 0 0 0   -8.79437492E-03 0 0 0 0 0 0 0 0 0   3.44152645E-03                              
4.14000000E+00  0 0 0 0 0 0 0 0 0   -8.41217611E-03 0 0 0 0 0 0 0 0 0   3.30064883E-03                              
4.16000000E+00  0 0 0 0 0 0 0 0 0   -8.04370755E-03 0 0 0 0 0 0 0 0 0   3.16697971E-03                              
4.18000000E+00  0 0 0 0 0 0 0 0 0   -7.68859725E-03 0 0 0 0 0 0 0 0 0   3.04016996E-03                              
4.20000000E+00  0 0 0 0 0 0 0 0 0   -7.34648289E-03 0 0 0 0 0 0 0 0 0   2.91988336E-03                              
4.22000000E+00  0 0 0 0 0 0 0 0 0   -7.01700256E-03 0 0 0 0 0 0 0 0 0   2.80579629E-03                              
4.24000000E+00  0 0 0 0 0 0 0 0 0   -6.69980490E-03 0 0 0 0 0 0 0 0 0   2.69759744E-03                              
4.26000000E+00  0 0 0 0 0 0 0 0 0   -6.39454300E-03 0 0 0 0 0 0 0 0 0   2.59498748E-03                              
4.28000000E+00  0 0 0 0 0 0 0 0 0   -6.10087566E-03 0 0 0 0 0 0 0 0 0   2.49767875E-03                              
4.30000000E+00  0 0 0 0 0 0 0 0 0   -5.81846617E-03 0 0 0 0 0 0 0 0 0   2.40539497E-03                              
4.32000000E+00  0 0 0 0 0 0 0 0 0   -5.54698677E-03 0 0 0 0 0 0 0 0 0   2.31787093E-03                              
4.34000000E+00  0 0 0 0 0 0 0 0 0   -5.28611454E-03 0 0 0 0 0 0 0 0 0   2.23485218E-03                              
4.36000000E+00  0 0 0 0 0 0 0 0 0   -5.03553110E-03 0 0 0 0 0 0 0 0 0   2.15609478E-03                              
4.38000000E+00  0 0 0 0 0 0 0 0 0   -4.79492581E-03 0 0 0 0 0 0 0 0 0   2.08136493E-03                              
4.40000000E+00  0 0 0 0 0 0 0 0 0   -4.56399357E-03 0 0 0 0 0 0 0 0 0   2.01043877E-03                              
4.42000000E+00  0 0 0 0 0 0 0 0 0   -4.34243507E-03 0 0 0 0 0 0 0 0 0   1.94310200E-03                              
4.44000000E+00  0 0 0 0 0 0 0 0 0   -4.12995718E-03 0 0 0 0 0 0 0 0 0   1.87914968E-03                              
4.46000000E+00  0 0 0 0 0 0 0 0 0   -3.92627295E-03 0 0 0 0 0 0 0 0 0   1.81838592E-03                              
4.48000000E+00  0 0 0 0 0 0 0 0 0   -3.73110143E-03 0 0 0 0 0 0 0 0 0   1.76062358E-03                              
4.50000000E+00  0 0 0 0 0 0 0 0 0   -3.54416638E-03 0 0 0 0 0 0 0 0 0   1.70568406E-03                              
4.52000000E+00  0 0 0 0 0 0 0 0 0   -3.36519956E-03 0 0 0 0 0 0 0 0 0   1.65339695E-03                              
4.54000000E+00  0 0 0 0 0 0 0 0 0   -3.19393737E-03 0 0 0 0 0 0 0 0 0   1.60359987E-03                              
4.56000000E+00  0 0 0 0 0 0 0 0 0   -3.03012208E-03 0 0 0 0 0 0 0 0 0   1.55613813E-03                              
4.58000000E+00  0 0 0 0 0 0 0 0 0   -2.87350162E-03 0 0 0 0 0 0 0 0 0   1.51086452E-03                              
4.60000000E+00  0 0 0 0 0 0 0 0 0   -2.72383052E-03 0 0 0 0 0 0 0 0 0   1.46763904E-03                              
4.62000000E+00  0 0 0 0 0 0 0 0 0   -2.58086866E-03 0 0 0 0 0 0 0 0 0   1.42632867E-03                              
4.64000000E+00  0 0 0 0 0 0 0 0 0   -2.44438202E-03 0 0 0 0 0 0 0 0 0   1.38680714E-03                              
4.66000000E+00  0 0 0 0 0 0 0 0 0   -2.31414079E-03 0 0 0 0 0 0 0 0 0   1.34895467E-03                              
4.68000000E+00  0 0 0 0 0 0 0 0 0   -2.18992278E-03 0 0 0 0 0 0 0 0 0   1.31265777E-03                              
4.70000000E+00  0 0 0 0 0 0 0 0 0   -2.07150945E-03 0 0 0 0 0 0 0 0 0   1.27780897E-03                              
4.72000000E+00  0 0 0 0 0 0 0 0 0   -1.95868927E-03 0 0 0 0 0 0 0 0 0   1.24430667E-03                              
4.74000000E+00  0 0 0 0 0 0 0 0 0   -1.85125546E-03 0 0 0 0 0 0 0 0 0   1.21205485E-03                              
4.76000000E+00  0 0 0 0 0 0 0 0 0   -1.74900657E-03 0 0 0 0 0 0 0 0 0   1.18096291E-03                              
4.78000000E+00  0 0 0 0 0 0 0 0 0   -1.65174650E-03 0 0 0 0 0 0 0 0 0   1.15094545E-03                              
4.80000000E+00  0 0 0 0 0 0 0 0 0   -1.55928418E-03 0 0 0 0 0 0 0 0 0   1.12192206E-03                              
4.82000000E+00  0 0 0 0 0 0 0 0 0   -1.47143517E-03 0 0 0 0 0 0 0 0 0   1.09381714E-03                              
4.84000000E+00  0 0 0 0 0 0 0 0 0   -1.38801709E-03 0 0 0 0 0 0 0 0 0   1.06655970E-03                              
4.86000000E+00  0 0 0 0 0 0 0 0 0   -1.30885586E-03 0 0 0 0 0 0 0 0 0   1.04008317E-03                              
4.88000000E+00  0 0 0 0 0 0 0 0 0   -1.23378095E-03 0 0 0 0 0 0 0 0 0   1.01432521E-03                              
4.90000000E+00  0 0 0 0 0 0 0 0 0   -1.16262605E-03 0 0 0 0 0 0 0 0 0   9.89227576E-04                              
4.92000000E+00  0 0 0 0 0 0 0 0 0   -1.09523055E-03 0 0 0 0 0 0 0 0 0   9.64735882E-04                              
4.94000000E+00  0 0 0 0 0 0 0 0 0   -1.03143806E-03 0 0 0 0 0 0 0 0 0   9.40799486E-04                              
4.96000000E+00  0 0 0 0 0 0 0 0 0   -9.71097662E-04 0 0 0 0 0 0 0 0 0   9.17371303E-04                              
4.98000000E+00  0 0 0 0 0 0 0 0 0   -9.14062613E-04 0 0 0 0 0 0 0 0 0   8.94407646E-04                              
5.00000000E+00  0 0 0 0 0 0 0 0 0   -8.60189820E-04 0 0 0 0 0 0 0 0 0   8.71868079E-04                              
5.02000000E+00  0 0 0 0 0 0 0 0 0   -8.09341723E-04 0 0 0 0 0 0 0 0 0   8.49715263E-04                              
5.04000000E+00  0 0 0 0 0 0 0 0 0   -7.61385405E-04 0 0 0 0 0 0 0 0 0   8.27914810E-04                              
5.06000000E+00  0 0 0 0 0 0 0 0 0   -7.16190493E-04 0 0 0 0 0 0 0 0 0   8.06435143E-04                              
5.08000000E+00  0 0 0 0 0 0 0 0 0   -6.73632311E-04 0 0 0 0 0 0 0 0 0   7.85247359E-04                              
5.10000000E+00  0 0 0 0 0 0 0 0 0   -6.33590281E-04 0 0 0 0 0 0 0 0 0   7.64325095E-04                              
5.12000000E+00  0 0 0 0 0 0 0 0 0   -5.95945954E-04 0 0 0 0 0 0 0 0 0   7.43644402E-04                              
5.14000000E+00  0 0 0 0 0 0 0 0 0   -5.60587929E-04 0 0 0 0 0 0 0 0 0   7.23183620E-04                              
5.16000000E+00  0 0 0 0 0 0 0 0 0   -5.27406153E-04 0 0 0 0 0 0 0 0 0   7.02923252E-04                              
5.18000000E+00  0 0 0 0 0 0 0 0 0   -4.96295269E-04 0 0 0 0 0 0 0 0 0   6.82845857E-04                              
5.20000000E+00  0 0 0 0 0 0 0 0 0   -4.67153190E-04 0 0 0 0 0 0 0 0 0   6.62935930E-04                              
5.22000000E+00  0 0 0 0 0 0 0 0 0   -4.39882074E-04 0 0 0 0 0 0 0 0 0   6.43179797E-04                              
5.24000000E+00  0 0 0 0 0 0 0 0 0   -4.14387422E-04 0 0 0 0 0 0 0 0 0   6.23565507E-04                              
5.26000000E+00  0 0 0 0 0 0 0 0 0   -3.90578006E-04 0 0 0 0 0 0 0 0 0   6.04082735E-04                              
5.28000000E+00  0 0 0 0 0 0 0 0 0   -3.68365548E-04 0 0 0 0 0 0 0 0 0   5.84722680E-04                              
5.30000000E+00  0 0 0 0 0 0 0 0 0   -3.47665744E-04 0 0 0 0 0 0 0 0 0   5.65477972E-04                              
5.32000000E+00  0 0 0 0 0 0 0 0 0   -3.28397666E-04 0 0 0 0 0 0 0 0 0   5.46342586E-04                              
5.34000000E+00  0 0 0 0 0 0 0 0 0   -3.10482623E-04 0 0 0 0 0 0 0 0 0   5.27311746E-04                              
5.36000000E+00  0 0 0 0 0 0 0 0 0   -2.93845781E-04 0 0 0 0 0 0 0 0 0   5.08381850E-04                              
5.38000000E+00  0 0 0 0 0 0 0 0 0   -2.78414596E-04 0 0 0 0 0 0 0 0 0   4.89550384E-04                              
5.40000000E+00  0 0 0 0 0 0 0 0 0   -2.64120342E-04 0 0 0 0 0 0 0 0 0   4.70815844E-04                              
5.42000000E+00  0 0 0 0 0 0 0 0 0   -2.50895860E-04 0 0 0 0 0 0 0 0 0   4.52177666E-04                              
5.44000000E+00  0 0 0 0 0 0 0 0 0   -2.38678048E-04 0 0 0 0 0 0 0 0 0   4.33636153E-04                              
5.46000000E+00  0 0 0 0 0 0 0 0 0   -2.27405694E-04 0 0 0 0 0 0 0 0 0   4.15192405E-04                              
5.48000000E+00  0 0 0 0 0 0 0 0 0   -2.17019923E-04 0 0 0 0 0 0 0 0 0   3.96848252E-04                              
5.50000000E+00  0 0 0 0 0 0 0 0 0   -2.07465107E-04 0 0 0 0 0 0 0 0 0   3.78606199E-04                              
5.52000000E+00  0 0 0 0 0 0 0 0 0   -1.98687954E-04 0 0 0 0 0 0 0 0 0   3.60469358E-04                              
5.54000000E+00  0 0 0 0 0 0 0 0 0   -1.90637324E-04 0 0 0 0 0 0 0 0 0   3.42441395E-04                              
5.56000000E+00  0 0 0 0 0 0 0 0 0   -1.83263678E-04 0 0 0 0 0 0 0 0 0   3.24526474E-04                              
5.58000000E+00  0 0 0 0 0 0 0 0 0   -1.76521267E-04 0 0 0 0 0 0 0 0 0   3.06729207E-04                              
5.60000000E+00  0 0 0 0 0 0 0 0 0   -1.70364987E-04 0 0 0 0 0 0 0 0 0   2.89054600E-04                              
5.62000000E+00  0 0 0 0 0 0 0 0 0   -1.64753162E-04 0 0 0 0 0 0 0 0 0   2.71508012E-04                              
5.64000000E+00  0 0 0 0 0 0 0 0 0   -1.59645276E-04 0 0 0 0 0 0 0 0 0   2.54095105E-04                              
5.66000000E+00  0 0 0 0 0 0 0 0 0   -1.55002826E-04 0 0 0 0 0 0 0 0 0   2.36821804E-04                              
5.68000000E+00  0 0 0 0 0 0 0 0 0   -1.50789525E-04 0 0 0 0 0 0 0 0 0   2.19694257E-04                              
5.70000000E+00  0 0 0 0 0 0 0 0 0   -1.46971107E-04 0 0 0 0 0 0 0 0 0   2.02718793E-04                              
5.72000000E+00  0 0 0 0 0 0 0 0 0   -1.43514393E-04 0 0 0 0 0 0 0 0 0   1.85901892E-04                              
5.74000000E+00  0 0 0 0 0 0 0 0 0   -1.40388162E-04 0 0 0 0 0 0 0 0 0   1.69250144E-04                              
5.76000000E+00  0 0 0 0 0 0 0 0 0   -1.37563624E-04 0 0 0 0 0 0 0 0 0   1.52770224E-04                              
5.78000000E+00  0 0 0 0 0 0 0 0 0   -1.35012595E-04 0 0 0 0 0 0 0 0 0   1.36468854E-04                              
5.80000000E+00  0 0 0 0 0 0 0 0 0   -1.32708780E-04 0 0 0 0 0 0 0 0 0   1.20352780E-04                              
5.82000000E+00  0 0 0 0 0 0 0 0 0   -1.30627599E-04 0 0 0 0 0 0 0 0 0   1.04428744E-04                              
5.84000000E+00  0 0 0 0 0 0 0 0 0   -1.28745619E-04 0 0 0 0 0 0 0 0 0   8.87034552E-05                              
5.86000000E+00  0 0 0 0 0 0 0 0 0   -1.27041166E-04 0 0 0 0 0 0 0 0 0   7.31835730E-05                              
5.88000000E+00  0 0 0 0 0 0 0 0 0   -1.25492941E-04 0 0 0 0 0 0 0 0 0   5.78756793E-05                              
5.90000000E+00  0 0 0 0 0 0 0 0 0   -1.24082302E-04 0 0 0 0 0 0 0 0 0   4.27862603E-05                              
5.92000000E+00  0 0 0 0 0 0 0 0 0   -1.22790960E-04 0 0 0 0 0 0 0 0 0   2.79216880E-05                              
5.94000000E+00  0 0 0 0 0 0 0 0 0   -1.21601798E-04 0 0 0 0 0 0 0 0 0   1.32882013E-05                              
5.96000000E+00  0 0 0 0 0 0 0 0 0   -1.20499305E-04 0 0 0 0 0 0 0 0 0   -1.10810897E-06                             
5.98000000E+00  0 0 0 0 0 0 0 0 0   -1.19468359E-04 0 0 0 0 0 0 0 0 0   -1.52613162E-05                             
6.00000000E+00  0 0 0 0 0 0 0 0 0   -1.18495664E-04 0 0 0 0 0 0 0 0 0   -2.91656706E-05                             
6.02000000E+00  0 0 0 0 0 0 0 0 0   -1.17568424E-04 0 0 0 0 0 0 0 0 0   -4.28156131E-05                             
6.04000000E+00  0 0 0 0 0 0 0 0 0   -1.16674886E-04 0 0 0 0 0 0 0 0 0   -5.62057849E-05                             
6.06000000E+00  0 0 0 0 0 0 0 0 0   -1.15804285E-04 0 0 0 0 0 0 0 0 0   -6.93310395E-05                             
6.08000000E+00  0 0 0 0 0 0 0 0 0   -1.14946817E-04 0 0 0 0 0 0 0 0 0   -8.21864509E-05                             
6.10000000E+00  0 0 0 0 0 0 0 0 0   -1.14093063E-04 0 0 0 0 0 0 0 0 0   -9.47673221E-05                             
6.12000000E+00  0 0 0 0 0 0 0 0 0   -1.13234853E-04 0 0 0 0 0 0 0 0 0   -1.07069192E-04                             
6.14000000E+00  0 0 0 0 0 0 0 0 0   -1.12364814E-04 0 0 0 0 0 0 0 0 0   -1.19087843E-04                             
6.16000000E+00  0 0 0 0 0 0 0 0 0   -1.11476007E-04 0 0 0 0 0 0 0 0 0   -1.30819305E-04                             
6.18000000E+00  0 0 0 0 0 0 0 0 0   -1.10562153E-04 0 0 0 0 0 0 0 0 0   -1.42259861E-04                             
6.20000000E+00  0 0 0 0 0 0 0 0 0   -1.09617874E-04 0 0 0 0 0 0 0 0 0   -1.53406050E-04                             
6.22000000E+00  0 0 0 0 0 0 0 0 0   -1.08638209E-04 0 0 0 0 0 0 0 0 0   -1.64254671E-04                             
6.24000000E+00  0 0 0 0 0 0 0 0 0   -1.07618955E-04 0 0 0 0 0 0 0 0 0   -1.74802784E-04                             
6.26000000E+00  0 0 0 0 0 0 0 0 0   -1.06556377E-04 0 0 0 0 0 0 0 0 0   -1.85047715E-04                             
6.28000000E+00  0 0 0 0 0 0 0 0 0   -1.05447146E-04 0 0 0 0 0 0 0 0 0   -1.94987054E-04                             
6.30000000E+00  0 0 0 0 0 0 0 0 0   -1.04288600E-04 0 0 0 0 0 0 0 0 0   -2.04618654E-04                             
6.32000000E+00  0 0 0 0 0 0 0 0 0   -1.03078540E-04 0 0 0 0 0 0 0 0 0   -2.13940636E-04                             
6.34000000E+00  0 0 0 0 0 0 0 0 0   -1.01815110E-04 0 0 0 0 0 0 0 0 0   -2.22951383E-04                             
6.36000000E+00  0 0 0 0 0 0 0 0 0   -1.00496819E-04 0 0 0 0 0 0 0 0 0   -2.31649543E-04                             
6.38000000E+00  0 0 0 0 0 0 0 0 0   -9.91228338E-05 0 0 0 0 0 0 0 0 0   -2.40034024E-04                             
6.40000000E+00  0 0 0 0 0 0 0 0 0   -9.76922852E-05 0 0 0 0 0 0 0 0 0   -2.48103996E-04                             
6.42000000E+00  0 0 0 0 0 0 0 0 0   -9.62050659E-05 0 0 0 0 0 0 0 0 0   -2.55858882E-04                             
6.44000000E+00  0 0 0 0 0 0 0 0 0   -9.46611131E-05 0 0 0 0 0 0 0 0 0   -2.63298362E-04                             
6.46000000E+00  0 0 0 0 0 0 0 0 0   -9.30607014E-05 0 0 0 0 0 0 0 0 0   -2.70422365E-04                             
6.48000000E+00  0 0 0 0 0 0 0 0 0   -9.14044207E-05 0 0 0 0 0 0 0 0 0   -2.77231066E-04                             
6.50000000E+00  0 0 0 0 0 0 0 0 0   -8.96931499E-05 0 0 0 0 0 0 0 0 0   -2.83724886E-04                             
6.52000000E+00  0 0 0 0 0 0 0 0 0   -8.79278801E-05 0 0 0 0 0 0 0 0 0   -2.89904481E-04                             
6.54000000E+00  0 0 0 0 0 0 0 0 0   -8.61100259E-05 0 0 0 0 0 0 0 0 0   -2.95770742E-04                             
6.56000000E+00  0 0 0 0 0 0 0 0 0   -8.42409448E-05 0 0 0 0 0 0 0 0 0   -3.01324792E-04                             
6.58000000E+00  0 0 0 0 0 0 0 0 0   -8.23224284E-05 0 0 0 0 0 0 0 0 0   -3.06567974E-04                             
6.60000000E+00  0 0 0 0 0 0 0 0 0   -8.03562715E-05 0 0 0 0 0 0 0 0 0   -3.11501853E-04                             
6.62000000E+00  0 0 0 0 0 0 0 0 0   -7.83443650E-05 0 0 0 0 0 0 0 0 0   -3.16128205E-04                             
6.64000000E+00  0 0 0 0 0 0 0 0 0   -7.62889308E-05 0 0 0 0 0 0 0 0 0   -3.20449016E-04                             
6.66000000E+00  0 0 0 0 0 0 0 0 0   -7.41922621E-05 0 0 0 0 0 0 0 0 0   -3.24466473E-04                             
6.68000000E+00  0 0 0 0 0 0 0 0 0   -7.20566093E-05 0 0 0 0 0 0 0 0 0   -3.28182959E-04                             
6.70000000E+00  0 0 0 0 0 0 0 0 0   -6.98844836E-05 0 0 0 0 0 0 0 0 0   -3.31601047E-04                             
6.72000000E+00  0 0 0 0 0 0 0 0 0   -6.76783044E-05 0 0 0 0 0 0 0 0 0   -3.34723496E-04                             
6.74000000E+00  0 0 0 0 0 0 0 0 0   -6.54408622E-05 0 0 0 0 0 0 0 0 0   -3.37553240E-04                             
6.76000000E+00  0 0 0 0 0 0 0 0 0   -6.31746602E-05 0 0 0 0 0 0 0 0 0   -3.40093387E-04                             
6.78000000E+00  0 0 0 0 0 0 0 0 0   -6.08824199E-05 0 0 0 0 0 0 0 0 0   -3.42347209E-04                             
6.80000000E+00  0 0 0 0 0 0 0 0 0   -5.85669169E-05 0 0 0 0 0 0 0 0 0   -3.44318136E-04                             
6.82000000E+00  0 0 0 0 0 0 0 0 0   -5.62309524E-05 0 0 0 0 0 0 0 0 0   -3.46009752E-04                             
6.84000000E+00  0 0 0 0 0 0 0 0 0   -5.38772425E-05 0 0 0 0 0 0 0 0 0   -3.47425786E-04                             
6.86000000E+00  0 0 0 0 0 0 0 0 0   -5.15087365E-05 0 0 0 0 0 0 0 0 0   -3.48570108E-04                             
6.88000000E+00  0 0 0 0 0 0 0 0 0   -4.91280857E-05 0 0 0 0 0 0 0 0 0   -3.49446718E-04                             
6.90000000E+00  0 0 0 0 0 0 0 0 0   -4.67381803E-05 0 0 0 0 0 0 0 0 0   -3.50059746E-04                             
6.92000000E+00  0 0 0 0 0 0 0 0 0   -4.43418100E-05 0 0 0 0 0 0 0 0 0   -3.50413440E-04                             
6.94000000E+00  0 0 0 0 0 0 0 0 0   -4.19417483E-05 0 0 0 0 0 0 0 0 0   -3.50512162E-04                             
6.96000000E+00  0 0 0 0 0 0 0 0 0   -3.95407091E-05 0 0 0 0 0 0 0 0 0   -3.50360383E-04                             
6.98000000E+00  0 0 0 0 0 0 0 0 0   -3.71414052E-05 0 0 0 0 0 0 0 0 0   -3.49962674E-04                             
7.00000000E+00  0 0 0 0 0 0 0 0 0   -3.47465922E-05 0 0 0 0 0 0 0 0 0   -3.49323700E-04                             
7.02000000E+00  0 0 0 0 0 0 0 0 0   -3.23588730E-05 0 0 0 0 0 0 0 0 0   -3.48448217E-04                             
7.04000000E+00  0 0 0 0 0 0 0 0 0   -2.99808516E-05 0 0 0 0 0 0 0 0 0   -3.47341061E-04                             
7.06000000E+00  0 0 0 0 0 0 0 0 0   -2.76150922E-05 0 0 0 0 0 0 0 0 0   -3.46007147E-04                             
7.08000000E+00  0 0 0 0 0 0 0 0 0   -2.52640901E-05 0 0 0 0 0 0 0 0 0   -3.44451458E-04                             
7.10000000E+00  0 0 0 0 0 0 0 0 0   -2.29302307E-05 0 0 0 0 0 0 0 0 0   -3.42679044E-04                             
7.12000000E+00  0 0 0 0 0 0 0 0 0   -2.06159918E-05 0 0 0 0 0 0 0 0 0   -3.40695012E-04                             
7.14000000E+00  0 0 0 0 0 0 0 0 0   -1.83236468E-05 0 0 0 0 0 0 0 0 0   -3.38504524E-04                             
7.16000000E+00  0 0 0 0 0 0 0 0 0   -1.60554044E-05 0 0 0 0 0 0 0 0 0   -3.36112788E-04                             
7.18000000E+00  0 0 0 0 0 0 0 0 0   -1.38134636E-05 0 0 0 0 0 0 0 0 0   -3.33525054E-04                             
7.20000000E+00  0 0 0 0 0 0 0 0 0   -1.15999616E-05 0 0 0 0 0 0 0 0 0   -3.30746611E-04                             
7.22000000E+00  0 0 0 0 0 0 0 0 0   -9.41693285E-06 0 0 0 0 0 0 0 0 0   -3.27782777E-04                             
7.24000000E+00  0 0 0 0 0 0 0 0 0   -7.26634489E-06 0 0 0 0 0 0 0 0 0   -3.24638896E-04                             
7.26000000E+00  0 0 0 0 0 0 0 0 0   -5.15008208E-06 0 0 0 0 0 0 0 0 0   -3.21320335E-04                             
7.28000000E+00  0 0 0 0 0 0 0 0 0   -3.06993071E-06 0 0 0 0 0 0 0 0 0   -3.17832476E-04                             
7.30000000E+00  0 0 0 0 0 0 0 0 0   -1.02762735E-06 0 0 0 0 0 0 0 0 0   -3.14180712E-04                             
7.32000000E+00  0 0 0 0 0 0 0 0 0   9.75181205E-07  0 0 0 0 0 0 0 0 0   -3.10370445E-04                             
7.34000000E+00  0 0 0 0 0 0 0 0 0   2.93685679E-06  0 0 0 0 0 0 0 0 0   -3.06407077E-04                             
7.36000000E+00  0 0 0 0 0 0 0 0 0   4.85597167E-06  0 0 0 0 0 0 0 0 0   -3.02296008E-04                             
7.38000000E+00  0 0 0 0 0 0 0 0 0   6.73110988E-06  0 0 0 0 0 0 0 0 0   -2.98042631E-04                             
7.40000000E+00  0 0 0 0 0 0 0 0 0   8.56092148E-06  0 0 0 0 0 0 0 0 0   -2.93652330E-04                             
7.42000000E+00  0 0 0 0 0 0 0 0 0   1.03441596E-05  0 0 0 0 0 0 0 0 0   -2.89130472E-04                             
7.44000000E+00  0 0 0 0 0 0 0 0 0   1.20796507E-05  0 0 0 0 0 0 0 0 0   -2.84482407E-04                             
7.46000000E+00  0 0 0 0 0 0 0 0 0   1.37663034E-05  0 0 0 0 0 0 0 0 0   -2.79713460E-04                             
7.48000000E+00  0 0 0 0 0 0 0 0 0   1.54031495E-05  0 0 0 0 0 0 0 0 0   -2.74828931E-04                             
7.50000000E+00  0 0 0 0 0 0 0 0 0   1.69891728E-05  0 0 0 0 0 0 0 0 0   -2.69834091E-04                             
7.52000000E+00  0 0 0 0 0 0 0 0 0   1.85235794E-05  0 0 0 0 0 0 0 0 0   -2.64734177E-04                             
7.54000000E+00  0 0 0 0 0 0 0 0 0   2.00055602E-05  0 0 0 0 0 0 0 0 0   -2.59534388E-04                             
7.56000000E+00  0 0 0 0 0 0 0 0 0   2.14344533E-05  0 0 0 0 0 0 0 0 0   -2.54239884E-04                             
7.58000000E+00  0 0 0 0 0 0 0 0 0   2.28095792E-05  0 0 0 0 0 0 0 0 0   -2.48855784E-04                             
7.60000000E+00  0 0 0 0 0 0 0 0 0   2.41304343E-05  0 0 0 0 0 0 0 0 0   -2.43387158E-04                             
7.62000000E+00  0 0 0 0 0 0 0 0 0   2.53965432E-05  0 0 0 0 0 0 0 0 0   -2.37839030E-04                             
7.64000000E+00  0 0 0 0 0 0 0 0 0   2.66074753E-05  0 0 0 0 0 0 0 0 0   -2.32216370E-04                             
7.66000000E+00  0 0 0 0 0 0 0 0 0   2.77629125E-05  0 0 0 0 0 0 0 0 0   -2.26524097E-04                             
7.68000000E+00  0 0 0 0 0 0 0 0 0   2.88625749E-05  0 0 0 0 0 0 0 0 0   -2.20767073E-04                             
7.70000000E+00  0 0 0 0 0 0 0 0 0   2.99062599E-05  0 0 0 0 0 0 0 0 0   -2.14950098E-04                             
7.72000000E+00  0 0 0 0 0 0 0 0 0   3.08938529E-05  0 0 0 0 0 0 0 0 0   -2.09077916E-04                             
7.74000000E+00  0 0 0 0 0 0 0 0 0   3.18252894E-05  0 0 0 0 0 0 0 0 0   -2.03155206E-04                             
7.76000000E+00  0 0 0 0 0 0 0 0 0   3.27005478E-05  0 0 0 0 0 0 0 0 0   -1.97186581E-04                             
7.78000000E+00  0 0 0 0 0 0 0 0 0   3.35197162E-05  0 0 0 0 0 0 0 0 0   -1.91176588E-04                             
7.80000000E+00  0 0 0 0 0 0 0 0 0   3.42828756E-05  0 0 0 0 0 0 0 0 0   -1.85129706E-04                             
7.82000000E+00  0 0 0 0 0 0 0 0 0   3.49902278E-05  0 0 0 0 0 0 0 0 0   -1.79050343E-04                             
7.84000000E+00  0 0 0 0 0 0 0 0 0   3.56419911E-05  0 0 0 0 0 0 0 0 0   -1.72942837E-04                             
7.86000000E+00  0 0 0 0 0 0 0 0 0   3.62384723E-05  0 0 0 0 0 0 0 0 0   -1.66811450E-04                             
7.88000000E+00  0 0 0 0 0 0 0 0 0   3.67799897E-05  0 0 0 0 0 0 0 0 0   -1.60660371E-04                             
7.90000000E+00  0 0 0 0 0 0 0 0 0   3.72669421E-05  0 0 0 0 0 0 0 0 0   -1.54493713E-04                             
7.92000000E+00  0 0 0 0 0 0 0 0 0   3.76997785E-05  0 0 0 0 0 0 0 0 0   -1.48315513E-04                             
7.94000000E+00  0 0 0 0 0 0 0 0 0   3.80789806E-05  0 0 0 0 0 0 0 0 0   -1.42129728E-04                             
7.96000000E+00  0 0 0 0 0 0 0 0 0   3.84050691E-05  0 0 0 0 0 0 0 0 0   -1.35940239E-04                             
7.98000000E+00  0 0 0 0 0 0 0 0 0   3.86786635E-05  0 0 0 0 0 0 0 0 0   -1.29750845E-04                             
8.00000000E+00  0 0 0 0 0 0 0 0 0   3.89003320E-05  0 0 0 0 0 0 0 0 0   -1.23565265E-04                             
8.02000000E+00  0 0 0 0 0 0 0 0 0   3.90707604E-05  0 0 0 0 0 0 0 0 0   -1.17387136E-04                             
8.04000000E+00  0 0 0 0 0 0 0 0 0   3.91906629E-05  0 0 0 0 0 0 0 0 0   -1.11220015E-04                             
8.06000000E+00  0 0 0 0 0 0 0 0 0   3.92607546E-05  0 0 0 0 0 0 0 0 0   -1.05067376E-04                             
8.08000000E+00  0 0 0 0 0 0 0 0 0   3.92818072E-05  0 0 0 0 0 0 0 0 0   -9.89326104E-05                             
8.10000000E+00  0 0 0 0 0 0 0 0 0   3.92546375E-05  0 0 0 0 0 0 0 0 0   -9.28190253E-05                             
8.12000000E+00  0 0 0 0 0 0 0 0 0   3.91800764E-05  0 0 0 0 0 0 0 0 0   -8.67298458E-05                             
8.14000000E+00  0 0 0 0 0 0 0 0 0   3.90589851E-05  0 0 0 0 0 0 0 0 0   -8.06682129E-05                             
8.16000000E+00  0 0 0 0 0 0 0 0 0   3.88922662E-05  0 0 0 0 0 0 0 0 0   -7.46371842E-05                             
8.18000000E+00  0 0 0 0 0 0 0 0 0   3.86808100E-05  0 0 0 0 0 0 0 0 0   -6.86397332E-05                             
8.20000000E+00  0 0 0 0 0 0 0 0 0   3.84256067E-05  0 0 0 0 0 0 0 0 0   -6.26787499E-05                             
8.22000000E+00  0 0 0 0 0 0 0 0 0   3.81275864E-05  0 0 0 0 0 0 0 0 0   -5.67570407E-05                             
8.24000000E+00  0 0 0 0 0 0 0 0 0   3.77877709E-05  0 0 0 0 0 0 0 0 0   -5.08773283E-05                             
8.26000000E+00  0 0 0 0 0 0 0 0 0   3.74071432E-05  0 0 0 0 0 0 0 0 0   -4.50422520E-05                             
8.28000000E+00  0 0 0 0 0 0 0 0 0   3.69867431E-05  0 0 0 0 0 0 0 0 0   -3.92543684E-05                             
8.30000000E+00  0 0 0 0 0 0 0 0 0   3.65276073E-05  0 0 0 0 0 0 0 0 0   -3.35161508E-05                             
8.32000000E+00  0 0 0 0 0 0 0 0 0   3.60307990E-05  0 0 0 0 0 0 0 0 0   -2.78299907E-05                             
8.34000000E+00  0 0 0 0 0 0 0 0 0   3.54974100E-05  0 0 0 0 0 0 0 0 0   -2.21981972E-05                             
8.36000000E+00  0 0 0 0 0 0 0 0 0   3.49284909E-05  0 0 0 0 0 0 0 0 0   -1.66229980E-05                             
8.38000000E+00  0 0 0 0 0 0 0 0 0   3.43251698E-05  0 0 0 0 0 0 0 0 0   -1.11065398E-05                             
8.40000000E+00  0 0 0 0 0 0 0 0 0   3.36885292E-05  0 0 0 0 0 0 0 0 0   -5.65088915E-06                             
8.42000000E+00  0 0 0 0 0 0 0 0 0   3.30196945E-05  0 0 0 0 0 0 0 0 0   -2.58032342E-07                             
8.44000000E+00  0 0 0 0 0 0 0 0 0   3.23197904E-05  0 0 0 0 0 0 0 0 0   5.07012318E-06                              
8.46000000E+00  0 0 0 0 0 0 0 0 0   3.15899369E-05  0 0 0 0 0 0 0 0 0   1.03317486E-05                              
8.48000000E+00  0 0 0 0 0 0 0 0 0   3.08312593E-05  0 0 0 0 0 0 0 0 0   1.55250926E-05                              
8.50000000E+00  0 0 0 0 0 0 0 0 0   3.00448972E-05  0 0 0 0 0 0 0 0 0   2.06484812E-05                              
8.52000000E+00  0 0 0 0 0 0 0 0 0   2.92319923E-05  0 0 0 0 0 0 0 0 0   2.57003162E-05                              
8.54000000E+00  0 0 0 0 0 0 0 0 0   2.83936832E-05  0 0 0 0 0 0 0 0 0   3.06790751E-05                              
8.56000000E+00  0 0 0 0 0 0 0 0 0   2.75310917E-05  0 0 0 0 0 0 0 0 0   3.55833096E-05                              
8.58000000E+00  0 0 0 0 0 0 0 0 0   2.66453557E-05  0 0 0 0 0 0 0 0 0   4.04116451E-05                              
8.60000000E+00  0 0 0 0 0 0 0 0 0   2.57376115E-05  0 0 0 0 0 0 0 0 0   4.51627794E-05                              
8.62000000E+00  0 0 0 0 0 0 0 0 0   2.48089900E-05  0 0 0 0 0 0 0 0 0   4.98354825E-05                              
8.64000000E+00  0 0 0 0 0 0 0 0 0   2.38606020E-05  0 0 0 0 0 0 0 0 0   5.44285946E-05                              
8.66000000E+00  0 0 0 0 0 0 0 0 0   2.28935850E-05  0 0 0 0 0 0 0 0 0   5.89410259E-05                              
8.68000000E+00  0 0 0 0 0 0 0 0 0   2.19090364E-05  0 0 0 0 0 0 0 0 0   6.33717552E-05                              
8.70000000E+00  0 0 0 0 0 0 0 0 0   2.09080739E-05  0 0 0 0 0 0 0 0 0   6.77198290E-05                              
8.72000000E+00  0 0 0 0 0 0 0 0 0   1.98917813E-05  0 0 0 0 0 0 0 0 0   7.19843604E-05                              
8.74000000E+00  0 0 0 0 0 0 0 0 0   1.88612496E-05  0 0 0 0 0 0 0 0 0   7.61645280E-05                              
8.76000000E+00  0 0 0 0 0 0 0 0 0   1.78175524E-05  0 0 0 0 0 0 0 0 0   8.02595748E-05                              
8.78000000E+00  0 0 0 0 0 0 0 0 0   1.67617742E-05  0 0 0 0 0 0 0 0 0   8.42688072E-05                              
8.80000000E+00  0 0 0 0 0 0 0 0 0   1.56949525E-05  0 0 0 0 0 0 0 0 0   8.81915938E-05                              
8.82000000E+00  0 0 0 0 0 0 0 0 0   1.46181454E-05  0 0 0 0 0 0 0 0 0   9.20273643E-05                              
8.84000000E+00  0 0 0 0 0 0 0 0 0   1.35323743E-05  0 0 0 0 0 0 0 0 0   9.57756082E-05                              
8.86000000E+00  0 0 0 0 0 0 0 0 0   1.24386586E-05  0 0 0 0 0 0 0 0 0   9.94358739E-05                              
8.88000000E+00  0 0 0 0 0 0 0 0 0   1.13380234E-05  0 0 0 0 0 0 0 0 0   1.03007767E-04                              
8.90000000E+00  0 0 0 0 0 0 0 0 0   1.02314334E-05  0 0 0 0 0 0 0 0 0   1.06490951E-04                              
8.92000000E+00  0 0 0 0 0 0 0 0 0   9.11987545E-06  0 0 0 0 0 0 0 0 0   1.09885143E-04                              
8.94000000E+00  0 0 0 0 0 0 0 0 0   8.00431524E-06  0 0 0 0 0 0 0 0 0   1.13190114E-04                              
8.96000000E+00  0 0 0 0 0 0 0 0 0   6.88569259E-06  0 0 0 0 0 0 0 0 0   1.16405691E-04                              
8.98000000E+00  0 0 0 0 0 0 0 0 0   5.76493757E-06  0 0 0 0 0 0 0 0 0   1.19531748E-04                              
9.00000000E+00  0 0 0 0 0 0 0 0 0   4.64296790E-06  0 0 0 0 0 0 0 0 0   1.22568214E-04                              
9.02000000E+00  0 0 0 0 0 0 0 0 0   3.52066938E-06  0 0 0 0 0 0 0 0 0   1.25515064E-04                              
9.04000000E+00  0 0 0 0 0 0 0 0 0   2.39893053E-06  0 0 0 0 0 0 0 0 0   1.28372324E-04                              
9.06000000E+00  0 0 0 0 0 0 0 0 0   1.27860767E-06  0 0 0 0 0 0 0 0 0   1.31140065E-04                              
9.08000000E+00  0 0 0 0 0 0 0 0 0   1.60543234E-07  0 0 0 0 0 0 0 0 0   1.33818405E-04                              
9.10000000E+00  0 0 0 0 0 0 0 0 0   -9.54435143E-07 0 0 0 0 0 0 0 0 0   1.36407506E-04                              
9.12000000E+00  0 0 0 0 0 0 0 0 0   -2.06552449E-06 0 0 0 0 0 0 0 0 0   1.38907573E-04                              
9.14000000E+00  0 0 0 0 0 0 0 0 0   -3.17193176E-06 0 0 0 0 0 0 0 0 0   1.41318854E-04                              
9.16000000E+00  0 0 0 0 0 0 0 0 0   -4.27289007E-06 0 0 0 0 0 0 0 0 0   1.43641639E-04                              
9.18000000E+00  0 0 0 0 0 0 0 0 0   -5.36765331E-06 0 0 0 0 0 0 0 0 0   1.45876257E-04                              
9.20000000E+00  0 0 0 0 0 0 0 0 0   -6.45548202E-06 0 0 0 0 0 0 0 0 0   1.48023075E-04                              
9.22000000E+00  0 0 0 0 0 0 0 0 0   -7.53567830E-06 0 0 0 0 0 0 0 0 0   1.50082499E-04                              
9.24000000E+00  0 0 0 0 0 0 0 0 0   -8.60753592E-06 0 0 0 0 0 0 0 0 0   1.52054971E-04                              
9.26000000E+00  0 0 0 0 0 0 0 0 0   -9.67039082E-06 0 0 0 0 0 0 0 0 0   1.53940969E-04                              
9.28000000E+00  0 0 0 0 0 0 0 0 0   -1.07235854E-05 0 0 0 0 0 0 0 0 0   1.55741005E-04                              
9.30000000E+00  0 0 0 0 0 0 0 0 0   -1.17664891E-05 0 0 0 0 0 0 0 0 0   1.57455623E-04                              
9.32000000E+00  0 0 0 0 0 0 0 0 0   -1.27984886E-05 0 0 0 0 0 0 0 0 0   1.59085400E-04                              
9.34000000E+00  0 0 0 0 0 0 0 0 0   -1.38189909E-05 0 0 0 0 0 0 0 0 0   1.60630945E-04                              
9.36000000E+00  0 0 0 0 0 0 0 0 0   -1.48274131E-05 0 0 0 0 0 0 0 0 0   1.62092895E-04                              
9.38000000E+00  0 0 0 0 0 0 0 0 0   -1.58232165E-05 0 0 0 0 0 0 0 0 0   1.63471918E-04                              
9.40000000E+00  0 0 0 0 0 0 0 0 0   -1.68058495E-05 0 0 0 0 0 0 0 0 0   1.64768707E-04                              
9.42000000E+00  0 0 0 0 0 0 0 0 0   -1.77748058E-05 0 0 0 0 0 0 0 0 0   1.65983984E-04                              
9.44000000E+00  0 0 0 0 0 0 0 0 0   -1.87295870E-05 0 0 0 0 0 0 0 0 0   1.67118495E-04                              
9.46000000E+00  0 0 0 0 0 0 0 0 0   -1.96697189E-05 0 0 0 0 0 0 0 0 0   1.68173013E-04                              
9.48000000E+00  0 0 0 0 0 0 0 0 0   -2.05947439E-05 0 0 0 0 0 0 0 0 0   1.69148332E-04                              
9.50000000E+00  0 0 0 0 0 0 0 0 0   -2.15042226E-05 0 0 0 0 0 0 0 0 0   1.70045270E-04                              
9.52000000E+00  0 0 0 0 0 0 0 0 0   -2.23977330E-05 0 0 0 0 0 0 0 0 0   1.70864667E-04                              
9.54000000E+00  0 0 0 0 0 0 0 0 0   -2.32748791E-05 0 0 0 0 0 0 0 0 0   1.71607383E-04                              
9.56000000E+00  0 0 0 0 0 0 0 0 0   -2.41352848E-05 0 0 0 0 0 0 0 0 0   1.72274297E-04                              
9.58000000E+00  0 0 0 0 0 0 0 0 0   -2.49785794E-05 0 0 0 0 0 0 0 0 0   1.72866310E-04                              
9.60000000E+00  0 0 0 0 0 0 0 0 0   -2.58044210E-05 0 0 0 0 0 0 0 0 0   1.73384336E-04                              
9.62000000E+00  0 0 0 0 0 0 0 0 0   -2.66124873E-05 0 0 0 0 0 0 0 0 0   1.73829310E-04                              
9.64000000E+00  0 0 0 0 0 0 0 0 0   -2.74024690E-05 0 0 0 0 0 0 0 0 0   1.74202182E-04                              
9.66000000E+00  0 0 0 0 0 0 0 0 0   -2.81740788E-05 0 0 0 0 0 0 0 0 0   1.74503916E-04                              
9.68000000E+00  0 0 0 0 0 0 0 0 0   -2.89270381E-05 0 0 0 0 0 0 0 0 0   1.74735492E-04                              
9.70000000E+00  0 0 0 0 0 0 0 0 0   -2.96611027E-05 0 0 0 0 0 0 0 0 0   1.74897901E-04                              
9.72000000E+00  0 0 0 0 0 0 0 0 0   -3.03760289E-05 0 0 0 0 0 0 0 0 0   1.74992150E-04                              
9.74000000E+00  0 0 0 0 0 0 0 0 0   -3.10716008E-05 0 0 0 0 0 0 0 0 0   1.75019256E-04                              
9.76000000E+00  0 0 0 0 0 0 0 0 0   -3.17476122E-05 0 0 0 0 0 0 0 0 0   1.74980246E-04                              
9.78000000E+00  0 0 0 0 0 0 0 0 0   -3.24038754E-05 0 0 0 0 0 0 0 0 0   1.74876159E-04                              
9.80000000E+00  0 0 0 0 0 0 0 0 0   -3.30402270E-05 0 0 0 0 0 0 0 0 0   1.74708042E-04                              
9.82000000E+00  0 0 0 0 0 0 0 0 0   -3.36565070E-05 0 0 0 0 0 0 0 0 0   1.74476953E-04                              
9.84000000E+00  0 0 0 0 0 0 0 0 0   -3.42525775E-05 0 0 0 0 0 0 0 0 0   1.74183955E-04                              
9.86000000E+00  0 0 0 0 0 0 0 0 0   -3.48283205E-05 0 0 0 0 0 0 0 0 0   1.73830120E-04                              
9.88000000E+00  0 0 0 0 0 0 0 0 0   -3.53836223E-05 0 0 0 0 0 0 0 0 0   1.73416526E-04                              
9.90000000E+00  0 0 0 0 0 0 0 0 0   -3.59183982E-05 0 0 0 0 0 0 0 0 0   1.72944257E-04                              
9.92000000E+00  0 0 0 0 0 0 0 0 0   -3.64325585E-05 0 0 0 0 0 0 0 0 0   1.72414402E-04                              
9.94000000E+00  0 0 0 0 0 0 0 0 0   -3.69260516E-05 0 0 0 0 0 0 0 0 0   1.71828055E-04                              
9.96000000E+00  0 0 0 0 0 0 0 0 0   -3.73988215E-05 0 0 0 0 0 0 0 0 0   1.71186312E-04                              
9.98000000E+00  0 0 0 0 0 0 0 0 0   -3.78508339E-05 0 0 0 0 0 0 0 0 0   1.70490275E-04  
