repulsion_comment=
test parameters 23.6 2008


slako_comment=
test parameters 23.6 2008


#O H REPULSION (OK dimer, and smooth tail and forces)
# 110
repulsion=
      0.000000000000     12.272921501008
      0.146666667327      8.343448095095
      0.293333334655      5.672090879896
      0.440000001982      3.856033450811
      0.586666669309      2.621430842457
      0.733333336637      1.782116195164
      0.880000003964      1.211528483463
      1.026666671291      0.823628262975
      1.173333338618      0.559923703677
      1.320000005946      0.380650553209
      1.420000007436      0.292428752936
      1.441010108371      0.276815688593
      1.462020209306      0.261695205712
      1.483030310241      0.247192369560
      1.504040411176      0.233303925471
      1.525050512111      0.220025311737
      1.546060613046      0.207350659609
      1.567070713981      0.195272793292
      1.588080814916      0.183783229950
      1.609090915851      0.172872179703
      1.630101016786      0.162528545630
      1.651111117721      0.152739923765
      1.672121218656      0.143492603100
      1.693131319591      0.134771565584
      1.714141420526      0.126560486123
      1.735151521461      0.118841732581
      1.756161622396      0.111596365778
      1.777171723331      0.104804139492
      1.798181824266      0.098443500457
      1.819191925201      0.092491588364
      1.840202026136      0.086924235911
      1.861212127071      0.081713724622
      1.882222228006      0.076832433911
      1.903232328941      0.072256499690
      1.924242429876      0.067963567450
      1.945252530811      0.063932792363
      1.966262631746      0.060144839287
      1.987272732681      0.056581882763
      2.008282833616      0.053227607019
      2.029292934551      0.050067205965
      2.050303035486      0.047087383196
      2.071313136421      0.044276351992
      2.092323237356      0.041623835318
      2.113333338291      0.039120307831
      2.134343439226      0.036755381636
      2.155353540161      0.034521778003
      2.176363641096      0.032412880456
      2.197373742031      0.030422462911
      2.218383842966      0.028544689678
      2.239393943901      0.026774115455
      2.260404044836      0.025105685335
      2.281414145771      0.023534734801
      2.302424246706      0.022056989726
      2.323434347641      0.020668566377
      2.344444448576      0.019365971412
      2.365454549510      0.018146101879
      2.386464650445      0.017006245219
      2.407474751380      0.015942666310
      2.428484852315      0.014936226084
      2.449494953250      0.013980026103
      2.470505054185      0.013072260751
      2.491515155120      0.012211160156
      2.512525256055      0.011394990196
      2.533535356990      0.010622052495
      2.554545457925      0.009890684426
      2.575555558860      0.009199259109
      2.596565659795      0.008546185414
      2.617575760730      0.007929907955
      2.638585861665      0.007348907098
      2.659595962600      0.006801698954
      2.680606063535      0.006286835382
      2.701616164470      0.005802903990
      2.722626265405      0.005348528133
      2.743636366340      0.004922366915
      2.764646467275      0.004523115185
      2.785656568210      0.004149503543
      2.806666669145      0.003800298336
      2.827676770080      0.003474301657
      2.848686871015      0.003170351348
      2.869696971950      0.002887321000
      2.890707072885      0.002624119951
      2.911717173820      0.002379693285
      2.932727274755      0.002153021836
      2.953737375690      0.001943122186
      2.974747476625      0.001749046663
      2.995757577560      0.001569883344
      3.016767678495      0.001404756054
      3.037777779430      0.001252824365
      3.058787880365      0.001113283597
      3.079797981300      0.000985364819
      3.100808082235      0.000868334846
      3.121818183170      0.000761496243
      3.142828284105      0.000664187319
      3.163838385040      0.000575782136
      3.184848485975      0.000495690499
      3.205858586910      0.000423357964
      3.226868687845      0.000358265834
      3.247878788780      0.000299931159
      3.268888889715      0.000247906737
      3.289898990650      0.000201781115
      3.310909091585      0.000161178587
      3.331919192520      0.000125759194
      3.352929293455      0.000095218726
      3.373939394390      0.000069288720
      3.394949495325      0.000047736463
      3.415959596260      0.000030364986
      3.436969697195      0.000017013070
      3.457979798130      0.000007555246
      3.478989899065      0.000001901787
      3.500000000000      0.000000000000


O_H_table=
    0.0000000001E+00  0 0 0 0 0 0 0 0 0   0.9157158864E+00  0 0 0 0 0 0 0 0 0  -0.8931555078E+00
    0.3999999911E-01  0 0 0 0 0 0 0 0 0   0.9232138512E+00  0 0 0 0 0 0 0 0 0  -0.8929165865E+00
    0.7999999821E-01  0 0 0 0 0 0 0 0 0   0.9423499785E+00  0 0 0 0 0 0 0 0 0  -0.8921860573E+00
    0.1199999973E+00  0 0 0 0 0 0 0 0 0   0.9680672380E+00  0 0 0 0 0 0 0 0 0  -0.8909287730E+00
    0.1599999964E+00  0 0 0 0 0 0 0 0 0   0.9966506329E+00  0 0 0 0 0 0 0 0 0  -0.8890983202E+00
    0.1999999955E+00  0 0 0 0 0 0 0 0 0   0.1025483365E+01  0 0 0 0 0 0 0 0 0  -0.8866445647E+00
    0.2399999946E+00  0 0 0 0 0 0 0 0 0   0.1052763904E+01  0 0 0 0 0 0 0 0 0  -0.8835187830E+00
    0.2799999937E+00  0 0 0 0 0 0 0 0 0   0.1077293249E+01  0 0 0 0 0 0 0 0 0  -0.8796770414E+00
    0.3199999928E+00  0 0 0 0 0 0 0 0 0   0.1098316753E+01  0 0 0 0 0 0 0 0 0  -0.8750823052E+00
    0.3599999920E+00  0 0 0 0 0 0 0 0 0   0.1115405983E+01  0 0 0 0 0 0 0 0 0  -0.8697056310E+00
    0.3999999911E+00  0 0 0 0 0 0 0 0 0   0.1128370049E+01  0 0 0 0 0 0 0 0 0  -0.8635267029E+00
    0.4399999902E+00  0 0 0 0 0 0 0 0 0   0.1137188902E+01  0 0 0 0 0 0 0 0 0  -0.8565339047E+00
    0.4799999893E+00  0 0 0 0 0 0 0 0 0   0.1141963162E+01  0 0 0 0 0 0 0 0 0  -0.8487240686E+00
    0.5199999884E+00  0 0 0 0 0 0 0 0 0   0.1142876419E+01  0 0 0 0 0 0 0 0 0  -0.8401020083E+00
    0.5599999875E+00  0 0 0 0 0 0 0 0 0   0.1140166954E+01  0 0 0 0 0 0 0 0 0  -0.8306799115E+00
    0.5999999866E+00  0 0 0 0 0 0 0 0 0   0.1134106582E+01  0 0 0 0 0 0 0 0 0  -0.8204766500E+00
    0.6399999857E+00  0 0 0 0 0 0 0 0 0   0.1124984913E+01  0 0 0 0 0 0 0 0 0  -0.8095170482E+00
    0.6799999848E+00  0 0 0 0 0 0 0 0 0   0.1113097742E+01  0 0 0 0 0 0 0 0 0  -0.7978311415E+00
    0.7199999839E+00  0 0 0 0 0 0 0 0 0   0.1098738609E+01  0 0 0 0 0 0 0 0 0  -0.7854534447E+00
    0.7599999830E+00  0 0 0 0 0 0 0 0 0   0.1082192802E+01  0 0 0 0 0 0 0 0 0  -0.7724222462E+00
    0.7999999821E+00  0 0 0 0 0 0 0 0 0   0.1063733226E+01  0 0 0 0 0 0 0 0 0  -0.7587789384E+00
    0.8399999812E+00  0 0 0 0 0 0 0 0 0   0.1043617703E+01  0 0 0 0 0 0 0 0 0  -0.7445673900E+00
    0.8799999803E+00  0 0 0 0 0 0 0 0 0   0.1022087363E+01  0 0 0 0 0 0 0 0 0  -0.7298333649E+00
    0.9199999794E+00  0 0 0 0 0 0 0 0 0   0.9993658408E+00  0 0 0 0 0 0 0 0 0  -0.7146239878E+00
    0.9599999785E+00  0 0 0 0 0 0 0 0 0   0.9756590870E+00  0 0 0 0 0 0 0 0 0  -0.6989872580E+00
    0.9999999776E+00  0 0 0 0 0 0 0 0 0   0.9511556068E+00  0 0 0 0 0 0 0 0 0  -0.6829716104E+00
    0.1039999977E+01  0 0 0 0 0 0 0 0 0   0.9260270142E+00  0 0 0 0 0 0 0 0 0  -0.6666255202E+00
    0.1079999976E+01  0 0 0 0 0 0 0 0 0   0.9004287927E+00  0 0 0 0 0 0 0 0 0  -0.6499971518E+00
    0.1119999975E+01  0 0 0 0 0 0 0 0 0   0.8745011882E+00  0 0 0 0 0 0 0 0 0  -0.6331340471E+00
    0.1159999974E+01  0 0 0 0 0 0 0 0 0   0.8483701786E+00  0 0 0 0 0 0 0 0 0  -0.6160828525E+00
    0.1199999973E+01  0 0 0 0 0 0 0 0 0   0.8221484731E+00  0 0 0 0 0 0 0 0 0  -0.5988890798E+00
    0.1239999972E+01  0 0 0 0 0 0 0 0 0   0.7959365133E+00  0 0 0 0 0 0 0 0 0  -0.5815969012E+00
    0.1279999971E+01  0 0 0 0 0 0 0 0 0   0.7698234514E+00  0 0 0 0 0 0 0 0 0  -0.5642489726E+00
    0.1319999970E+01  0 0 0 0 0 0 0 0 0   0.7438880893E+00  0 0 0 0 0 0 0 0 0  -0.5468862862E+00
    0.1359999970E+01  0 0 0 0 0 0 0 0 0   0.7181997717E+00  0 0 0 0 0 0 0 0 0  -0.5295480466E+00
    0.1399999969E+01  0 0 0 0 0 0 0 0 0   0.6928192229E+00  0 0 0 0 0 0 0 0 0  -0.5122715720E+00
    0.1439999968E+01  0 0 0 0 0 0 0 0 0   0.6677993277E+00  0 0 0 0 0 0 0 0 0  -0.4950922149E+00
    0.1479999967E+01  0 0 0 0 0 0 0 0 0   0.6431858541E+00  0 0 0 0 0 0 0 0 0  -0.4780433031E+00
    0.1519999966E+01  0 0 0 0 0 0 0 0 0   0.6190181193E+00  0 0 0 0 0 0 0 0 0  -0.4611560980E+00
    0.1559999965E+01  0 0 0 0 0 0 0 0 0   0.5953296004E+00  0 0 0 0 0 0 0 0 0  -0.4444597689E+00
    0.1599999964E+01  0 0 0 0 0 0 0 0 0   0.5721484938E+00  0 0 0 0 0 0 0 0 0  -0.4279813818E+00
    0.1639999963E+01  0 0 0 0 0 0 0 0 0   0.5494982252E+00  0 0 0 0 0 0 0 0 0  -0.4117459015E+00
    0.1679999962E+01  0 0 0 0 0 0 0 0 0   0.5273979151E+00  0 0 0 0 0 0 0 0 0  -0.3957762054E+00
    0.1719999962E+01  0 0 0 0 0 0 0 0 0   0.5058628022E+00  0 0 0 0 0 0 0 0 0  -0.3800931083E+00
    0.1759999961E+01  0 0 0 0 0 0 0 0 0   0.4849046287E+00  0 0 0 0 0 0 0 0 0  -0.3647153961E+00
    0.1799999960E+01  0 0 0 0 0 0 0 0 0   0.4645319914E+00  0 0 0 0 0 0 0 0 0  -0.3496598689E+00
    0.1839999959E+01  0 0 0 0 0 0 0 0 0   0.4447506601E+00  0 0 0 0 0 0 0 0 0  -0.3349413907E+00
    0.1879999958E+01  0 0 0 0 0 0 0 0 0   0.4255638688E+00  0 0 0 0 0 0 0 0 0  -0.3205729467E+00
    0.1919999957E+01  0 0 0 0 0 0 0 0 0   0.4069725801E+00  0 0 0 0 0 0 0 0 0  -0.3065657056E+00
    0.1959999956E+01  0 0 0 0 0 0 0 0 0   0.3889757264E+00  0 0 0 0 0 0 0 0 0  -0.2929290874E+00
    0.1999999955E+01  0 0 0 0 0 0 0 0 0   0.3715704301E+00  0 0 0 0 0 0 0 0 0  -0.2796708345E+00
    0.2039999954E+01  0 0 0 0 0 0 0 0 0   0.3547522045E+00  0 0 0 0 0 0 0 0 0  -0.2667970874E+00
    0.2079999954E+01  0 0 0 0 0 0 0 0 0   0.3385151374E+00  0 0 0 0 0 0 0 0 0  -0.2543124622E+00
    0.2119999953E+01  0 0 0 0 0 0 0 0 0   0.3228520588E+00  0 0 0 0 0 0 0 0 0  -0.2422201305E+00
    0.2159999952E+01  0 0 0 0 0 0 0 0 0   0.3077546947E+00  0 0 0 0 0 0 0 0 0  -0.2305219012E+00
    0.2199999951E+01  0 0 0 0 0 0 0 0 0   0.2932138073E+00  0 0 0 0 0 0 0 0 0  -0.2192183024E+00
    0.2239999950E+01  0 0 0 0 0 0 0 0 0   0.2792193235E+00  0 0 0 0 0 0 0 0 0  -0.2083086647E+00
    0.2279999949E+01  0 0 0 0 0 0 0 0 0   0.2657604524E+00  0 0 0 0 0 0 0 0 0  -0.1977912033E+00
    0.2319999948E+01  0 0 0 0 0 0 0 0 0   0.2528257930E+00  0 0 0 0 0 0 0 0 0  -0.1876631006E+00
    0.2359999947E+01  0 0 0 0 0 0 0 0 0   0.2404034325E+00  0 0 0 0 0 0 0 0 0  -0.1779205870E+00
    0.2399999946E+01  0 0 0 0 0 0 0 0 0   0.2284810354E+00  0 0 0 0 0 0 0 0 0  -0.1685590212E+00
    0.2439999945E+01  0 0 0 0 0 0 0 0 0   0.2170459265E+00  0 0 0 0 0 0 0 0 0  -0.1595729679E+00
    0.2479999945E+01  0 0 0 0 0 0 0 0 0   0.2060851641E+00  0 0 0 0 0 0 0 0 0  -0.1509562743E+00
    0.2519999944E+01  0 0 0 0 0 0 0 0 0   0.1955856088E+00  0 0 0 0 0 0 0 0 0  -0.1427021440E+00
    0.2559999943E+01  0 0 0 0 0 0 0 0 0   0.1855339849E+00  0 0 0 0 0 0 0 0 0  -0.1348032083E+00
    0.2599999942E+01  0 0 0 0 0 0 0 0 0   0.1759169356E+00  0 0 0 0 0 0 0 0 0  -0.1272515954E+00
    0.2639999941E+01  0 0 0 0 0 0 0 0 0   0.1667210740E+00  0 0 0 0 0 0 0 0 0  -0.1200389956E+00
    0.2679999940E+01  0 0 0 0 0 0 0 0 0   0.1579330278E+00  0 0 0 0 0 0 0 0 0  -0.1131567252E+00
    0.2719999939E+01  0 0 0 0 0 0 0 0 0   0.1495394808E+00  0 0 0 0 0 0 0 0 0  -0.1065957855E+00
    0.2759999938E+01  0 0 0 0 0 0 0 0 0   0.1415272086E+00  0 0 0 0 0 0 0 0 0  -0.1003469199E+00
    0.2799999937E+01  0 0 0 0 0 0 0 0 0   0.1338831113E+00  0 0 0 0 0 0 0 0 0  -0.9440066724E-01
    0.2839999937E+01  0 0 0 0 0 0 0 0 0   0.1265942427E+00  0 0 0 0 0 0 0 0 0  -0.8874741191E-01
    0.2879999936E+01  0 0 0 0 0 0 0 0 0   0.1196478347E+00  0 0 0 0 0 0 0 0 0  -0.8337743085E-01
    0.2919999935E+01  0 0 0 0 0 0 0 0 0   0.1130313206E+00  0 0 0 0 0 0 0 0 0  -0.7828093710E-01
    0.2959999934E+01  0 0 0 0 0 0 0 0 0   0.1067323536E+00  0 0 0 0 0 0 0 0 0  -0.7344812025E-01
    0.2999999933E+01  0 0 0 0 0 0 0 0 0   0.1007388240E+00  0 0 0 0 0 0 0 0 0  -0.6886918366E-01
    0.3039999932E+01  0 0 0 0 0 0 0 0 0   0.9503887318E-01  0 0 0 0 0 0 0 0 0  -0.6453437864E-01
    0.3079999931E+01  0 0 0 0 0 0 0 0 0   0.8962090581E-01  0 0 0 0 0 0 0 0 0  -0.6043403551E-01
    0.3119999930E+01  0 0 0 0 0 0 0 0 0   0.8447359960E-01  0 0 0 0 0 0 0 0 0  -0.5655859182E-01
    0.3159999929E+01  0 0 0 0 0 0 0 0 0   0.7958591352E-01  0 0 0 0 0 0 0 0 0  -0.5289861768E-01
    0.3199999928E+01  0 0 0 0 0 0 0 0 0   0.7494709415E-01  0 0 0 0 0 0 0 0 0  -0.4944483836E-01
    0.3239999928E+01  0 0 0 0 0 0 0 0 0   0.7054668059E-01  0 0 0 0 0 0 0 0 0  -0.4618815437E-01
    0.3279999927E+01  0 0 0 0 0 0 0 0 0   0.6637450785E-01  0 0 0 0 0 0 0 0 0  -0.4311965895E-01
    0.3319999926E+01  0 0 0 0 0 0 0 0 0   0.6242070907E-01  0 0 0 0 0 0 0 0 0  -0.4023065331E-01
    0.3359999925E+01  0 0 0 0 0 0 0 0 0   0.5867571656E-01  0 0 0 0 0 0 0 0 0  -0.3751265955E-01
    0.3399999924E+01  0 0 0 0 0 0 0 0 0   0.5513026182E-01  0 0 0 0 0 0 0 0 0  -0.3495743162E-01
    0.3439999923E+01  0 0 0 0 0 0 0 0 0   0.5177537469E-01  0 0 0 0 0 0 0 0 0  -0.3255696416E-01
    0.3479999922E+01  0 0 0 0 0 0 0 0 0   0.4860238158E-01  0 0 0 0 0 0 0 0 0  -0.3030349970E-01
    0.3519999921E+01  0 0 0 0 0 0 0 0 0   0.4560290300E-01  0 0 0 0 0 0 0 0 0  -0.2818953399E-01
    0.3559999920E+01  0 0 0 0 0 0 0 0 0   0.4276885025E-01  0 0 0 0 0 0 0 0 0  -0.2620781991E-01
    0.3599999920E+01  0 0 0 0 0 0 0 0 0   0.4009242168E-01  0 0 0 0 0 0 0 0 0  -0.2435136986E-01
    0.3639999919E+01  0 0 0 0 0 0 0 0 0   0.3756609842E-01  0 0 0 0 0 0 0 0 0  -0.2261345684E-01
    0.3679999918E+01  0 0 0 0 0 0 0 0 0   0.3518263980E-01  0 0 0 0 0 0 0 0 0  -0.2098761439E-01
    0.3719999917E+01  0 0 0 0 0 0 0 0 0   0.3293507827E-01  0 0 0 0 0 0 0 0 0  -0.1946763539E-01
    0.3759999916E+01  0 0 0 0 0 0 0 0 0   0.3081671413E-01  0 0 0 0 0 0 0 0 0  -0.1804756989E-01
    0.3799999915E+01  0 0 0 0 0 0 0 0 0   0.2882110985E-01  0 0 0 0 0 0 0 0 0  -0.1672172213E-01
    0.3839999914E+01  0 0 0 0 0 0 0 0 0   0.2694208425E-01  0 0 0 0 0 0 0 0 0  -0.1548464672E-01
    0.3879999913E+01  0 0 0 0 0 0 0 0 0   0.2517370645E-01  0 0 0 0 0 0 0 0 0  -0.1433114414E-01
    0.3919999912E+01  0 0 0 0 0 0 0 0 0   0.2351028960E-01  0 0 0 0 0 0 0 0 0  -0.1325625576E-01
    0.3959999911E+01  0 0 0 0 0 0 0 0 0   0.2194638459E-01  0 0 0 0 0 0 0 0 0  -0.1225525821E-01
    0.3999999911E+01  0 0 0 0 0 0 0 0 0   0.2047677357E-01  0 0 0 0 0 0 0 0 0  -0.1132365742E-01
    0.4039999910E+01  0 0 0 0 0 0 0 0 0   0.1909646343E-01  0 0 0 0 0 0 0 0 0  -0.1045718224E-01
    0.4079999909E+01  0 0 0 0 0 0 0 0 0   0.1780067926E-01  0 0 0 0 0 0 0 0 0  -0.9651777849E-02
    0.4119999908E+01  0 0 0 0 0 0 0 0 0   0.1658485775E-01  0 0 0 0 0 0 0 0 0  -0.8903598831E-02
    0.4159999907E+01  0 0 0 0 0 0 0 0 0   0.1544464064E-01  0 0 0 0 0 0 0 0 0  -0.8209002163E-02
    0.4199999906E+01  0 0 0 0 0 0 0 0 0   0.1437586811E-01  0 0 0 0 0 0 0 0 0  -0.7564540036E-02
    0.4239999905E+01  0 0 0 0 0 0 0 0 0   0.1337457229E-01  0 0 0 0 0 0 0 0 0  -0.6966952615E-02
    0.4279999904E+01  0 0 0 0 0 0 0 0 0   0.1243697079E-01  0 0 0 0 0 0 0 0 0  -0.6413160759E-02
    0.4319999903E+01  0 0 0 0 0 0 0 0 0   0.1155946025E-01  0 0 0 0 0 0 0 0 0  -0.5900258746E-02
    0.4359999903E+01  0 0 0 0 0 0 0 0 0   0.1073861005E-01  0 0 0 0 0 0 0 0 0  -0.5425507040E-02
    0.4399999902E+01  0 0 0 0 0 0 0 0 0   0.9971156038E-02  0 0 0 0 0 0 0 0 0  -0.4986325118E-02
    0.4439999901E+01  0 0 0 0 0 0 0 0 0   0.9253994373E-02  0 0 0 0 0 0 0 0 0  -0.4580284397E-02
    0.4479999900E+01  0 0 0 0 0 0 0 0 0   0.8584175497E-02  0 0 0 0 0 0 0 0 0  -0.4205101271E-02
    0.4519999899E+01  0 0 0 0 0 0 0 0 0   0.7958898183E-02  0 0 0 0 0 0 0 0 0  -0.3858630293E-02
    0.4559999898E+01  0 0 0 0 0 0 0 0 0   0.7375503726E-02  0 0 0 0 0 0 0 0 0  -0.3538857503E-02
    0.4599999897E+01  0 0 0 0 0 0 0 0 0   0.6831470242E-02  0 0 0 0 0 0 0 0 0  -0.3243893927E-02
    0.4639999896E+01  0 0 0 0 0 0 0 0 0   0.6324407108E-02  0 0 0 0 0 0 0 0 0  -0.2971969259E-02
    0.4679999895E+01  0 0 0 0 0 0 0 0 0   0.5852049520E-02  0 0 0 0 0 0 0 0 0  -0.2721425723E-02
    0.4719999894E+01  0 0 0 0 0 0 0 0 0   0.5412253199E-02  0 0 0 0 0 0 0 0 0  -0.2490712147E-02
    0.4759999894E+01  0 0 0 0 0 0 0 0 0   0.5002989230E-02  0 0 0 0 0 0 0 0 0  -0.2278378222E-02
    0.4799999893E+01  0 0 0 0 0 0 0 0 0   0.4622339039E-02  0 0 0 0 0 0 0 0 0  -0.2083068986E-02
    0.4839999892E+01  0 0 0 0 0 0 0 0 0   0.4268489515E-02  0 0 0 0 0 0 0 0 0  -0.1903519503E-02
    0.4879999891E+01  0 0 0 0 0 0 0 0 0   0.3939728274E-02  0 0 0 0 0 0 0 0 0  -0.1738549759E-02
    0.4919999890E+01  0 0 0 0 0 0 0 0 0   0.3634439061E-02  0 0 0 0 0 0 0 0 0  -0.1587059771E-02
    0.4959999889E+01  0 0 0 0 0 0 0 0 0   0.3351097303E-02  0 0 0 0 0 0 0 0 0  -0.1448024900E-02
    0.4999999888E+01  0 0 0 0 0 0 0 0 0   0.3088265797E-02  0 0 0 0 0 0 0 0 0  -0.1320491373E-02
    0.5039999887E+01  0 0 0 0 0 0 0 0 0   0.2844590545E-02  0 0 0 0 0 0 0 0 0  -0.1203572014E-02
    0.5079999886E+01  0 0 0 0 0 0 0 0 0   0.2618796731E-02  0 0 0 0 0 0 0 0 0  -0.1096442171E-02
    0.5119999886E+01  0 0 0 0 0 0 0 0 0   0.2409684835E-02  0 0 0 0 0 0 0 0 0  -0.9983358403E-03
    0.5159999885E+01  0 0 0 0 0 0 0 0 0   0.2216126893E-02  0 0 0 0 0 0 0 0 0  -0.9085419883E-03
    0.5199999884E+01  0 0 0 0 0 0 0 0 0   0.2037062885E-02  0 0 0 0 0 0 0 0 0  -0.8264010532E-03
    0.5239999883E+01  0 0 0 0 0 0 0 0 0   0.1871497269E-02  0 0 0 0 0 0 0 0 0  -0.7513016338E-03
    0.5279999882E+01  0 0 0 0 0 0 0 0 0   0.1718495640E-02  0 0 0 0 0 0 0 0 0  -0.6826773526E-03
    0.5319999881E+01  0 0 0 0 0 0 0 0 0   0.1577181528E-02  0 0 0 0 0 0 0 0 0  -0.6200038885E-03
    0.5359999880E+01  0 0 0 0 0 0 0 0 0   0.1446733320E-02  0 0 0 0 0 0 0 0 0  -0.5627961746E-03
    0.5399999879E+01  0 0 0 0 0 0 0 0 0   0.1326381310E-02  0 0 0 0 0 0 0 0 0  -0.5106057532E-03
    0.5439999878E+01  0 0 0 0 0 0 0 0 0   0.1215404871E-02  0 0 0 0 0 0 0 0 0  -0.4630182827E-03
    0.5479999878E+01  0 0 0 0 0 0 0 0 0   0.1113129753E-02  0 0 0 0 0 0 0 0 0  -0.4196511896E-03
    0.5519999877E+01  0 0 0 0 0 0 0 0 0   0.1018925495E-02  0 0 0 0 0 0 0 0 0  -0.3801514599E-03
    0.5559999876E+01  0 0 0 0 0 0 0 0 0   0.9322029522E-03  0 0 0 0 0 0 0 0 0  -0.3441935635E-03
    0.5599999875E+01  0 0 0 0 0 0 0 0 0   0.8524119348E-03  0 0 0 0 0 0 0 0 0  -0.3114775050E-03
    0.5639999874E+01  0 0 0 0 0 0 0 0 0   0.7790389589E-03  0 0 0 0 0 0 0 0 0  -0.2817269955E-03
    0.5679999873E+01  0 0 0 0 0 0 0 0 0   0.7116050994E-03  0 0 0 0 0 0 0 0 0  -0.2546877393E-03
    0.5719999872E+01  0 0 0 0 0 0 0 0 0   0.6496639474E-03  0 0 0 0 0 0 0 0 0  -0.2301258301E-03
    0.5759999871E+01  0 0 0 0 0 0 0 0 0   0.5927996657E-03  0 0 0 0 0 0 0 0 0  -0.2078262499E-03
    0.5799999870E+01  0 0 0 0 0 0 0 0 0   0.5406251406E-03  0 0 0 0 0 0 0 0 0  -0.1875914666E-03
    0.5839999869E+01  0 0 0 0 0 0 0 0 0   0.4927802271E-03  0 0 0 0 0 0 0 0 0  -0.1692401241E-03
    0.5879999869E+01  0 0 0 0 0 0 0 0 0   0.4489300817E-03  0 0 0 0 0 0 0 0 0  -0.1526058204E-03
    0.5919999868E+01  0 0 0 0 0 0 0 0 0   0.4087635838E-03  0 0 0 0 0 0 0 0 0  -0.1375359682E-03
    0.5959999867E+01  0 0 0 0 0 0 0 0 0   0.3719918376E-03  0 0 0 0 0 0 0 0 0  -0.1238907334E-03
    0.5999999866E+01  0 0 0 0 0 0 0 0 0   0.3383467557E-03  0 0 0 0 0 0 0 0 0  -0.1115420476E-03
    0.6039999865E+01  0 0 0 0 0 0 0 0 0   0.3075797182E-03  0 0 0 0 0 0 0 0 0  -0.1003726894E-03
    0.6079999864E+01  0 0 0 0 0 0 0 0 0   0.2794603062E-03  0 0 0 0 0 0 0 0 0  -0.9027543049E-04
    0.6119999863E+01  0 0 0 0 0 0 0 0 0   0.2537751048E-03  0 0 0 0 0 0 0 0 0  -0.8115224342E-04
    0.6159999862E+01  0 0 0 0 0 0 0 0 0   0.2303265742E-03  0 0 0 0 0 0 0 0 0  -0.7291356591E-04
    0.6199999861E+01  0 0 0 0 0 0 0 0 0   0.2089319856E-03  0 0 0 0 0 0 0 0 0  -0.6547761914E-04
    0.6239999861E+01  0 0 0 0 0 0 0 0 0   0.1894224182E-03  0 0 0 0 0 0 0 0 0  -0.5876977616E-04
    0.6279999860E+01  0 0 0 0 0 0 0 0 0   0.1716418151E-03  0 0 0 0 0 0 0 0 0  -0.5272197724E-04
    0.6319999859E+01  0 0 0 0 0 0 0 0 0   0.1554460959E-03  0 0 0 0 0 0 0 0 0  -0.4727218899E-04
    0.6359999858E+01  0 0 0 0 0 0 0 0 0   0.1407023221E-03  0 0 0 0 0 0 0 0 0  -0.4236390455E-04
    0.6399999857E+01  0 0 0 0 0 0 0 0 0   0.1272879138E-03  0 0 0 0 0 0 0 0 0  -0.3794568187E-04
    0.6439999856E+01  0 0 0 0 0 0 0 0 0   0.1150899145E-03  0 0 0 0 0 0 0 0 0  -0.3397071758E-04
    0.6479999855E+01  0 0 0 0 0 0 0 0 0   0.1040043020E-03  0 0 0 0 0 0 0 0 0  -0.3039645399E-04
    0.6519999854E+01  0 0 0 0 0 0 0 0 0   0.9393534299E-04  0 0 0 0 0 0 0 0 0  -0.2718421685E-04
    0.6559999853E+01  0 0 0 0 0 0 0 0 0   0.8479498828E-04  0 0 0 0 0 0 0 0 0  -0.2429888182E-04
    0.6599999852E+01  0 0 0 0 0 0 0 0 0   0.7650230800E-04  0 0 0 0 0 0 0 0 0  -0.2170856747E-04
    0.6639999852E+01  0 0 0 0 0 0 0 0 0   0.6898296326E-04  0 0 0 0 0 0 0 0 0  -0.1938435292E-04
    0.6679999851E+01  0 0 0 0 0 0 0 0 0   0.6216871284E-04  0 0 0 0 0 0 0 0 0  -0.1730001841E-04
    0.6719999850E+01  0 0 0 0 0 0 0 0 0   0.5599695301E-04  0 0 0 0 0 0 0 0 0  -0.1543180699E-04
    0.6759999849E+01  0 0 0 0 0 0 0 0 0   0.5041028831E-04  0 0 0 0 0 0 0 0 0  -0.1375820589E-04
    0.6799999848E+01  0 0 0 0 0 0 0 0 0   0.4535613184E-04  0 0 0 0 0 0 0 0 0  -0.1225974593E-04
    0.6839999847E+01  0 0 0 0 0 0 0 0 0   0.4078633300E-04  0 0 0 0 0 0 0 0 0  -0.1091881776E-04
    0.6879999846E+01  0 0 0 0 0 0 0 0 0   0.3665683138E-04  0 0 0 0 0 0 0 0 0  -0.9719503499E-05
    0.6919999845E+01  0 0 0 0 0 0 0 0 0   0.3292733490E-04  0 0 0 0 0 0 0 0 0  -0.8647422731E-05
    0.6959999844E+01  0 0 0 0 0 0 0 0 0   0.2956102098E-04  0 0 0 0 0 0 0 0 0  -0.7689591578E-05
    0.6999999844E+01  0 0 0 0 0 0 0 0 0   0.2652425923E-04  0 0 0 0 0 0 0 0 0  -0.6834293947E-05
    0.7039999843E+01  0 0 0 0 0 0 0 0 0   0.2378635417E-04  0 0 0 0 0 0 0 0 0  -0.6070963913E-05
    0.7079999842E+01  0 0 0 0 0 0 0 0 0   0.2131930695E-04  0 0 0 0 0 0 0 0 0  -0.5390078372E-05
    0.7119999841E+01  0 0 0 0 0 0 0 0 0   0.1909759467E-04  0 0 0 0 0 0 0 0 0  -0.4783059130E-05
    0.7159999840E+01  0 0 0 0 0 0 0 0 0   0.1709796620E-04  0 0 0 0 0 0 0 0 0  -0.4242183650E-05
    0.7199999839E+01  0 0 0 0 0 0 0 0 0   0.1529925343E-04  0 0 0 0 0 0 0 0 0  -0.3760503753E-05
    0.7239999838E+01  0 0 0 0 0 0 0 0 0   0.1368219686E-04  0 0 0 0 0 0 0 0 0  -0.3331771619E-05
    0.7279999837E+01  0 0 0 0 0 0 0 0 0   0.1222928465E-04  0 0 0 0 0 0 0 0 0  -0.2950372456E-05
    0.7319999836E+01  0 0 0 0 0 0 0 0 0   0.1092460413E-04  0 0 0 0 0 0 0 0 0  -0.2611263304E-05
    0.7359999835E+01  0 0 0 0 0 0 0 0 0   0.9753704928E-05  0 0 0 0 0 0 0 0 0  -0.2309917429E-05
    0.7399999835E+01  0 0 0 0 0 0 0 0 0   0.8703472885E-05  0 0 0 0 0 0 0 0 0  -0.2042273844E-05
    0.7439999834E+01  0 0 0 0 0 0 0 0 0   0.7762014069E-05  0 0 0 0 0 0 0 0 0  -0.1804691504E-05
    0.7479999833E+01  0 0 0 0 0 0 0 0 0   0.6918548044E-05  0 0 0 0 0 0 0 0 0  -0.1593907781E-05
    0.7519999832E+01  0 0 0 0 0 0 0 0 0   0.6163309818E-05  0 0 0 0 0 0 0 0 0  -0.1407000827E-05
    0.7559999831E+01  0 0 0 0 0 0 0 0 0   0.5487459790E-05  0 0 0 0 0 0 0 0 0  -0.1241355504E-05
    0.7599999830E+01  0 0 0 0 0 0 0 0 0   0.4883001116E-05  0 0 0 0 0 0 0 0 0  -0.1094632545E-05
    0.7639999829E+01  0 0 0 0 0 0 0 0 0   0.4342703937E-05  0 0 0 0 0 0 0 0 0  -0.9647406639E-06
    0.7679999828E+01  0 0 0 0 0 0 0 0 0   0.3860035950E-05  0 0 0 0 0 0 0 0 0  -0.8498113561E-06
    0.7719999827E+01  0 0 0 0 0 0 0 0 0   0.3429098837E-05  0 0 0 0 0 0 0 0 0  -0.7481761312E-06
    0.7759999827E+01  0 0 0 0 0 0 0 0 0   0.3044570104E-05  0 0 0 0 0 0 0 0 0  -0.6583459665E-06
    0.7799999826E+01  0 0 0 0 0 0 0 0 0   0.2701649907E-05  0 0 0 0 0 0 0 0 0  -0.5789927728E-06
    0.7839999825E+01  0 0 0 0 0 0 0 0 0   0.2396012472E-05  0 0 0 0 0 0 0 0 0  -0.5089326866E-06
    0.7879999824E+01  0 0 0 0 0 0 0 0 0   0.2123761746E-05  0 0 0 0 0 0 0 0 0  -0.4471110185E-06
    0.7919999823E+01  0 0 0 0 0 0 0 0 0   0.1881390941E-05  0 0 0 0 0 0 0 0 0  -0.3925887014E-06
    0.7959999822E+01  0 0 0 0 0 0 0 0 0   0.1665745663E-05  0 0 0 0 0 0 0 0 0  -0.3445300989E-06
    0.7999999821E+01  0 0 0 0 0 0 0 0 0   0.1473990315E-05  0 0 0 0 0 0 0 0 0  -0.3021920413E-06
    0.8039999820E+01  0 0 0 0 0 0 0 0 0   0.1303577495E-05  0 0 0 0 0 0 0 0 0  -0.2649139748E-06
    0.8079999819E+01  0 0 0 0 0 0 0 0 0   0.1152219621E-05  0 0 0 0 0 0 0 0 0  -0.2321091147E-06
    0.8119999819E+01  0 0 0 0 0 0 0 0 0   0.1017863697E-05  0 0 0 0 0 0 0 0 0  -0.2032565070E-06
    0.8159999818E+01  0 0 0 0 0 0 0 0 0   0.8986688276E-06  0 0 0 0 0 0 0 0 0  -0.1778939112E-06
    0.8199999817E+01  0 0 0 0 0 0 0 0 0   0.7929853454E-06  0 0 0 0 0 0 0 0 0  -0.1556114196E-06
    0.8239999816E+01  0 0 0 0 0 0 0 0 0   0.6993358739E-06  0 0 0 0 0 0 0 0 0  -0.1360457436E-06
    0.8279999815E+01  0 0 0 0 0 0 0 0 0   0.6163981584E-06  0 0 0 0 0 0 0 0 0  -0.1188750973E-06
    0.8319999814E+01  0 0 0 0 0 0 0 0 0   0.5429895165E-06  0 0 0 0 0 0 0 0 0  -0.1038146217E-06
    0.8359999813E+01  0 0 0 0 0 0 0 0 0   0.4780527662E-06  0 0 0 0 0 0 0 0 0  -0.9061229247E-07
    0.8399999812E+01  0 0 0 0 0 0 0 0 0   0.4206434983E-06  0 0 0 0 0 0 0 0 0  -0.7904526448E-07
    0.8439999811E+01  0 0 0 0 0 0 0 0 0   0.3699185729E-06  0 0 0 0 0 0 0 0 0  -0.6891660745E-07
    0.8479999810E+01  0 0 0 0 0 0 0 0 0   0.3251257303E-06  0 0 0 0 0 0 0 0 0  -0.6005239294E-07
    0.8519999810E+01  0 0 0 0 0 0 0 0 0   0.2855942144E-06  0 0 0 0 0 0 0 0 0  -0.5229909660E-07
    0.8559999809E+01  0 0 0 0 0 0 0 0 0   0.2507263152E-06  0 0 0 0 0 0 0 0 0  -0.4552128289E-07
    0.8599999808E+01  0 0 0 0 0 0 0 0 0   0.2199897462E-06  0 0 0 0 0 0 0 0 0  -0.3959954300E-07
    0.8639999807E+01  0 0 0 0 0 0 0 0 0   0.1929107794E-06  0 0 0 0 0 0 0 0 0  -0.3442865921E-07
    0.8679999806E+01  0 0 0 0 0 0 0 0 0   0.1690680660E-06  0 0 0 0 0 0 0 0 0  -0.2991597213E-07
    0.8719999805E+01  0 0 0 0 0 0 0 0 0   0.1480870783E-06  0 0 0 0 0 0 0 0 0  -0.2597992898E-07
    0.8759999804E+01  0 0 0 0 0 0 0 0 0   0.1296351144E-06  0 0 0 0 0 0 0 0 0  -0.2254879399E-07
    0.8799999803E+01  0 0 0 0 0 0 0 0 0   0.1134168116E-06  0 0 0 0 0 0 0 0 0  -0.1955950318E-07
    0.8839999802E+01  0 0 0 0 0 0 0 0 0   0.9917011881E-07  0 0 0 0 0 0 0 0 0  -0.1695664828E-07
    0.8879999802E+01  0 0 0 0 0 0 0 0 0   0.8666268426E-07  0 0 0 0 0 0 0 0 0  -0.1469157565E-07
    0.8919999801E+01  0 0 0 0 0 0 0 0 0   0.7568861790E-07  0 0 0 0 0 0 0 0 0  -0.1272158761E-07
    0.8959999800E+01  0 0 0 0 0 0 0 0 0   0.6606559102E-07  0 0 0 0 0 0 0 0 0  -0.1100923523E-07
    0.8999999799E+01  0 0 0 0 0 0 0 0 0   0.5763224038E-07  0 0 0 0 0 0 0 0 0  -0.9521692158E-08
    0.9039999798E+01  0 0 0 0 0 0 0 0 0   0.5024584609E-07  0 0 0 0 0 0 0 0 0  -0.8230200861E-08
    0.9079999797E+01  0 0 0 0 0 0 0 0 0   0.4378025601E-07  0 0 0 0 0 0 0 0 0  -0.7109582993E-08
    0.9119999796E+01  0 0 0 0 0 0 0 0 0   0.3812403160E-07  0 0 0 0 0 0 0 0 0  -0.6137806825E-08
    0.9159999795E+01  0 0 0 0 0 0 0 0 0   0.3317879290E-07  0 0 0 0 0 0 0 0 0  -0.5295605304E-08
    0.9199999794E+01  0 0 0 0 0 0 0 0 0   0.2885774212E-07  0 0 0 0 0 0 0 0 0  -0.4566139025E-08
    0.9239999793E+01  0 0 0 0 0 0 0 0 0   0.2508434749E-07  0 0 0 0 0 0 0 0 0  -0.3934699008E-08
    0.9279999793E+01  0 0 0 0 0 0 0 0 0   0.2179117090E-07  0 0 0 0 0 0 0 0 0  -0.3388444757E-08
    0.9319999792E+01  0 0 0 0 0 0 0 0 0   0.1891882411E-07  0 0 0 0 0 0 0 0 0  -0.2916173539E-08
    0.9359999791E+01  0 0 0 0 0 0 0 0 0   0.1641504024E-07  0 0 0 0 0 0 0 0 0  -0.2508117295E-08
    0.9399999790E+01  0 0 0 0 0 0 0 0 0   0.1423384833E-07  0 0 0 0 0 0 0 0 0  -0.2155763987E-08
    0.9439999789E+01  0 0 0 0 0 0 0 0 0   0.1233483995E-07  0 0 0 0 0 0 0 0 0  -0.1851700525E-08
    0.9479999788E+01  0 0 0 0 0 0 0 0 0   0.1068251811E-07  0 0 0 0 0 0 0 0 0  -0.1589474763E-08
    0.9519999787E+01  0 0 0 0 0 0 0 0 0   0.9245719594E-08  0 0 0 0 0 0 0 0 0  -0.1363474323E-08
    0.9559999786E+01  0 0 0 0 0 0 0 0 0   0.7997102830E-08  0 0 0 0 0 0 0 0 0  -0.1168820249E-08
    0.9599999785E+01  0 0 0 0 0 0 0 0 0   0.6912694054E-08  0 0 0 0 0 0 0 0 0  -0.1001273751E-08
    0.9639999785E+01  0 0 0 0 0 0 0 0 0   0.5971485526E-08  0 0 0 0 0 0 0 0 0  -0.8571544582E-09
    0.9679999784E+01  0 0 0 0 0 0 0 0 0   0.5155080001E-08  0 0 0 0 0 0 0 0 0  -0.7332688240E-09
    0.9719999783E+01  0 0 0 0 0 0 0 0 0   0.4447376341E-08  0 0 0 0 0 0 0 0 0  -0.6268474453E-09
    0.9759999782E+01  0 0 0 0 0 0 0 0 0   0.3834291717E-08  0 0 0 0 0 0 0 0 0  -0.5354902286E-09
    0.9799999781E+01  0 0 0 0 0 0 0 0 0   0.3303516285E-08  0 0 0 0 0 0 0 0 0  -0.4571184476E-09
    0.9839999780E+01  0 0 0 0 0 0 0 0 0   0.2844296691E-08  0 0 0 0 0 0 0 0 0  -0.3899328508E-09
    0.9879999779E+01  0 0 0 0 0 0 0 0 0   0.2447245144E-08  0 0 0 0 0 0 0 0 0  -0.3323770809E-09
    0.9919999778E+01  0 0 0 0 0 0 0 0 0   0.2104171145E-08  0 0 0 0 0 0 0 0 0  -0.2831057491E-09
    0.9959999777E+01  0 0 0 0 0 0 0 0 0   0.1807933293E-08  0 0 0 0 0 0 0 0 0  -0.2409565923E-09
    0.9999999776E+01  0 0 0 0 0 0 0 0 0   0.1552308834E-08  0 0 0 0 0 0 0 0 0  -0.2049262031E-09
    0.1003999978E+02  0 0 0 0 0 0 0 0 0   0.1331878934E-08  0 0 0 0 0 0 0 0 0  -0.1741488901E-09
    0.1007999977E+02  0 0 0 0 0 0 0 0 0   0.1141927824E-08  0 0 0 0 0 0 0 0 0  -0.1478782744E-09
    0.1011999977E+02  0 0 0 0 0 0 0 0 0   0.9783542073E-09  0 0 0 0 0 0 0 0 0  -0.1254712790E-09
    0.1015999977E+02  0 0 0 0 0 0 0 0 0   0.8375934880E-09  0 0 0 0 0 0 0 0 0  -0.1063742084E-09
    0.1019999977E+02  0 0 0 0 0 0 0 0 0   0.7165495434E-09  0 0 0 0 0 0 0 0 0  -0.9011065347E-10
    0.1023999977E+02  0 0 0 0 0 0 0 0 0   0.6125349062E-09  0 0 0 0 0 0 0 0 0  -0.7627098911E-10
    0.1027999977E+02  0 0 0 0 0 0 0 0 0   0.5232183566E-09  0 0 0 0 0 0 0 0 0  -0.6450326004E-10
    0.1031999977E+02  0 0 0 0 0 0 0 0 0   0.4465790346E-09  0 0 0 0 0 0 0 0 0  -0.5450527727E-10
    0.1035999977E+02  0 0 0 0 0 0 0 0 0   0.3808662878E-09  0 0 0 0 0 0 0 0 0  -0.4601776828E-10
    0.1039999977E+02  0 0 0 0 0 0 0 0 0   0.3245645605E-09  0 0 0 0 0 0 0 0 0  -0.3881844462E-10
    0.1043999977E+02  0 0 0 0 0 0 0 0 0   0.2763627124E-09  0 0 0 0 0 0 0 0 0  -0.3271686727E-10
    0.1047999977E+02  0 0 0 0 0 0 0 0 0   0.2351272229E-09  0 0 0 0 0 0 0 0 0  -0.2755000561E-10
    0.1051999976E+02  0 0 0 0 0 0 0 0 0   0.1998788074E-09  0 0 0 0 0 0 0 0 0  -0.2317839876E-10
    0.1055999976E+02  0 0 0 0 0 0 0 0 0   0.1697720211E-09  0 0 0 0 0 0 0 0 0  -0.1948283992E-10
    0.1059999976E+02  0 0 0 0 0 0 0 0 0   0.1440774836E-09  0 0 0 0 0 0 0 0 0  -0.1636151440E-10
    0.1063999976E+02  0 0 0 0 0 0 0 0 0   0.1221663948E-09  0 0 0 0 0 0 0 0 0  -0.1372753098E-10
    0.1067999976E+02  0 0 0 0 0 0 0 0 0   0.1034970580E-09  0 0 0 0 0 0 0 0 0  -0.1150679403E-10
    0.1071999976E+02  0 0 0 0 0 0 0 0 0   0.8760315580E-10  0 0 0 0 0 0 0 0 0  -0.9636170682E-11
    0.1075999976E+02  0 0 0 0 0 0 0 0 0   0.7408355918E-10  0 0 0 0 0 0 0 0 0  -0.8061913297E-11
    0.1079999976E+02  0 0 0 0 0 0 0 0 0   0.6259347456E-10  0 0 0 0 0 0 0 0 0  -0.6738302589E-11
    0.1083999976E+02  0 0 0 0 0 0 0 0 0   0.5283675817E-10  0 0 0 0 0 0 0 0 0  -0.5626481487E-11
    0.1087999976E+02  0 0 0 0 0 0 0 0 0   0.4455924879E-10  0 0 0 0 0 0 0 0 0  -0.4693453633E-11
    0.1091999976E+02  0 0 0 0 0 0 0 0 0   0.3754298763E-10  0 0 0 0 0 0 0 0 0  -0.3911223936E-11
    0.1095999976E+02  0 0 0 0 0 0 0 0 0   0.3160121092E-10  0 0 0 0 0 0 0 0 0  -0.3256061613E-11
    0.1099999975E+02  0 0 0 0 0 0 0 0 0   0.2657401489E-10  0 0 0 0 0 0 0 0 0  -0.2707868745E-11
    0.1103999975E+02  0 0 0 0 0 0 0 0 0   0.2232460551E-10  0 0 0 0 0 0 0 0 0  -0.2249639684E-11
    0.1107999975E+02  0 0 0 0 0 0 0 0 0   0.1873605646E-10  0 0 0 0 0 0 0 0 0  -0.1866998602E-11
    0.1111999975E+02  0 0 0 0 0 0 0 0 0   0.1570850851E-10  0 0 0 0 0 0 0 0 0  -0.1547804231E-11
    0.1115999975E+02  0 0 0 0 0 0 0 0 0   0.1315675194E-10  0 0 0 0 0 0 0 0 0  -0.1281812294E-11
    0.1119999975E+02  0 0 0 0 0 0 0 0 0   0.1100814124E-10  0 0 0 0 0 0 0 0 0  -0.1060387465E-11
    0.1123999975E+02  0 0 0 0 0 0 0 0 0   0.9200797721E-11  0 0 0 0 0 0 0 0 0  -0.8762578052E-12
    0.1127999975E+02  0 0 0 0 0 0 0 0 0   0.7682061506E-11  0 0 0 0 0 0 0 0 0  -0.7233055827E-12
    0.1131999975E+02  0 0 0 0 0 0 0 0 0   0.6407159385E-11  0 0 0 0 0 0 0 0 0  -0.5963892600E-12
    0.1135999975E+02  0 0 0 0 0 0 0 0 0   0.5338059265E-11  0 0 0 0 0 0 0 0 0  -0.4911921319E-12
    0.1139999975E+02  0 0 0 0 0 0 0 0 0   0.4442485951E-11  0 0 0 0 0 0 0 0 0  -0.4040937473E-12
    0.1143999974E+02  0 0 0 0 0 0 0 0 0   0.3693076161E-11  0 0 0 0 0 0 0 0 0  -0.3320607874E-12
    0.1147999974E+02  0 0 0 0 0 0 0 0 0   0.3066653813E-11  0 0 0 0 0 0 0 0 0  -0.2725545446E-12
    0.1151999974E+02  0 0 0 0 0 0 0 0 0   0.2543608937E-11  0 0 0 0 0 0 0 0 0  -0.2234525519E-12
    0.1155999974E+02  0 0 0 0 0 0 0 0 0   0.2107365647E-11  0 0 0 0 0 0 0 0 0  -0.1829822653E-12
    0.1159999974E+02  0 0 0 0 0 0 0 0 0   0.1743927098E-11  0 0 0 0 0 0 0 0 0  -0.1496650017E-12
    0.1163999974E+02  0 0 0 0 0 0 0 0 0   0.1441486557E-11  0 0 0 0 0 0 0 0 0  -0.1222685946E-12
    0.1167999974E+02  0 0 0 0 0 0 0 0 0   0.1190095266E-11  0 0 0 0 0 0 0 0 0  -0.9976745286E-13
    0.1171999974E+02  0 0 0 0 0 0 0 0 0   0.9813790836E-12  0 0 0 0 0 0 0 0 0  -0.8130890083E-13
    0.1175999974E+02  0 0 0 0 0 0 0 0 0   0.8082969585E-12  0 0 0 0 0 0 0 0 0  -0.6618484173E-13
    0.1179999974E+02  0 0 0 0 0 0 0 0 0   0.6649352715E-12  0 0 0 0 0 0 0 0 0  -0.5380792829E-13
    0.1183999974E+02  0 0 0 0 0 0 0 0 0   0.5463328847E-12  0 0 0 0 0 0 0 0 0  -0.4369154571E-13
    0.1187999973E+02  0 0 0 0 0 0 0 0 0   0.4483324690E-12  0 0 0 0 0 0 0 0 0  -0.3543301561E-13
    0.1191999973E+02  0 0 0 0 0 0 0 0 0   0.3674542905E-12  0 0 0 0 0 0 0 0 0  -0.2869951871E-13
    0.1195999973E+02  0 0 0 0 0 0 0 0 0   0.3007891764E-12  0 0 0 0 0 0 0 0 0  -0.2321630954E-13
    0.1199999973E+02  0 0 0 0 0 0 0 0 0   0.2459078431E-12  0 0 0 0 0 0 0 0 0  -0.1875686146E-13
    0.1203999973E+02  0 0 0 0 0 0 0 0 0   0.2007841681E-12  0 0 0 0 0 0 0 0 0  -0.1513463556E-13
    0.1207999973E+02  0 0 0 0 0 0 0 0 0   0.1637303337E-12  0 0 0 0 0 0 0 0 0  -0.1219621392E-13
    0.1211999973E+02  0 0 0 0 0 0 0 0 0   0.1333420681E-12  0 0 0 0 0 0 0 0 0  -0.9815578070E-14
    0.1215999973E+02  0 0 0 0 0 0 0 0 0   0.1084524632E-12  0 0 0 0 0 0 0 0 0  -0.7889347520E-14
    0.1219999973E+02  0 0 0 0 0 0 0 0 0   0.8809307287E-13  0 0 0 0 0 0 0 0 0  -0.6332821987E-14
    0.1223999973E+02  0 0 0 0 0 0 0 0 0   0.7146118101E-13  0 0 0 0 0 0 0 0 0  -0.5076695928E-14
    0.1227999973E+02  0 0 0 0 0 0 0 0 0   0.5789229571E-13  0 0 0 0 0 0 0 0 0  -0.4064334546E-14
    0.1231999972E+02  0 0 0 0 0 0 0 0 0   0.4683706184E-13  0 0 0 0 0 0 0 0 0  -0.3249518215E-14
    0.1235999972E+02  0 0 0 0 0 0 0 0 0   0.3784190715E-13  0 0 0 0 0 0 0 0 0  -0.2594577184E-14
    0.1239999972E+02  0 0 0 0 0 0 0 0 0   0.3053283818E-13  0 0 0 0 0 0 0 0 0  -0.2068851051E-14
    0.1243999972E+02  0 0 0 0 0 0 0 0 0   0.2460189076E-13  0 0 0 0 0 0 0 0 0  -0.1647418120E-14
    0.1247999972E+02  0 0 0 0 0 0 0 0 0   0.1979581474E-13  0 0 0 0 0 0 0 0 0  -0.1310048781E-14
    0.1251999972E+02  0 0 0 0 0 0 0 0 0   0.1590663702E-13  0 0 0 0 0 0 0 0 0  -0.1040344548E-14
    0.1255999972E+02  0 0 0 0 0 0 0 0 0   0.1276380141E-13  0 0 0 0 0 0 0 0 0  -0.8250307991E-15
    0.1259999972E+02  0 0 0 0 0 0 0 0 0   0.1022763074E-13  0 0 0 0 0 0 0 0 0  -0.6533765711E-15
    0.1263999972E+02  0 0 0 0 0 0 0 0 0   0.8183895984E-14  0 0 0 0 0 0 0 0 0  -0.5167192343E-15
    0.1267999972E+02  0 0 0 0 0 0 0 0 0   0.6539311428E-14  0 0 0 0 0 0 0 0 0  -0.4080756392E-15
    0.1271999972E+02  0 0 0 0 0 0 0 0 0   0.5217802865E-14  0 0 0 0 0 0 0 0 0  -0.3218244454E-15
    0.1275999971E+02  0 0 0 0 0 0 0 0 0   0.4157420725E-14  0 0 0 0 0 0 0 0 0  -0.2534469708E-15
    0.1279999971E+02  0 0 0 0 0 0 0 0 0   0.3307790195E-14  0 0 0 0 0 0 0 0 0  -0.1993160821E-15
    0.1283999971E+02  0 0 0 0 0 0 0 0 0   0.2628007955E-14  0 0 0 0 0 0 0 0 0  -0.1565244672E-15
    0.1287999971E+02  0 0 0 0 0 0 0 0 0   0.2084909821E-14  0 0 0 0 0 0 0 0 0  -0.1227451447E-15
    0.1291999971E+02  0 0 0 0 0 0 0 0 0   0.1651645952E-14  0 0 0 0 0 0 0 0 0  -0.9611832473E-16
    0.1295999971E+02  0 0 0 0 0 0 0 0 0   0.1306510753E-14  0 0 0 0 0 0 0 0 0  -0.7515977576E-16
    0.1299999971E+02  0 0 0 0 0 0 0 0 0   0.1031983368E-14  0 0 0 0 0 0 0 0 0  -0.5868672095E-16
    0.1303999971E+02  0 0 0 0 0 0 0 0 0   0.8139420303E-15  0 0 0 0 0 0 0 0 0  -0.4575799788E-16
    0.1307999971E+02  0 0 0 0 0 0 0 0 0   0.6410217569E-15  0 0 0 0 0 0 0 0 0  -0.3562580926E-16
    0.1311999971E+02  0 0 0 0 0 0 0 0 0   0.5040900101E-15  0 0 0 0 0 0 0 0 0  -0.2769687755E-16
    0.1315999971E+02  0 0 0 0 0 0 0 0 0   0.3958193324E-15  0 0 0 0 0 0 0 0 0  -0.2150121792E-16
    0.1319999970E+02  0 0 0 0 0 0 0 0 0   0.3103395486E-15  0 0 0 0 0 0 0 0 0  -0.1666707355E-16
    0.1323999970E+02  0 0 0 0 0 0 0 0 0   0.2429551622E-15  0 0 0 0 0 0 0 0 0  -0.1290082784E-16
    0.1327999970E+02  0 0 0 0 0 0 0 0 0   0.1899160855E-15  0 0 0 0 0 0 0 0 0  -0.9970930062E-17
    0.1331999970E+02  0 0 0 0 0 0 0 0 0   0.1482319281E-15  0 0 0 0 0 0 0 0 0  -0.7695052303E-17
    0.1335999970E+02  0 0 0 0 0 0 0 0 0   0.1155218088E-15  0 0 0 0 0 0 0 0 0  -0.5929844089E-17
    0.1339999970E+02  0 0 0 0 0 0 0 0 0   0.8989308620E-16  0 0 0 0 0 0 0 0 0  -0.4562771966E-17
    0.1343999970E+02  0 0 0 0 0 0 0 0 0   0.6984359860E-16  0 0 0 0 0 0 0 0 0  -0.3505629870E-17
    0.1347999970E+02  0 0 0 0 0 0 0 0 0   0.5418298065E-16  0 0 0 0 0 0 0 0 0  -0.2689386322E-17
    0.1351999970E+02  0 0 0 0 0 0 0 0 0   0.4196943733E-16  0 0 0 0 0 0 0 0 0  -0.2060099491E-17
    0.1355999970E+02  0 0 0 0 0 0 0 0 0   0.3245902063E-16  0 0 0 0 0 0 0 0 0  -0.1575683944E-17
    0.1359999970E+02  0 0 0 0 0 0 0 0 0   0.2506500321E-16  0 0 0 0 0 0 0 0 0  -0.1203355572E-17
    0.1363999970E+02  0 0 0 0 0 0 0 0 0   0.1932539210E-16  0 0 0 0 0 0 0 0 0  -0.9176156509E-18
    0.1367999969E+02  0 0 0 0 0 0 0 0 0   0.1487699445E-16  0 0 0 0 0 0 0 0 0  -0.6986628242E-18
    0.1371999969E+02  0 0 0 0 0 0 0 0 0   0.1143474783E-16  0 0 0 0 0 0 0 0 0  -0.5311441744E-18
    0.1375999969E+02  0 0 0 0 0 0 0 0 0   0.8775273782E-17  0 0 0 0 0 0 0 0 0  -0.4031745567E-18
    0.1379999969E+02  0 0 0 0 0 0 0 0 0   0.6723813512E-17  0 0 0 0 0 0 0 0 0  -0.3055678162E-18
    0.1383999969E+02  0 0 0 0 0 0 0 0 0   0.5143867428E-17  0 0 0 0 0 0 0 0 0  -0.2312350845E-18
    0.1387999969E+02  0 0 0 0 0 0 0 0 0   0.3928992755E-17  0 0 0 0 0 0 0 0 0  -0.1747146071E-18
    0.1391999969E+02  0 0 0 0 0 0 0 0 0   0.2996320562E-17  0 0 0 0 0 0 0 0 0  -0.1318049478E-18
    0.1395999969E+02  0 0 0 0 0 0 0 0 0   0.2281440437E-17  0 0 0 0 0 0 0 0 0  -0.9927930741E-19
    0.1399999969E+02  0 0 0 0 0 0 0 0 0   0.1734371081E-17  0 0 0 0 0 0 0 0 0  -0.7466338165E-19
    0.1403999969E+02  0 0 0 0 0 0 0 0 0   0.1316391693E-17  0 0 0 0 0 0 0 0 0  -0.5606291128E-19
    0.1407999969E+02  0 0 0 0 0 0 0 0 0   0.9975544783E-18  0 0 0 0 0 0 0 0 0  -0.4203002708E-19
    0.1411999968E+02  0 0 0 0 0 0 0 0 0   0.7547352009E-18  0 0 0 0 0 0 0 0 0  -0.3145983366E-19
    0.1415999968E+02  0 0 0 0 0 0 0 0 0   0.5701080010E-18  0 0 0 0 0 0 0 0 0  -0.2351052260E-19
    0.1419999968E+02  0 0 0 0 0 0 0 0 0   0.4299541922E-18  0 0 0 0 0 0 0 0 0  -0.1754176367E-19
    0.1423999968E+02  0 0 0 0 0 0 0 0 0   0.3237334973E-18  0 0 0 0 0 0 0 0 0  -0.1306727097E-19
    0.1427999968E+02  0 0 0 0 0 0 0 0 0   0.2433611477E-18  0 0 0 0 0 0 0 0 0  -0.9718343162E-20
    0.1431999968E+02  0 0 0 0 0 0 0 0 0   0.1826461878E-18  0 0 0 0 0 0 0 0 0  -0.7215885750E-20
    0.1435999968E+02  0 0 0 0 0 0 0 0 0   0.1368557863E-18  0 0 0 0 0 0 0 0 0  -0.5348977787E-20
    0.1439999968E+02  0 0 0 0 0 0 0 0 0   0.1023778734E-18  0 0 0 0 0 0 0 0 0  -0.3958479703E-20
    0.1443999968E+02  0 0 0 0 0 0 0 0 0   0.7646036513E-19  0 0 0 0 0 0 0 0 0  -0.2924517549E-20
    0.1447999968E+02  0 0 0 0 0 0 0 0 0   0.5700993810E-19  0 0 0 0 0 0 0 0 0  -0.2156943009E-20
    0.1451999968E+02  0 0 0 0 0 0 0 0 0   0.4243702571E-19  0 0 0 0 0 0 0 0 0  -0.1588073870E-20
    0.1455999967E+02  0 0 0 0 0 0 0 0 0   0.3153662679E-19  0 0 0 0 0 0 0 0 0  -0.1167179145E-20
    0.1459999967E+02  0 0 0 0 0 0 0 0 0   0.2339681185E-19  0 0 0 0 0 0 0 0 0  -0.8562966175E-21
    0.1463999967E+02  0 0 0 0 0 0 0 0 0   0.1732861362E-19  0 0 0 0 0 0 0 0 0  -0.6270662656E-21
    0.1467999967E+02  0 0 0 0 0 0 0 0 0   0.1281239727E-19  0 0 0 0 0 0 0 0 0  -0.4583368629E-21
    0.1471999967E+02  0 0 0 0 0 0 0 0 0   0.9456909273E-20  0 0 0 0 0 0 0 0 0  -0.3343600541E-21
    0.1475999967E+02  0 0 0 0 0 0 0 0 0   0.6968061295E-20  0 0 0 0 0 0 0 0 0  -0.2434300150E-21
    0.1479999967E+02  0 0 0 0 0 0 0 0 0   0.5125177584E-20  0 0 0 0 0 0 0 0 0  -0.1768605057E-21
    0.1483999967E+02  0 0 0 0 0 0 0 0 0   0.3762952629E-20  0 0 0 0 0 0 0 0 0  -0.1282169480E-21
    0.1487999967E+02  0 0 0 0 0 0 0 0 0   0.2757770845E-20  0 0 0 0 0 0 0 0 0  -0.9274093537E-22
    0.1491999967E+02  0 0 0 0 0 0 0 0 0   0.2017351306E-20  0 0 0 0 0 0 0 0 0  -0.6691969496E-22
    0.1495999967E+02  0 0 0 0 0 0 0 0 0   0.1472923932E-20  0 0 0 0 0 0 0 0 0  -0.4816454496E-22
    0.1499999966E+02  0 0 0 0 0 0 0 0 0   0.1073328265E-20  0 0 0 0 0 0 0 0 0  -0.3457116856E-22
    0.1503999966E+02  0 0 0 0 0 0 0 0 0   0.7805705827E-21  0 0 0 0 0 0 0 0 0  -0.2474119579E-22
    0.1507999966E+02  0 0 0 0 0 0 0 0 0   0.5664843954E-21  0 0 0 0 0 0 0 0 0  -0.1764964488E-22
    0.1511999966E+02  0 0 0 0 0 0 0 0 0   0.4102253570E-21  0 0 0 0 0 0 0 0 0  -0.1254660740E-22
    0.1515999966E+02  0 0 0 0 0 0 0 0 0   0.2963949576E-21  0 0 0 0 0 0 0 0 0  -0.8884458974E-23
    0.1519999966E+02  0 0 0 0 0 0 0 0 0   0.2136380143E-21  0 0 0 0 0 0 0 0 0  -0.6264063041E-23
    0.1523999966E+02  0 0 0 0 0 0 0 0 0   0.1535958452E-21  0 0 0 0 0 0 0 0 0  -0.4395082545E-23
    0.1527999966E+02  0 0 0 0 0 0 0 0 0   0.1101267302E-21  0 0 0 0 0 0 0 0 0  -0.3066751880E-23
    0.1531999966E+02  0 0 0 0 0 0 0 0 0   0.7872620924E-22  0 0 0 0 0 0 0 0 0  -0.2126390893E-23
    0.1535999966E+02  0 0 0 0 0 0 0 0 0   0.5609650822E-22  0 0 0 0 0 0 0 0 0  -0.1463639042E-23
    0.1539999966E+02  0 0 0 0 0 0 0 0 0   0.3982795527E-22  0 0 0 0 0 0 0 0 0  -0.9989079939E-24
    0.1543999965E+02  0 0 0 0 0 0 0 0 0   0.2816310373E-22  0 0 0 0 0 0 0 0 0  -0.6749397098E-24
    0.1547999965E+02  0 0 0 0 0 0 0 0 0   0.1982267707E-22  0 0 0 0 0 0 0 0 0  -0.4506465039E-24
    0.1551999965E+02  0 0 0 0 0 0 0 0 0   0.1387732322E-22  0 0 0 0 0 0 0 0 0  -0.2966248421E-24
    0.1555999965E+02  0 0 0 0 0 0 0 0 0   0.9653323134E-23  0 0 0 0 0 0 0 0 0  -0.1918946152E-24
    0.1559999965E+02  0 0 0 0 0 0 0 0 0   0.6663252727E-23  0 0 0 0 0 0 0 0 0  -0.1215337833E-24
    0.1563999965E+02  0 0 0 0 0 0 0 0 0   0.4555225216E-23  0 0 0 0 0 0 0 0 0  -0.7496625687E-25
    0.1567999965E+02  0 0 0 0 0 0 0 0 0   0.3075903471E-23  0 0 0 0 0 0 0 0 0  -0.4472522868E-25
    0.1571999965E+02  0 0 0 0 0 0 0 0 0   0.2043278758E-23  0 0 0 0 0 0 0 0 0  -0.2556209292E-25
    0.1575999965E+02  0 0 0 0 0 0 0 0 0   0.1327102911E-23  0 0 0 0 0 0 0 0 0  -0.1380593108E-25
    0.1579999965E+02  0 0 0 0 0 0 0 0 0   0.8344584460E-24  0 0 0 0 0 0 0 0 0  -0.6904519447E-26
    0.1583999965E+02  0 0 0 0 0 0 0 0 0   0.4995235562E-24  0 0 0 0 0 0 0 0 0  -0.3096583055E-26
    0.1587999965E+02  0 0 0 0 0 0 0 0 0   0.2759210443E-24  0 0 0 0 0 0 0 0 0  -0.1179046441E-26
    0.1591999964E+02  0 0 0 0 0 0 0 0 0   0.1316727442E-24  0 0 0 0 0 0 0 0 0  -0.3429501195E-27
    0.1595999964E+02  0 0 0 0 0 0 0 0 0   0.4524744831E-25  0 0 0 0 0 0 0 0 0  -0.5946004772E-28
    0.1599999964E+02  0 0 0 0 0 0 0 0 0   0.3133745328E-26  0 0 0 0 0 0 0 0 0  -0.2623004158E-29



H_O_table=
    0.0000000001E+00  0 0 0 0 0 0 0 0    0.2905274984E-03     0.9157158864E+00  0 0 0 0 0 0 0 0   -0.7748689893E-06    -0.8931555078E+00
    0.3999999911E-01  0 0 0 0 0 0 0 0    0.8881971965E-01     0.9232138512E+00  0 0 0 0 0 0 0 0   -0.3648792134E-01    -0.8929165865E+00
    0.7999999821E-01  0 0 0 0 0 0 0 0    0.1747101553E+00     0.9423499785E+00  0 0 0 0 0 0 0 0   -0.7276212336E-01    -0.8921860573E+00
    0.1199999973E+00  0 0 0 0 0 0 0 0    0.2561373731E+00     0.9680672380E+00  0 0 0 0 0 0 0 0   -0.1086167974E+00    -0.8909287730E+00
    0.1599999964E+00  0 0 0 0 0 0 0 0    0.3319368594E+00     0.9966506329E+00  0 0 0 0 0 0 0 0   -0.1438562973E+00    -0.8890983202E+00
    0.1999999955E+00  0 0 0 0 0 0 0 0    0.4014300827E+00     0.1025483365E+01  0 0 0 0 0 0 0 0   -0.1782989419E+00    -0.8866445647E+00
    0.2399999946E+00  0 0 0 0 0 0 0 0    0.4642890992E+00     0.1052763904E+01  0 0 0 0 0 0 0 0   -0.2117788651E+00    -0.8835187830E+00
    0.2799999937E+00  0 0 0 0 0 0 0 0    0.5204375369E+00     0.1077293249E+01  0 0 0 0 0 0 0 0   -0.2441470150E+00    -0.8796770414E+00
    0.3199999928E+00  0 0 0 0 0 0 0 0    0.5699771036E+00     0.1098316753E+01  0 0 0 0 0 0 0 0   -0.2752715385E+00    -0.8750823052E+00
    0.3599999920E+00  0 0 0 0 0 0 0 0    0.6131326842E+00     0.1115405983E+01  0 0 0 0 0 0 0 0   -0.3050377232E+00    -0.8697056310E+00
    0.3999999911E+00  0 0 0 0 0 0 0 0    0.6502113810E+00     0.1128370049E+01  0 0 0 0 0 0 0 0   -0.3333476233E+00    -0.8635267029E+00
    0.4399999902E+00  0 0 0 0 0 0 0 0    0.6815721575E+00     0.1137188902E+01  0 0 0 0 0 0 0 0   -0.3601194675E+00    -0.8565339047E+00
    0.4799999893E+00  0 0 0 0 0 0 0 0    0.7076035128E+00     0.1141963162E+01  0 0 0 0 0 0 0 0   -0.3852869164E+00    -0.8487240686E+00
    0.5199999884E+00  0 0 0 0 0 0 0 0    0.7287071587E+00     0.1142876419E+01  0 0 0 0 0 0 0 0   -0.4087982236E+00    -0.8401020083E+00
    0.5599999875E+00  0 0 0 0 0 0 0 0    0.7452861443E+00     0.1140166954E+01  0 0 0 0 0 0 0 0   -0.4306153365E+00    -0.8306799115E+00
    0.5999999866E+00  0 0 0 0 0 0 0 0    0.7577362870E+00     0.1134106582E+01  0 0 0 0 0 0 0 0   -0.4507129673E+00    -0.8204766500E+00
    0.6399999857E+00  0 0 0 0 0 0 0 0    0.7664400965E+00     0.1124984913E+01  0 0 0 0 0 0 0 0   -0.4690776524E+00    -0.8095170482E+00
    0.6799999848E+00  0 0 0 0 0 0 0 0    0.7717626004E+00     0.1113097742E+01  0 0 0 0 0 0 0 0   -0.4857068175E+00    -0.7978311415E+00
    0.7199999839E+00  0 0 0 0 0 0 0 0    0.7740486354E+00     0.1098738609E+01  0 0 0 0 0 0 0 0   -0.5006078587E+00    -0.7854534447E+00
    0.7599999830E+00  0 0 0 0 0 0 0 0    0.7736212656E+00     0.1082192802E+01  0 0 0 0 0 0 0 0   -0.5137972482E+00    -0.7724222462E+00
    0.7999999821E+00  0 0 0 0 0 0 0 0    0.7707810641E+00     0.1063733226E+01  0 0 0 0 0 0 0 0   -0.5252996689E+00    -0.7587789384E+00
    0.8399999812E+00  0 0 0 0 0 0 0 0    0.7658060431E+00     0.1043617703E+01  0 0 0 0 0 0 0 0   -0.5351471836E+00    -0.7445673900E+00
    0.8799999803E+00  0 0 0 0 0 0 0 0    0.7589520643E+00     0.1022087363E+01  0 0 0 0 0 0 0 0   -0.5433784393E+00    -0.7298333649E+00
    0.9199999794E+00  0 0 0 0 0 0 0 0    0.7504535912E+00     0.9993658408E+00  0 0 0 0 0 0 0 0   -0.5500379086E+00    -0.7146239878E+00
    0.9599999785E+00  0 0 0 0 0 0 0 0    0.7405246773E+00     0.9756590870E+00  0 0 0 0 0 0 0 0   -0.5551751689E+00    -0.6989872580E+00
    0.9999999776E+00  0 0 0 0 0 0 0 0    0.7293601026E+00     0.9511556068E+00  0 0 0 0 0 0 0 0   -0.5588442191E+00    -0.6829716104E+00
    0.1039999977E+01  0 0 0 0 0 0 0 0    0.7171365960E+00     0.9260270142E+00  0 0 0 0 0 0 0 0   -0.5611028331E+00    -0.6666255202E+00
    0.1079999976E+01  0 0 0 0 0 0 0 0    0.7040140907E+00     0.9004287927E+00  0 0 0 0 0 0 0 0   -0.5620119506E+00    -0.6499971518E+00
    0.1119999975E+01  0 0 0 0 0 0 0 0    0.6901369777E+00     0.8745011882E+00  0 0 0 0 0 0 0 0   -0.5616351032E+00    -0.6331340471E+00
    0.1159999974E+01  0 0 0 0 0 0 0 0    0.6756353290E+00     0.8483701786E+00  0 0 0 0 0 0 0 0   -0.5600378756E+00    -0.6160828525E+00
    0.1199999973E+01  0 0 0 0 0 0 0 0    0.6606260739E+00     0.8221484731E+00  0 0 0 0 0 0 0 0   -0.5572874009E+00    -0.5988890798E+00
    0.1239999972E+01  0 0 0 0 0 0 0 0    0.6452141132E+00     0.7959365133E+00  0 0 0 0 0 0 0 0   -0.5534518904E+00    -0.5815969012E+00
    0.1279999971E+01  0 0 0 0 0 0 0 0    0.6294933674E+00     0.7698234514E+00  0 0 0 0 0 0 0 0   -0.5486001940E+00    -0.5642489726E+00
    0.1319999970E+01  0 0 0 0 0 0 0 0    0.6135477523E+00     0.7438880893E+00  0 0 0 0 0 0 0 0   -0.5428013945E+00    -0.5468862862E+00
    0.1359999970E+01  0 0 0 0 0 0 0 0    0.5974520832E+00     0.7181997717E+00  0 0 0 0 0 0 0 0   -0.5361244316E+00    -0.5295480466E+00
    0.1399999969E+01  0 0 0 0 0 0 0 0    0.5812729085E+00     0.6928192229E+00  0 0 0 0 0 0 0 0   -0.5286377565E+00    -0.5122715720E+00
    0.1439999968E+01  0 0 0 0 0 0 0 0    0.5650692741E+00     0.6677993277E+00  0 0 0 0 0 0 0 0   -0.5204090164E+00    -0.4950922149E+00
    0.1479999967E+01  0 0 0 0 0 0 0 0    0.5488934246E+00     0.6431858541E+00  0 0 0 0 0 0 0 0   -0.5115047671E+00    -0.4780433031E+00
    0.1519999966E+01  0 0 0 0 0 0 0 0    0.5327914423E+00     0.6190181193E+00  0 0 0 0 0 0 0 0   -0.5019902140E+00    -0.4611560980E+00
    0.1559999965E+01  0 0 0 0 0 0 0 0    0.5168038313E+00     0.5953296004E+00  0 0 0 0 0 0 0 0   -0.4919289801E+00    -0.4444597689E+00
    0.1599999964E+01  0 0 0 0 0 0 0 0    0.5009660490E+00     0.5721484938E+00  0 0 0 0 0 0 0 0   -0.4813829000E+00    -0.4279813818E+00
    0.1639999963E+01  0 0 0 0 0 0 0 0    0.4853089906E+00     0.5494982252E+00  0 0 0 0 0 0 0 0   -0.4704118398E+00    -0.4117459015E+00
    0.1679999962E+01  0 0 0 0 0 0 0 0    0.4698594293E+00     0.5273979151E+00  0 0 0 0 0 0 0 0   -0.4590735407E+00    -0.3957762054E+00
    0.1719999962E+01  0 0 0 0 0 0 0 0    0.4546404184E+00     0.5058628022E+00  0 0 0 0 0 0 0 0   -0.4474234866E+00    -0.3800931083E+00
    0.1759999961E+01  0 0 0 0 0 0 0 0    0.4396716561E+00     0.4849046287E+00  0 0 0 0 0 0 0 0   -0.4355147940E+00    -0.3647153961E+00
    0.1799999960E+01  0 0 0 0 0 0 0 0    0.4249698191E+00     0.4645319914E+00  0 0 0 0 0 0 0 0   -0.4233981230E+00    -0.3496598689E+00
    0.1839999959E+01  0 0 0 0 0 0 0 0    0.4105488650E+00     0.4447506601E+00  0 0 0 0 0 0 0 0   -0.4111216088E+00    -0.3349413907E+00
    0.1879999958E+01  0 0 0 0 0 0 0 0    0.3964203095E+00     0.4255638688E+00  0 0 0 0 0 0 0 0   -0.3987308122E+00    -0.3205729467E+00
    0.1919999957E+01  0 0 0 0 0 0 0 0    0.3825934778E+00     0.4069725801E+00  0 0 0 0 0 0 0 0   -0.3862686877E+00    -0.3065657056E+00
    0.1959999956E+01  0 0 0 0 0 0 0 0    0.3690757345E+00     0.3889757264E+00  0 0 0 0 0 0 0 0   -0.3737755692E+00    -0.2929290874E+00
    0.1999999955E+01  0 0 0 0 0 0 0 0    0.3558726926E+00     0.3715704301E+00  0 0 0 0 0 0 0 0   -0.3612891702E+00    -0.2796708345E+00
    0.2039999954E+01  0 0 0 0 0 0 0 0    0.3429884043E+00     0.3547522045E+00  0 0 0 0 0 0 0 0   -0.3488445991E+00    -0.2667970874E+00
    0.2079999954E+01  0 0 0 0 0 0 0 0    0.3304255342E+00     0.3385151374E+00  0 0 0 0 0 0 0 0   -0.3364743867E+00    -0.2543124622E+00
    0.2119999953E+01  0 0 0 0 0 0 0 0    0.3181855175E+00     0.3228520588E+00  0 0 0 0 0 0 0 0   -0.3242085271E+00    -0.2422201305E+00
    0.2159999952E+01  0 0 0 0 0 0 0 0    0.3062687031E+00     0.3077546947E+00  0 0 0 0 0 0 0 0   -0.3120745273E+00    -0.2305219012E+00
    0.2199999951E+01  0 0 0 0 0 0 0 0    0.2946744837E+00     0.2932138073E+00  0 0 0 0 0 0 0 0   -0.3000974682E+00    -0.2192183024E+00
    0.2239999950E+01  0 0 0 0 0 0 0 0    0.2834014138E+00     0.2792193235E+00  0 0 0 0 0 0 0 0   -0.2883000727E+00    -0.2083086647E+00
    0.2279999949E+01  0 0 0 0 0 0 0 0    0.2724473159E+00     0.2657604524E+00  0 0 0 0 0 0 0 0   -0.2767027816E+00    -0.1977912033E+00
    0.2319999948E+01  0 0 0 0 0 0 0 0    0.2618093770E+00     0.2528257930E+00  0 0 0 0 0 0 0 0   -0.2653238360E+00    -0.1876631006E+00
    0.2359999947E+01  0 0 0 0 0 0 0 0    0.2514842344E+00     0.2404034325E+00  0 0 0 0 0 0 0 0   -0.2541793640E+00    -0.1779205870E+00
    0.2399999946E+01  0 0 0 0 0 0 0 0    0.2414680540E+00     0.2284810354E+00  0 0 0 0 0 0 0 0   -0.2432834725E+00    -0.1685590212E+00
    0.2439999945E+01  0 0 0 0 0 0 0 0    0.2317565993E+00     0.2170459265E+00  0 0 0 0 0 0 0 0   -0.2326483418E+00    -0.1595729679E+00
    0.2479999945E+01  0 0 0 0 0 0 0 0    0.2223452936E+00     0.2060851641E+00  0 0 0 0 0 0 0 0   -0.2222843231E+00    -0.1509562743E+00
    0.2519999944E+01  0 0 0 0 0 0 0 0    0.2132292751E+00     0.1955856088E+00  0 0 0 0 0 0 0 0   -0.2122000367E+00    -0.1427021440E+00
    0.2559999943E+01  0 0 0 0 0 0 0 0    0.2044034454E+00     0.1855339849E+00  0 0 0 0 0 0 0 0   -0.2024024724E+00    -0.1348032083E+00
    0.2599999942E+01  0 0 0 0 0 0 0 0    0.1958625132E+00     0.1759169356E+00  0 0 0 0 0 0 0 0   -0.1928970888E+00    -0.1272515954E+00
    0.2639999941E+01  0 0 0 0 0 0 0 0    0.1876010319E+00     0.1667210740E+00  0 0 0 0 0 0 0 0   -0.1836879131E+00    -0.1200389956E+00
    0.2679999940E+01  0 0 0 0 0 0 0 0    0.1796134328E+00     0.1579330278E+00  0 0 0 0 0 0 0 0   -0.1747776394E+00    -0.1131567252E+00
    0.2719999939E+01  0 0 0 0 0 0 0 0    0.1718940546E+00     0.1495394808E+00  0 0 0 0 0 0 0 0   -0.1661677257E+00    -0.1065957855E+00
    0.2759999938E+01  0 0 0 0 0 0 0 0    0.1644371681E+00     0.1415272086E+00  0 0 0 0 0 0 0 0   -0.1578584887E+00    -0.1003469199E+00
    0.2799999937E+01  0 0 0 0 0 0 0 0    0.1572369982E+00     0.1338831113E+00  0 0 0 0 0 0 0 0   -0.1498491967E+00    -0.9440066724E-01
    0.2839999937E+01  0 0 0 0 0 0 0 0    0.1502877431E+00     0.1265942427E+00  0 0 0 0 0 0 0 0   -0.1421381591E+00    -0.8874741191E-01
    0.2879999936E+01  0 0 0 0 0 0 0 0    0.1435835897E+00     0.1196478347E+00  0 0 0 0 0 0 0 0   -0.1347228138E+00    -0.8337743085E-01
    0.2919999935E+01  0 0 0 0 0 0 0 0    0.1371187283E+00     0.1130313206E+00  0 0 0 0 0 0 0 0   -0.1275998103E+00    -0.7828093710E-01
    0.2959999934E+01  0 0 0 0 0 0 0 0    0.1308873636E+00     0.1067323536E+00  0 0 0 0 0 0 0 0   -0.1207650903E+00    -0.7344812025E-01
    0.2999999933E+01  0 0 0 0 0 0 0 0    0.1248837250E+00     0.1007388240E+00  0 0 0 0 0 0 0 0   -0.1142139645E+00    -0.6886918366E-01
    0.3039999932E+01  0 0 0 0 0 0 0 0    0.1191020749E+00     0.9503887318E-01  0 0 0 0 0 0 0 0   -0.1079411848E+00    -0.6453437864E-01
    0.3079999931E+01  0 0 0 0 0 0 0 0    0.1135367159E+00     0.8962090581E-01  0 0 0 0 0 0 0 0   -0.1019410143E+00    -0.6043403551E-01
    0.3119999930E+01  0 0 0 0 0 0 0 0    0.1081819966E+00     0.8447359960E-01  0 0 0 0 0 0 0 0   -0.9620729193E-01    -0.5655859182E-01
    0.3159999929E+01  0 0 0 0 0 0 0 0    0.1030323167E+00     0.7958591352E-01  0 0 0 0 0 0 0 0   -0.9073349441E-01    -0.5289861768E-01
    0.3199999928E+01  0 0 0 0 0 0 0 0    0.9808213127E-01     0.7494709415E-01  0 0 0 0 0 0 0 0   -0.8551279355E-01    -0.4944483836E-01
    0.3239999928E+01  0 0 0 0 0 0 0 0    0.9332595407E-01     0.7054668059E-01  0 0 0 0 0 0 0 0   -0.8053811026E-01    -0.4618815437E-01
    0.3279999927E+01  0 0 0 0 0 0 0 0    0.8875836075E-01     0.6637450785E-01  0 0 0 0 0 0 0 0   -0.7580216458E-01    -0.4311965895E-01
    0.3319999926E+01  0 0 0 0 0 0 0 0    0.8437399136E-01     0.6242070907E-01  0 0 0 0 0 0 0 0   -0.7129752218E-01    -0.4023065331E-01
    0.3359999925E+01  0 0 0 0 0 0 0 0    0.8016755258E-01     0.5867571656E-01  0 0 0 0 0 0 0 0   -0.6701663719E-01    -0.3751265955E-01
    0.3399999924E+01  0 0 0 0 0 0 0 0    0.7613381963E-01     0.5513026182E-01  0 0 0 0 0 0 0 0   -0.6295189167E-01    -0.3495743162E-01
    0.3439999923E+01  0 0 0 0 0 0 0 0    0.7226763804E-01     0.5177537469E-01  0 0 0 0 0 0 0 0   -0.5909563168E-01    -0.3255696416E-01
    0.3479999922E+01  0 0 0 0 0 0 0 0    0.6856392517E-01     0.4860238158E-01  0 0 0 0 0 0 0 0   -0.5544020019E-01    -0.3030349970E-01
    0.3519999921E+01  0 0 0 0 0 0 0 0    0.6501767169E-01     0.4560290300E-01  0 0 0 0 0 0 0 0   -0.5197796684E-01    -0.2818953399E-01
    0.3559999920E+01  0 0 0 0 0 0 0 0    0.6162394292E-01     0.4276885025E-01  0 0 0 0 0 0 0 0   -0.4870135491E-01    -0.2620781991E-01
    0.3599999920E+01  0 0 0 0 0 0 0 0    0.5837788022E-01     0.4009242168E-01  0 0 0 0 0 0 0 0   -0.4560286536E-01    -0.2435136986E-01
    0.3639999919E+01  0 0 0 0 0 0 0 0    0.5527470225E-01     0.3756609842E-01  0 0 0 0 0 0 0 0   -0.4267509829E-01    -0.2261345684E-01
    0.3679999918E+01  0 0 0 0 0 0 0 0    0.5230970628E-01     0.3518263980E-01  0 0 0 0 0 0 0 0   -0.3991077197E-01    -0.2098761439E-01
    0.3719999917E+01  0 0 0 0 0 0 0 0    0.4947826943E-01     0.3293507827E-01  0 0 0 0 0 0 0 0   -0.3730273943E-01    -0.1946763539E-01
    0.3759999916E+01  0 0 0 0 0 0 0 0    0.4677584987E-01     0.3081671413E-01  0 0 0 0 0 0 0 0   -0.3484400294E-01    -0.1804756989E-01
    0.3799999915E+01  0 0 0 0 0 0 0 0    0.4419798803E-01     0.2882110985E-01  0 0 0 0 0 0 0 0   -0.3252772638E-01    -0.1672172213E-01
    0.3839999914E+01  0 0 0 0 0 0 0 0    0.4174030774E-01     0.2694208425E-01  0 0 0 0 0 0 0 0   -0.3034724576E-01    -0.1548464672E-01
    0.3879999913E+01  0 0 0 0 0 0 0 0    0.3939851731E-01     0.2517370645E-01  0 0 0 0 0 0 0 0   -0.2829607793E-01    -0.1433114414E-01
    0.3919999912E+01  0 0 0 0 0 0 0 0    0.3716841069E-01     0.2351028960E-01  0 0 0 0 0 0 0 0   -0.2636792769E-01    -0.1325625576E-01
    0.3959999911E+01  0 0 0 0 0 0 0 0    0.3504586838E-01     0.2194638459E-01  0 0 0 0 0 0 0 0   -0.2455669337E-01    -0.1225525821E-01
    0.3999999911E+01  0 0 0 0 0 0 0 0    0.3302685849E-01     0.2047677357E-01  0 0 0 0 0 0 0 0   -0.2285647107E-01    -0.1132365742E-01
    0.4039999910E+01  0 0 0 0 0 0 0 0    0.3110743758E-01     0.1909646343E-01  0 0 0 0 0 0 0 0   -0.2126155756E-01    -0.1045718224E-01
    0.4079999909E+01  0 0 0 0 0 0 0 0    0.2928375149E-01     0.1780067926E-01  0 0 0 0 0 0 0 0   -0.1976645216E-01    -0.9651777849E-02
    0.4119999908E+01  0 0 0 0 0 0 0 0    0.2755203610E-01     0.1658485775E-01  0 0 0 0 0 0 0 0   -0.1836585747E-01    -0.8903598831E-02
    0.4159999907E+01  0 0 0 0 0 0 0 0    0.2590861798E-01     0.1544464064E-01  0 0 0 0 0 0 0 0   -0.1705467920E-01    -0.8209002163E-02
    0.4199999906E+01  0 0 0 0 0 0 0 0    0.2434991492E-01     0.1437586811E-01  0 0 0 0 0 0 0 0   -0.1582802521E-01    -0.7564540036E-02
    0.4239999905E+01  0 0 0 0 0 0 0 0    0.2287243640E-01     0.1337457229E-01  0 0 0 0 0 0 0 0   -0.1468120371E-01    -0.6966952615E-02
    0.4279999904E+01  0 0 0 0 0 0 0 0    0.2147278394E-01     0.1243697079E-01  0 0 0 0 0 0 0 0   -0.1360972092E-01    -0.6413160759E-02
    0.4319999903E+01  0 0 0 0 0 0 0 0    0.2014765128E-01     0.1155946025E-01  0 0 0 0 0 0 0 0   -0.1260927799E-01    -0.5900258746E-02
    0.4359999903E+01  0 0 0 0 0 0 0 0    0.1889382453E-01     0.1073861005E-01  0 0 0 0 0 0 0 0   -0.1167576757E-01    -0.5425507040E-02
    0.4399999902E+01  0 0 0 0 0 0 0 0    0.1770818215E-01     0.9971156038E-02  0 0 0 0 0 0 0 0   -0.1080526983E-01    -0.4986325118E-02
    0.4439999901E+01  0 0 0 0 0 0 0 0    0.1658769477E-01     0.9253994373E-02  0 0 0 0 0 0 0 0   -0.9994048165E-02    -0.4580284397E-02
    0.4479999900E+01  0 0 0 0 0 0 0 0    0.1552942499E-01     0.8584175497E-02  0 0 0 0 0 0 0 0   -0.9238544546E-02    -0.4205101271E-02
    0.4519999899E+01  0 0 0 0 0 0 0 0    0.1453052692E-01     0.7958898183E-02  0 0 0 0 0 0 0 0   -0.8535374631E-02    -0.3858630293E-02
    0.4559999898E+01  0 0 0 0 0 0 0 0    0.1358824571E-01     0.7375503726E-02  0 0 0 0 0 0 0 0   -0.7881322660E-02    -0.3538857503E-02
    0.4599999897E+01  0 0 0 0 0 0 0 0    0.1269991691E-01     0.6831470242E-02  0 0 0 0 0 0 0 0   -0.7273336176E-02    -0.3243893927E-02
    0.4639999896E+01  0 0 0 0 0 0 0 0    0.1186296568E-01     0.6324407108E-02  0 0 0 0 0 0 0 0   -0.6708520625E-02    -0.2971969259E-02
    0.4679999895E+01  0 0 0 0 0 0 0 0    0.1107490595E-01     0.5852049520E-02  0 0 0 0 0 0 0 0   -0.6184133870E-02    -0.2721425723E-02
    0.4719999894E+01  0 0 0 0 0 0 0 0    0.1033333939E-01     0.5412253199E-02  0 0 0 0 0 0 0 0   -0.5697580646E-02    -0.2490712147E-02
    0.4759999894E+01  0 0 0 0 0 0 0 0    0.9635954358E-02     0.5002989230E-02  0 0 0 0 0 0 0 0   -0.5246406997E-02    -0.2278378222E-02
    0.4799999893E+01  0 0 0 0 0 0 0 0    0.8980524670E-02     0.4622339039E-02  0 0 0 0 0 0 0 0   -0.4828294714E-02    -0.2083068986E-02
    0.4839999892E+01  0 0 0 0 0 0 0 0    0.8364908313E-02     0.4268489515E-02  0 0 0 0 0 0 0 0   -0.4441055798E-02    -0.1903519503E-02
    0.4879999891E+01  0 0 0 0 0 0 0 0    0.7787046045E-02     0.3939728274E-02  0 0 0 0 0 0 0 0   -0.4082626984E-02    -0.1738549759E-02
    0.4919999890E+01  0 0 0 0 0 0 0 0    0.7244959918E-02     0.3634439061E-02  0 0 0 0 0 0 0 0   -0.3751064324E-02    -0.1587059771E-02
    0.4959999889E+01  0 0 0 0 0 0 0 0    0.6736751711E-02     0.3351097303E-02  0 0 0 0 0 0 0 0   -0.3444537857E-02    -0.1448024900E-02
    0.4999999888E+01  0 0 0 0 0 0 0 0    0.6260601294E-02     0.3088265797E-02  0 0 0 0 0 0 0 0   -0.3161326386E-02    -0.1320491373E-02
    0.5039999887E+01  0 0 0 0 0 0 0 0    0.5814764922E-02     0.2844590545E-02  0 0 0 0 0 0 0 0   -0.2899812360E-02    -0.1203572014E-02
    0.5079999886E+01  0 0 0 0 0 0 0 0    0.5397573474E-02     0.2618796731E-02  0 0 0 0 0 0 0 0   -0.2658476884E-02    -0.1096442171E-02
    0.5119999886E+01  0 0 0 0 0 0 0 0    0.5007430626E-02     0.2409684835E-02  0 0 0 0 0 0 0 0   -0.2435894861E-02    -0.9983358403E-03
    0.5159999885E+01  0 0 0 0 0 0 0 0    0.4642810993E-02     0.2216126893E-02  0 0 0 0 0 0 0 0   -0.2230730266E-02    -0.9085419883E-03
    0.5199999884E+01  0 0 0 0 0 0 0 0    0.4302258225E-02     0.2037062885E-02  0 0 0 0 0 0 0 0   -0.2041731578E-02    -0.8264010532E-03
    0.5239999883E+01  0 0 0 0 0 0 0 0    0.3984383064E-02     0.1871497269E-02  0 0 0 0 0 0 0 0   -0.1867727346E-02    -0.7513016338E-03
    0.5279999882E+01  0 0 0 0 0 0 0 0    0.3687861388E-02     0.1718495640E-02  0 0 0 0 0 0 0 0   -0.1707621924E-02    -0.6826773526E-03
    0.5319999881E+01  0 0 0 0 0 0 0 0    0.3411432222E-02     0.1577181528E-02  0 0 0 0 0 0 0 0   -0.1560391345E-02    -0.6200038885E-03
    0.5359999880E+01  0 0 0 0 0 0 0 0    0.3153895750E-02     0.1446733320E-02  0 0 0 0 0 0 0 0   -0.1425079360E-02    -0.5627961746E-03
    0.5399999879E+01  0 0 0 0 0 0 0 0    0.2914111304E-02     0.1326381310E-02  0 0 0 0 0 0 0 0   -0.1300793636E-02    -0.5106057532E-03
    0.5439999878E+01  0 0 0 0 0 0 0 0    0.2690995365E-02     0.1215404871E-02  0 0 0 0 0 0 0 0   -0.1186702099E-02    -0.4630182827E-03
    0.5479999878E+01  0 0 0 0 0 0 0 0    0.2483519557E-02     0.1113129753E-02  0 0 0 0 0 0 0 0   -0.1082029442E-02    -0.4196511896E-03
    0.5519999877E+01  0 0 0 0 0 0 0 0    0.2290708660E-02     0.1018925495E-02  0 0 0 0 0 0 0 0   -0.9860537818E-03    -0.3801514599E-03
    0.5559999876E+01  0 0 0 0 0 0 0 0    0.2111638626E-02     0.9322029522E-03  0 0 0 0 0 0 0 0   -0.8981034668E-03    -0.3441935635E-03
    0.5599999875E+01  0 0 0 0 0 0 0 0    0.1945434625E-02     0.8524119348E-03  0 0 0 0 0 0 0 0   -0.8175540334E-03    -0.3114775050E-03
    0.5639999874E+01  0 0 0 0 0 0 0 0    0.1791269100E-02     0.7790389589E-03  0 0 0 0 0 0 0 0   -0.7438253076E-03    -0.2817269955E-03
    0.5679999873E+01  0 0 0 0 0 0 0 0    0.1648359863E-02     0.7116050994E-03  0 0 0 0 0 0 0 0   -0.6763786480E-03    -0.2546877393E-03
    0.5719999872E+01  0 0 0 0 0 0 0 0    0.1515968209E-02     0.6496639474E-03  0 0 0 0 0 0 0 0   -0.6147143271E-03    -0.2301258301E-03
    0.5759999871E+01  0 0 0 0 0 0 0 0    0.1393397067E-02     0.5927996657E-03  0 0 0 0 0 0 0 0   -0.5583690462E-03    -0.2078262499E-03
    0.5799999870E+01  0 0 0 0 0 0 0 0    0.1279989192E-02     0.5406251406E-03  0 0 0 0 0 0 0 0   -0.5069135805E-03    -0.1875914666E-03
    0.5839999869E+01  0 0 0 0 0 0 0 0    0.1175125388E-02     0.4927802271E-03  0 0 0 0 0 0 0 0   -0.4599505503E-03    -0.1692401241E-03
    0.5879999869E+01  0 0 0 0 0 0 0 0    0.1078222776E-02     0.4489300817E-03  0 0 0 0 0 0 0 0   -0.4171123126E-03    -0.1526058204E-03
    0.5919999868E+01  0 0 0 0 0 0 0 0    0.9887331065E-03     0.4087635838E-03  0 0 0 0 0 0 0 0   -0.3780589704E-03    -0.1375359682E-03
    0.5959999867E+01  0 0 0 0 0 0 0 0    0.9061411124E-03     0.3719918376E-03  0 0 0 0 0 0 0 0   -0.3424764943E-03    -0.1238907334E-03
    0.5999999866E+01  0 0 0 0 0 0 0 0    0.8299629121E-03     0.3383467557E-03  0 0 0 0 0 0 0 0   -0.3100749513E-03    -0.1115420476E-03
    0.6039999865E+01  0 0 0 0 0 0 0 0    0.7597444584E-03     0.3075797182E-03  0 0 0 0 0 0 0 0   -0.2805868382E-03    -0.1003726894E-03
    0.6079999864E+01  0 0 0 0 0 0 0 0    0.6950600357E-03     0.2794603062E-03  0 0 0 0 0 0 0 0   -0.2537655128E-03    -0.9027543049E-04
    0.6119999863E+01  0 0 0 0 0 0 0 0    0.6355108070E-03     0.2537751048E-03  0 0 0 0 0 0 0 0   -0.2293837206E-03    -0.8115224342E-04
    0.6159999862E+01  0 0 0 0 0 0 0 0    0.5807234098E-03     0.2303265742E-03  0 0 0 0 0 0 0 0   -0.2072322110E-03    -0.7291356591E-04
    0.6199999861E+01  0 0 0 0 0 0 0 0    0.5303486025E-03     0.2089319856E-03  0 0 0 0 0 0 0 0   -0.1871184400E-03    -0.6547761914E-04
    0.6239999861E+01  0 0 0 0 0 0 0 0    0.4840599609E-03     0.1894224182E-03  0 0 0 0 0 0 0 0   -0.1688653540E-03    -0.5876977616E-04
    0.6279999860E+01  0 0 0 0 0 0 0 0    0.4415526237E-03     0.1716418151E-03  0 0 0 0 0 0 0 0   -0.1523102517E-03    -0.5272197724E-04
    0.6319999859E+01  0 0 0 0 0 0 0 0    0.4025420889E-03     0.1554460959E-03  0 0 0 0 0 0 0 0   -0.1373037195E-03    -0.4727218899E-04
    0.6359999858E+01  0 0 0 0 0 0 0 0    0.3667630582E-03     0.1407023221E-03  0 0 0 0 0 0 0 0   -0.1237086368E-03    -0.4236390455E-04
    0.6399999857E+01  0 0 0 0 0 0 0 0    0.3339683313E-03     0.1272879138E-03  0 0 0 0 0 0 0 0   -0.1113992471E-03    -0.3794568187E-04
    0.6439999856E+01  0 0 0 0 0 0 0 0    0.3039277473E-03     0.1150899145E-03  0 0 0 0 0 0 0 0   -0.1002602921E-03    -0.3397071758E-04
    0.6479999855E+01  0 0 0 0 0 0 0 0    0.2764271734E-03     0.1040043020E-03  0 0 0 0 0 0 0 0   -0.9018620356E-04    -0.3039645399E-04
    0.6519999854E+01  0 0 0 0 0 0 0 0    0.2512675405E-03     0.9393534299E-04  0 0 0 0 0 0 0 0   -0.8108035240E-04    -0.2718421685E-04
    0.6559999853E+01  0 0 0 0 0 0 0 0    0.2282639235E-03     0.8479498828E-04  0 0 0 0 0 0 0 0   -0.7285434864E-04    -0.2429888182E-04
    0.6599999852E+01  0 0 0 0 0 0 0 0    0.2072446658E-03     0.7650230800E-04  0 0 0 0 0 0 0 0   -0.6542739147E-04    -0.2170856747E-04
    0.6639999852E+01  0 0 0 0 0 0 0 0    0.1880505477E-03     0.6898296326E-04  0 0 0 0 0 0 0 0   -0.5872566534E-04    -0.1938435292E-04
    0.6679999851E+01  0 0 0 0 0 0 0 0    0.1705339953E-03     0.6216871284E-04  0 0 0 0 0 0 0 0   -0.5268177951E-04    -0.1730001841E-04
    0.6719999850E+01  0 0 0 0 0 0 0 0    0.1545583317E-03     0.5599695301E-04  0 0 0 0 0 0 0 0   -0.4723424840E-04    -0.1543180699E-04
    0.6759999849E+01  0 0 0 0 0 0 0 0    0.1399970661E-03     0.5041028831E-04  0 0 0 0 0 0 0 0   -0.4232701017E-04    -0.1375820589E-04
    0.6799999848E+01  0 0 0 0 0 0 0 0    0.1267332220E-03     0.4535613184E-04  0 0 0 0 0 0 0 0   -0.3790898093E-04    -0.1225974593E-04
    0.6839999847E+01  0 0 0 0 0 0 0 0    0.1146587012E-03     0.4078633300E-04  0 0 0 0 0 0 0 0   -0.3393364251E-04    -0.1091881776E-04
    0.6879999846E+01  0 0 0 0 0 0 0 0    0.1036736842E-03     0.3665683138E-04  0 0 0 0 0 0 0 0   -0.3035866137E-04    -0.9719503499E-05
    0.6919999845E+01  0 0 0 0 0 0 0 0    0.9368606367E-04     0.3292733490E-04  0 0 0 0 0 0 0 0   -0.2714553666E-04    -0.8647422731E-05
    0.6959999844E+01  0 0 0 0 0 0 0 0    0.8461091114E-04     0.2956102098E-04  0 0 0 0 0 0 0 0   -0.2425927547E-04    -0.7689591578E-05
    0.6999999844E+01  0 0 0 0 0 0 0 0    0.7636997465E-04     0.2652425923E-04  0 0 0 0 0 0 0 0   -0.2166809335E-04    -0.6834293947E-05
    0.7039999843E+01  0 0 0 0 0 0 0 0    0.6889120655E-04     0.2378635417E-04  0 0 0 0 0 0 0 0   -0.1934313839E-04    -0.6070963913E-05
    0.7079999842E+01  0 0 0 0 0 0 0 0    0.6210831984E-04     0.2131930695E-04  0 0 0 0 0 0 0 0   -0.1725823721E-04    -0.5390078372E-05
    0.7119999841E+01  0 0 0 0 0 0 0 0    0.5596037181E-04     0.1909759467E-04  0 0 0 0 0 0 0 0   -0.1538966123E-04    -0.4783059130E-05
    0.7159999840E+01  0 0 0 0 0 0 0 0    0.5039137368E-04     0.1709796620E-04  0 0 0 0 0 0 0 0   -0.1371591188E-04    -0.4242183650E-05
    0.7199999839E+01  0 0 0 0 0 0 0 0    0.4534992506E-04     0.1529925343E-04  0 0 0 0 0 0 0 0   -0.1221752322E-04    -0.3760503753E-05
    0.7239999838E+01  0 0 0 0 0 0 0 0    0.4078887184E-04     0.1368219686E-04  0 0 0 0 0 0 0 0   -0.1087688085E-04    -0.3331771619E-05
    0.7279999837E+01  0 0 0 0 0 0 0 0    0.3666498647E-04     0.1222928465E-04  0 0 0 0 0 0 0 0   -0.9678055792E-05    -0.2950372456E-05
    0.7319999836E+01  0 0 0 0 0 0 0 0    0.3293866935E-04     0.1092460413E-04  0 0 0 0 0 0 0 0   -0.8606652186E-05    -0.2611263304E-05
    0.7359999835E+01  0 0 0 0 0 0 0 0    0.2957367027E-04     0.9753704928E-05  0 0 0 0 0 0 0 0   -0.7649667904E-05    -0.2309917429E-05
    0.7399999835E+01  0 0 0 0 0 0 0 0    0.2653682873E-04     0.8703472885E-05  0 0 0 0 0 0 0 0   -0.6795366922E-05    -0.2042273844E-05
    0.7439999834E+01  0 0 0 0 0 0 0 0    0.2379783219E-04     0.7762014069E-05  0 0 0 0 0 0 0 0   -0.6033162637E-05    -0.1804691504E-05
    0.7479999833E+01  0 0 0 0 0 0 0 0    0.2132899109E-04     0.6918548044E-05  0 0 0 0 0 0 0 0   -0.5353511233E-05    -0.1593907781E-05
    0.7519999832E+01  0 0 0 0 0 0 0 0    0.1910502980E-04     0.6163309818E-05  0 0 0 0 0 0 0 0   -0.4747814312E-05    -0.1407000827E-05
    0.7559999831E+01  0 0 0 0 0 0 0 0    0.1710289244E-04     0.5487459790E-05  0 0 0 0 0 0 0 0   -0.4208330053E-05    -0.1241355504E-05
    0.7599999830E+01  0 0 0 0 0 0 0 0    0.1530156277E-04     0.4883001116E-05  0 0 0 0 0 0 0 0   -0.3728092199E-05    -0.1094632545E-05
    0.7639999829E+01  0 0 0 0 0 0 0 0    0.1368189725E-04     0.4342703937E-05  0 0 0 0 0 0 0 0   -0.3300836241E-05    -0.9647406639E-06
    0.7679999828E+01  0 0 0 0 0 0 0 0    0.1222647035E-04     0.3860035950E-05  0 0 0 0 0 0 0 0   -0.2920932216E-05    -0.8498113561E-06
    0.7719999827E+01  0 0 0 0 0 0 0 0    0.1091943155E-04     0.3429098837E-05  0 0 0 0 0 0 0 0   -0.2583323557E-05    -0.7481761312E-06
    0.7759999827E+01  0 0 0 0 0 0 0 0    0.9746373049E-05     0.3044570104E-05  0 0 0 0 0 0 0 0   -0.2283471494E-05    -0.6583459665E-06
    0.7799999826E+01  0 0 0 0 0 0 0 0    0.8694207639E-05     0.2701649907E-05  0 0 0 0 0 0 0 0   -0.2017304545E-05    -0.5789927728E-06
    0.7839999825E+01  0 0 0 0 0 0 0 0    0.7751055970E-05     0.2396012472E-05  0 0 0 0 0 0 0 0   -0.1781172650E-05    -0.5089326866E-06
    0.7879999824E+01  0 0 0 0 0 0 0 0    0.6906142650E-05     0.2123761746E-05  0 0 0 0 0 0 0 0   -0.1571805565E-05    -0.4471110185E-06
    0.7919999823E+01  0 0 0 0 0 0 0 0    0.6149700528E-05     0.1881390941E-05  0 0 0 0 0 0 0 0   -0.1386275131E-05    -0.3925887014E-06
    0.7959999822E+01  0 0 0 0 0 0 0 0    0.5472882613E-05     0.1665745663E-05  0 0 0 0 0 0 0 0   -0.1221961099E-05    -0.3445300989E-06
    0.7999999821E+01  0 0 0 0 0 0 0 0    0.4867681092E-05     0.1473990315E-05  0 0 0 0 0 0 0 0   -0.1076520179E-05    -0.3021920413E-06
    0.8039999820E+01  0 0 0 0 0 0 0 0    0.4326852736E-05     0.1303577495E-05  0 0 0 0 0 0 0 0   -0.9478580426E-06    -0.2649139748E-06
    0.8079999819E+01  0 0 0 0 0 0 0 0    0.3843847759E-05     0.1152219621E-05  0 0 0 0 0 0 0 0   -0.8341040023E-06    -0.2321091147E-06
    0.8119999819E+01  0 0 0 0 0 0 0 0    0.3412747392E-05     0.1017863697E-05  0 0 0 0 0 0 0 0   -0.7335881512E-06    -0.2032565070E-06
    0.8159999818E+01  0 0 0 0 0 0 0 0    0.3028208844E-05     0.8986688276E-06  0 0 0 0 0 0 0 0   -0.6448207227E-06    -0.1778939112E-06
    0.8199999817E+01  0 0 0 0 0 0 0 0    0.2685412599E-05     0.7929853454E-06  0 0 0 0 0 0 0 0   -0.5664734715E-06    -0.1556114196E-06
    0.8239999816E+01  0 0 0 0 0 0 0 0    0.2380014099E-05     0.6993358739E-06  0 0 0 0 0 0 0 0   -0.4973628849E-06    -0.1360457436E-06
    0.8279999815E+01  0 0 0 0 0 0 0 0    0.2108099580E-05     0.6163981584E-06  0 0 0 0 0 0 0 0   -0.4364350561E-06    -0.1188750973E-06
    0.8319999814E+01  0 0 0 0 0 0 0 0    0.1866145736E-05     0.5429895165E-06  0 0 0 0 0 0 0 0   -0.3827520638E-06    -0.1038146217E-06
    0.8359999813E+01  0 0 0 0 0 0 0 0    0.1650982892E-05     0.4780527662E-06  0 0 0 0 0 0 0 0   -0.3354797167E-06    -0.9061229247E-07
    0.8399999812E+01  0 0 0 0 0 0 0 0    0.1459761439E-05     0.4206434983E-06  0 0 0 0 0 0 0 0   -0.2938765338E-06    -0.7904526448E-07
    0.8439999811E+01  0 0 0 0 0 0 0 0    0.1289921229E-05     0.3699185729E-06  0 0 0 0 0 0 0 0   -0.2572838420E-06    -0.6891660745E-07
    0.8479999810E+01  0 0 0 0 0 0 0 0    0.1139163723E-05     0.3251257303E-06  0 0 0 0 0 0 0 0   -0.2251168843E-06    -0.6005239294E-07
    0.8519999810E+01  0 0 0 0 0 0 0 0    0.1005426641E-05     0.2855942144E-06  0 0 0 0 0 0 0 0   -0.1968568413E-06    -0.5229909660E-07
    0.8559999809E+01  0 0 0 0 0 0 0 0    0.8868609183E-06     0.2507263152E-06  0 0 0 0 0 0 0 0   -0.1720436755E-06    -0.4552128289E-07
    0.8599999808E+01  0 0 0 0 0 0 0 0    0.7818097733E-06     0.2199897462E-06  0 0 0 0 0 0 0 0   -0.1502697200E-06    -0.3959954300E-07
    0.8639999807E+01  0 0 0 0 0 0 0 0    0.6887897049E-06     0.1929107794E-06  0 0 0 0 0 0 0 0   -0.1311739358E-06    -0.3442865921E-07
    0.8679999806E+01  0 0 0 0 0 0 0 0    0.6064732570E-06     0.1690680660E-06  0 0 0 0 0 0 0 0   -0.1144367729E-06    -0.2991597213E-07
    0.8719999805E+01  0 0 0 0 0 0 0 0    0.5336733976E-06     0.1480870783E-06  0 0 0 0 0 0 0 0   -0.9977557519E-07    -0.2597992898E-07
    0.8759999804E+01  0 0 0 0 0 0 0 0    0.4693293709E-06     0.1296351144E-06  0 0 0 0 0 0 0 0   -0.8694047200E-07    -0.2254879399E-07
    0.8799999803E+01  0 0 0 0 0 0 0 0    0.4124938959E-06     0.1134168116E-06  0 0 0 0 0 0 0 0   -0.7571071013E-07    -0.1955950318E-07
    0.8839999802E+01  0 0 0 0 0 0 0 0    0.3623215890E-06     0.9917011881E-07  0 0 0 0 0 0 0 0   -0.6589137924E-07    -0.1695664828E-07
    0.8879999802E+01  0 0 0 0 0 0 0 0    0.3180585039E-06     0.8666268426E-07  0 0 0 0 0 0 0 0   -0.5731049122E-07    -0.1469157565E-07
    0.8919999801E+01  0 0 0 0 0 0 0 0    0.2790326875E-06     0.7568861790E-07  0 0 0 0 0 0 0 0   -0.4981637692E-07    -0.1272158761E-07
    0.8959999800E+01  0 0 0 0 0 0 0 0    0.2446456592E-06     0.6606559102E-07  0 0 0 0 0 0 0 0   -0.4327536710E-07    -0.1100923523E-07
    0.8999999799E+01  0 0 0 0 0 0 0 0    0.2143647295E-06     0.5763224038E-07  0 0 0 0 0 0 0 0   -0.3756972812E-07    -0.9521692158E-08
    0.9039999798E+01  0 0 0 0 0 0 0 0    0.1877160805E-06     0.5024584609E-07  0 0 0 0 0 0 0 0   -0.3259582544E-07    -0.8230200861E-08
    0.9079999797E+01  0 0 0 0 0 0 0 0    0.1642785374E-06     0.4378025601E-07  0 0 0 0 0 0 0 0   -0.2826249105E-07    -0.7109582993E-08
    0.9119999796E+01  0 0 0 0 0 0 0 0    0.1436779657E-06     0.3812403160E-07  0 0 0 0 0 0 0 0   -0.2448957293E-07    -0.6137806825E-08
    0.9159999795E+01  0 0 0 0 0 0 0 0    0.1255822363E-06     0.3317879290E-07  0 0 0 0 0 0 0 0   -0.2120664722E-07    -0.5295605304E-08
    0.9199999794E+01  0 0 0 0 0 0 0 0    0.1096967023E-06     0.2885774212E-07  0 0 0 0 0 0 0 0   -0.1835187558E-07    -0.4566139025E-08
    0.9239999793E+01  0 0 0 0 0 0 0 0    0.9576014094E-07     0.2508434749E-07  0 0 0 0 0 0 0 0   -0.1587099198E-07    -0.3934699008E-08
    0.9279999793E+01  0 0 0 0 0 0 0 0    0.8354111345E-07     0.2179117090E-07  0 0 0 0 0 0 0 0   -0.1371640489E-07    -0.3388444757E-08
    0.9319999792E+01  0 0 0 0 0 0 0 0    0.7283470331E-07     0.1891882411E-07  0 0 0 0 0 0 0 0   -0.1184640223E-07    -0.2916173539E-08
    0.9359999791E+01  0 0 0 0 0 0 0 0    0.6345959551E-07     0.1641504024E-07  0 0 0 0 0 0 0 0   -0.1022444778E-07    -0.2508117295E-08
    0.9399999790E+01  0 0 0 0 0 0 0 0    0.5525546303E-07     0.1423384833E-07  0 0 0 0 0 0 0 0   -0.8818558897E-08    -0.2155763987E-08
    0.9439999789E+01  0 0 0 0 0 0 0 0    0.4808062989E-07     0.1233483995E-07  0 0 0 0 0 0 0 0   -0.7600756559E-08    -0.1851700525E-08
    0.9479999788E+01  0 0 0 0 0 0 0 0    0.4180998321E-07     0.1068251811E-07  0 0 0 0 0 0 0 0   -0.6546579603E-08    -0.1589474763E-08
    0.9519999787E+01  0 0 0 0 0 0 0 0    0.3633310886E-07     0.9245719594E-08  0 0 0 0 0 0 0 0   -0.5634655946E-08    -0.1363474323E-08
    0.9559999786E+01  0 0 0 0 0 0 0 0    0.3155262818E-07     0.7997102830E-08  0 0 0 0 0 0 0 0   -0.4846324351E-08    -0.1168820249E-08
    0.9599999785E+01  0 0 0 0 0 0 0 0    0.2738271505E-07     0.6912694054E-08  0 0 0 0 0 0 0 0   -0.4165301008E-08    -0.1001273751E-08
    0.9639999785E+01  0 0 0 0 0 0 0 0    0.2374777471E-07     0.5971485526E-08  0 0 0 0 0 0 0 0   -0.3577385785E-08    -0.8571544582E-09
    0.9679999784E+01  0 0 0 0 0 0 0 0    0.2058126756E-07     0.5155080001E-08  0 0 0 0 0 0 0 0   -0.3070203620E-08    -0.7332688240E-09
    0.9719999783E+01  0 0 0 0 0 0 0 0    0.1782466280E-07     0.4447376341E-08  0 0 0 0 0 0 0 0   -0.2632976975E-08    -0.6268474453E-09
    0.9759999782E+01  0 0 0 0 0 0 0 0    0.1542650816E-07     0.3834291717E-08  0 0 0 0 0 0 0 0   -0.2256325775E-08    -0.5354902286E-09
    0.9799999781E+01  0 0 0 0 0 0 0 0    0.1334160350E-07     0.3303516285E-08  0 0 0 0 0 0 0 0   -0.1932091599E-08    -0.4571184476E-09
    0.9839999780E+01  0 0 0 0 0 0 0 0    0.1153026721E-07     0.2844296691E-08  0 0 0 0 0 0 0 0   -0.1653183303E-08    -0.3899328508E-09
    0.9879999779E+01  0 0 0 0 0 0 0 0    0.9957685375E-08     0.2447245144E-08  0 0 0 0 0 0 0 0   -0.1413441540E-08    -0.3323770809E-09
    0.9919999778E+01  0 0 0 0 0 0 0 0    0.8593334829E-08     0.2104171145E-08  0 0 0 0 0 0 0 0   -0.1207519949E-08    -0.2831057491E-09
    0.9959999777E+01  0 0 0 0 0 0 0 0    0.7410472079E-08     0.1807933293E-08  0 0 0 0 0 0 0 0   -0.1030781020E-08    -0.2409565923E-09
    0.9999999776E+01  0 0 0 0 0 0 0 0    0.6385680851E-08     0.1552308834E-08  0 0 0 0 0 0 0 0   -0.8792048861E-09    -0.2049262031E-09
    0.1003999978E+02  0 0 0 0 0 0 0 0    0.5498471842E-08     0.1331878934E-08  0 0 0 0 0 0 0 0   -0.7493094977E-09    -0.1741488901E-09
    0.1007999977E+02  0 0 0 0 0 0 0 0    0.4730928889E-08     0.1141927824E-08  0 0 0 0 0 0 0 0   -0.6380807908E-09    -0.1478782744E-09
    0.1011999977E+02  0 0 0 0 0 0 0 0    0.4067396395E-08     0.9783542073E-09  0 0 0 0 0 0 0 0   -0.5429116488E-09    -0.1254712790E-09
    0.1015999977E+02  0 0 0 0 0 0 0 0    0.3494203389E-08     0.8375934880E-09  0 0 0 0 0 0 0 0   -0.4615485821E-09    -0.1063742084E-09
    0.1019999977E+02  0 0 0 0 0 0 0 0    0.2999420093E-08     0.7165495434E-09  0 0 0 0 0 0 0 0   -0.3920451809E-09    -0.9011065347E-10
    0.1023999977E+02  0 0 0 0 0 0 0 0    0.2572643320E-08     0.6125349062E-09  0 0 0 0 0 0 0 0   -0.3327215084E-09    -0.7627098911E-10
    0.1027999977E+02  0 0 0 0 0 0 0 0    0.2204807407E-08     0.5232183566E-09  0 0 0 0 0 0 0 0   -0.2821287008E-09    -0.6450326004E-10
    0.1031999977E+02  0 0 0 0 0 0 0 0    0.1888017773E-08     0.4465790346E-09  0 0 0 0 0 0 0 0   -0.2390181265E-09    -0.5450527727E-10
    0.1035999977E+02  0 0 0 0 0 0 0 0    0.1615404488E-08     0.3808662878E-09  0 0 0 0 0 0 0 0   -0.2023145368E-09    -0.4601776828E-10
    0.1039999977E+02  0 0 0 0 0 0 0 0    0.1380993530E-08     0.3245645605E-09  0 0 0 0 0 0 0 0   -0.1710927067E-09    -0.3881844462E-10
    0.1043999977E+02  0 0 0 0 0 0 0 0    0.1179593683E-08     0.2763627124E-09  0 0 0 0 0 0 0 0   -0.1445571274E-09    -0.3271686727E-10
    0.1047999977E+02  0 0 0 0 0 0 0 0    0.1006697234E-08     0.2351272229E-09  0 0 0 0 0 0 0 0   -0.1220243636E-09    -0.2755000561E-10
    0.1051999976E+02  0 0 0 0 0 0 0 0    0.8583928525E-09     0.1998788074E-09  0 0 0 0 0 0 0 0   -0.1029077370E-09    -0.2317839876E-10
    0.1055999976E+02  0 0 0 0 0 0 0 0    0.7312892027E-09     0.1697720211E-09  0 0 0 0 0 0 0 0   -0.8670403899E-10    -0.1948283992E-10
    0.1059999976E+02  0 0 0 0 0 0 0 0    0.6224480228E-09     0.1440774836E-09  0 0 0 0 0 0 0 0   -0.7298201191E-10    -0.1636151440E-10
    0.1063999976E+02  0 0 0 0 0 0 0 0    0.5293255291E-09     0.1221663948E-09  0 0 0 0 0 0 0 0   -0.6137237140E-10    -0.1372753098E-10
    0.1067999976E+02  0 0 0 0 0 0 0 0    0.4497211510E-09     0.1034970580E-09  0 0 0 0 0 0 0 0   -0.5155916939E-10    -0.1150679403E-10
    0.1071999976E+02  0 0 0 0 0 0 0 0    0.3817327084E-09     0.8760315580E-10  0 0 0 0 0 0 0 0   -0.4327232372E-10    -0.9636170682E-11
    0.1075999976E+02  0 0 0 0 0 0 0 0    0.3237172518E-09     0.7408355918E-10  0 0 0 0 0 0 0 0   -0.3628116170E-10    -0.8061913297E-11
    0.1079999976E+02  0 0 0 0 0 0 0 0    0.2742568716E-09     0.6259347456E-10  0 0 0 0 0 0 0 0   -0.3038884424E-10    -0.6738302589E-11
    0.1083999976E+02  0 0 0 0 0 0 0 0    0.2321288695E-09     0.5283675817E-10  0 0 0 0 0 0 0 0   -0.2542755436E-10    -0.5626481487E-11
    0.1087999976E+02  0 0 0 0 0 0 0 0    0.1962797524E-09     0.4455924879E-10  0 0 0 0 0 0 0 0   -0.2125434859E-10    -0.4693453633E-11
    0.1091999976E+02  0 0 0 0 0 0 0 0    0.1658025777E-09     0.3754298763E-10  0 0 0 0 0 0 0 0   -0.1774758273E-10    -0.3911223936E-11
    0.1095999976E+02  0 0 0 0 0 0 0 0    0.1399172301E-09     0.3160121092E-10  0 0 0 0 0 0 0 0   -0.1480383525E-10    -0.3256061613E-11
    0.1099999975E+02  0 0 0 0 0 0 0 0    0.1179532660E-09     0.2657401489E-10  0 0 0 0 0 0 0 0   -0.1233526092E-10    -0.2707868745E-11
    0.1103999975E+02  0 0 0 0 0 0 0 0    0.9933500049E-10     0.2232460551E-10  0 0 0 0 0 0 0 0   -0.1026731682E-10    -0.2249639684E-11
    0.1107999975E+02  0 0 0 0 0 0 0 0    0.8356855452E-10     0.1873605646E-10  0 0 0 0 0 0 0 0   -0.8536809668E-11    -0.1866998602E-11
    0.1111999975E+02  0 0 0 0 0 0 0 0    0.7023061363E-10     0.1570850851E-10  0 0 0 0 0 0 0 0   -0.7090220790E-11    -0.1547804231E-11
    0.1115999975E+02  0 0 0 0 0 0 0 0    0.5895867915E-10     0.1315675194E-10  0 0 0 0 0 0 0 0   -0.5882270435E-11    -0.1281812294E-11
    0.1119999975E+02  0 0 0 0 0 0 0 0    0.4944262081E-10     0.1100814124E-10  0 0 0 0 0 0 0 0   -0.4874688340E-11    -0.1060387465E-11
    0.1123999975E+02  0 0 0 0 0 0 0 0    0.4141736291E-10     0.9200797721E-11  0 0 0 0 0 0 0 0   -0.4035161924E-11    -0.8762578052E-12
    0.1127999975E+02  0 0 0 0 0 0 0 0    0.3465655719E-10     0.7682061506E-11  0 0 0 0 0 0 0 0   -0.3336437273E-11    -0.7233055827E-12
    0.1131999975E+02  0 0 0 0 0 0 0 0    0.2896711384E-10     0.6407159385E-11  0 0 0 0 0 0 0 0   -0.2755551449E-11    -0.5963892600E-12
    0.1135999975E+02  0 0 0 0 0 0 0 0    0.2418447825E-10     0.5338059265E-11  0 0 0 0 0 0 0 0   -0.2273177576E-11    -0.4911921319E-12
    0.1139999975E+02  0 0 0 0 0 0 0 0    0.2016855561E-10     0.4442485951E-11  0 0 0 0 0 0 0 0   -0.1873066690E-11    -0.4040937473E-12
    0.1143999974E+02  0 0 0 0 0 0 0 0    0.1680019706E-10     0.3693076161E-11  0 0 0 0 0 0 0 0   -0.1541572521E-11    -0.3320607874E-12
    0.1147999974E+02  0 0 0 0 0 0 0 0    0.1397817368E-10     0.3066653813E-11  0 0 0 0 0 0 0 0   -0.1267247297E-11    -0.2725545446E-12
    0.1151999974E+02  0 0 0 0 0 0 0 0    0.1161657243E-10     0.2543608937E-11  0 0 0 0 0 0 0 0   -0.1040498315E-11    -0.2234525519E-12
    0.1155999974E+02  0 0 0 0 0 0 0 0    0.9642556390E-11     0.2107365647E-11  0 0 0 0 0 0 0 0   -0.8532964431E-12    -0.1829822653E-12
    0.1159999974E+02  0 0 0 0 0 0 0 0    0.7994441534E-11     0.1743927098E-11  0 0 0 0 0 0 0 0   -0.6989289656E-12    -0.1496650017E-12
    0.1163999974E+02  0 0 0 0 0 0 0 0    0.6620046560E-11     0.1441486557E-11  0 0 0 0 0 0 0 0   -0.5717902552E-12    -0.1222685946E-12
    0.1167999974E+02  0 0 0 0 0 0 0 0    0.5475278278E-11     0.1190095266E-11  0 0 0 0 0 0 0 0   -0.4672046713E-12    -0.9976745286E-13
    0.1171999974E+02  0 0 0 0 0 0 0 0    0.4522920168E-11     0.9813790836E-12  0 0 0 0 0 0 0 0   -0.3812768915E-12    -0.8130890083E-13
    0.1175999974E+02  0 0 0 0 0 0 0 0    0.3731595991E-11     0.8082969585E-12  0 0 0 0 0 0 0 0   -0.3107655671E-12    -0.6618484173E-13
    0.1179999974E+02  0 0 0 0 0 0 0 0    0.3074884076E-11     0.6649352715E-12  0 0 0 0 0 0 0 0   -0.2529767898E-12    -0.5380792829E-13
    0.1183999974E+02  0 0 0 0 0 0 0 0    0.2530561190E-11     0.5463328847E-12  0 0 0 0 0 0 0 0   -0.2056743667E-12    -0.4369154571E-13
    0.1187999973E+02  0 0 0 0 0 0 0 0    0.2079957716E-11     0.4483324690E-12  0 0 0 0 0 0 0 0   -0.1670043389E-12    -0.3543301561E-13
    0.1191999973E+02  0 0 0 0 0 0 0 0    0.1707408378E-11     0.3674542905E-12  0 0 0 0 0 0 0 0   -0.1354315593E-12    -0.2869951871E-13
    0.1195999973E+02  0 0 0 0 0 0 0 0    0.1399784859E-11     0.3007891764E-12  0 0 0 0 0 0 0 0   -0.1096864655E-12    -0.2321630954E-13
    0.1199999973E+02  0 0 0 0 0 0 0 0    0.1146098574E-11     0.2459078431E-12  0 0 0 0 0 0 0 0   -0.8872046355E-13    -0.1875686146E-13
    0.1203999973E+02  0 0 0 0 0 0 0 0    0.9371634373E-12     0.2007841681E-12  0 0 0 0 0 0 0 0   -0.7166857563E-13    -0.1513463556E-13
    0.1207999973E+02  0 0 0 0 0 0 0 0    0.7653099263E-12     0.1637303337E-12  0 0 0 0 0 0 0 0   -0.5781820785E-13    -0.1219621392E-13
    0.1211999973E+02  0 0 0 0 0 0 0 0    0.6241429015E-12     0.1333420681E-12  0 0 0 0 0 0 0 0   -0.4658306800E-13    -0.9815578070E-14
    0.1215999973E+02  0 0 0 0 0 0 0 0    0.5083367552E-12     0.1084524632E-12  0 0 0 0 0 0 0 0   -0.3748141202E-13    -0.7889347520E-14
    0.1219999973E+02  0 0 0 0 0 0 0 0    0.4134623406E-12     0.8809307287E-13  0 0 0 0 0 0 0 0   -0.3011792392E-13    -0.6332821987E-14
    0.1223999973E+02  0 0 0 0 0 0 0 0    0.3358409350E-12     0.7146118101E-13  0 0 0 0 0 0 0 0   -0.2416864202E-13    -0.5076695928E-14
    0.1227999973E+02  0 0 0 0 0 0 0 0    0.2724211716E-12     0.5789229571E-13  0 0 0 0 0 0 0 0   -0.1936843568E-13    -0.4064334546E-14
    0.1231999972E+02  0 0 0 0 0 0 0 0    0.2206754594E-12     0.4683706184E-13  0 0 0 0 0 0 0 0   -0.1550061495E-13    -0.3249518215E-14
    0.1235999972E+02  0 0 0 0 0 0 0 0    0.1785129205E-12     0.3784190715E-13  0 0 0 0 0 0 0 0   -0.1238832117E-13    -0.2594577184E-14
    0.1239999972E+02  0 0 0 0 0 0 0 0    0.1442063058E-12     0.3053283818E-13  0 0 0 0 0 0 0 0   -0.9887403181E-14    -0.2068851051E-14
    0.1243999972E+02  0 0 0 0 0 0 0 0    0.1163307288E-12     0.2460189076E-13  0 0 0 0 0 0 0 0   -0.7880530583E-14    -0.1647418120E-14
    0.1247999972E+02  0 0 0 0 0 0 0 0    0.9371237371E-13     0.1979581474E-13  0 0 0 0 0 0 0 0   -0.6272336088E-14    -0.1310048781E-14
    0.1251999972E+02  0 0 0 0 0 0 0 0    0.7538561511E-13     0.1590663702E-13  0 0 0 0 0 0 0 0   -0.4985412544E-14    -0.1040344548E-14
    0.1255999972E+02  0 0 0 0 0 0 0 0    0.6055721775E-13     0.1276380141E-13  0 0 0 0 0 0 0 0   -0.3957018908E-14    -0.8250307991E-15
    0.1259999972E+02  0 0 0 0 0 0 0 0    0.4857649018E-13     0.1022763074E-13  0 0 0 0 0 0 0 0   -0.3136373422E-14    -0.6533765711E-15
    0.1263999972E+02  0 0 0 0 0 0 0 0    0.3891043700E-13     0.8183895984E-14  0 0 0 0 0 0 0 0   -0.2482432472E-14    -0.5167192343E-15
    0.1267999972E+02  0 0 0 0 0 0 0 0    0.3112310216E-13     0.6539311428E-14  0 0 0 0 0 0 0 0   -0.1962070616E-14    -0.4080756392E-15
    0.1271999972E+02  0 0 0 0 0 0 0 0    0.2485842137E-13     0.5217802865E-14  0 0 0 0 0 0 0 0   -0.1548591445E-14    -0.3218244454E-15
    0.1275999971E+02  0 0 0 0 0 0 0 0    0.1982600804E-13     0.4157420725E-14  0 0 0 0 0 0 0 0   -0.1220510940E-14    -0.2534469708E-15
    0.1279999971E+02  0 0 0 0 0 0 0 0    0.1578938842E-13     0.3307790195E-14  0 0 0 0 0 0 0 0   -0.9605648929E-15    -0.1993160821E-15
    0.1283999971E+02  0 0 0 0 0 0 0 0    0.1255627830E-13     0.2628007955E-14  0 0 0 0 0 0 0 0   -0.7549003279E-15    -0.1565244672E-15
    0.1287999971E+02  0 0 0 0 0 0 0 0    0.9970559027E-14     0.2084909821E-14  0 0 0 0 0 0 0 0   -0.5924177899E-15    -0.1227451447E-15
    0.1291999971E+02  0 0 0 0 0 0 0 0    0.7905665870E-14     0.1651645952E-14  0 0 0 0 0 0 0 0   -0.4642371464E-15    -0.9611832473E-16
    0.1295999971E+02  0 0 0 0 0 0 0 0    0.6259148418E-14     0.1306510753E-14  0 0 0 0 0 0 0 0   -0.3632643594E-15    -0.7515977576E-16
    0.1299999971E+02  0 0 0 0 0 0 0 0    0.4948202102E-14     0.1031983368E-14  0 0 0 0 0 0 0 0   -0.2838406721E-15    -0.5868672095E-16
    0.1303999971E+02  0 0 0 0 0 0 0 0    0.3906003140E-14     0.8139420303E-15  0 0 0 0 0 0 0 0   -0.2214589636E-15    -0.4575799788E-16
    0.1307999971E+02  0 0 0 0 0 0 0 0    0.3078707114E-14     0.6410217569E-15  0 0 0 0 0 0 0 0   -0.1725347602E-15    -0.3562580926E-16
    0.1311999971E+02  0 0 0 0 0 0 0 0    0.2422994873E-14     0.5040900101E-15  0 0 0 0 0 0 0 0   -0.1342216557E-15    -0.2769687755E-16
    0.1315999971E+02  0 0 0 0 0 0 0 0    0.1904069101E-14     0.3958193324E-15  0 0 0 0 0 0 0 0   -0.1042627559E-15    -0.2150121792E-16
    0.1319999970E+02  0 0 0 0 0 0 0 0    0.1494021388E-14     0.3103395486E-15  0 0 0 0 0 0 0 0   -0.8087130241E-16    -0.1666707355E-16
    0.1323999970E+02  0 0 0 0 0 0 0 0    0.1170503410E-14     0.2429551622E-15  0 0 0 0 0 0 0 0   -0.6263489335E-16    -0.1290082784E-16
    0.1327999970E+02  0 0 0 0 0 0 0 0    0.9156472995E-15     0.1899160855E-15  0 0 0 0 0 0 0 0   -0.4843875613E-16    -0.9970930062E-17
    0.1331999970E+02  0 0 0 0 0 0 0 0    0.7151899080E-15     0.1482319281E-15  0 0 0 0 0 0 0 0   -0.3740437918E-16    -0.7695052303E-17
    0.1335999970E+02  0 0 0 0 0 0 0 0    0.5577635900E-15     0.1155218088E-15  0 0 0 0 0 0 0 0   -0.2884050532E-16    -0.5929844089E-17
    0.1339999970E+02  0 0 0 0 0 0 0 0    0.4343227854E-15     0.8989308620E-16  0 0 0 0 0 0 0 0   -0.2220405853E-16    -0.4562771966E-17
    0.1343999970E+02  0 0 0 0 0 0 0 0    0.3376811553E-15     0.6984359860E-16  0 0 0 0 0 0 0 0   -0.1706904015E-16    -0.3505629870E-17
    0.1347999970E+02  0 0 0 0 0 0 0 0    0.2621385679E-15     0.5418298065E-16  0 0 0 0 0 0 0 0   -0.1310180838E-16    -0.2689386322E-17
    0.1351999970E+02  0 0 0 0 0 0 0 0    0.2031809903E-15     0.4196943733E-16  0 0 0 0 0 0 0 0   -0.1004146252E-16    -0.2060099491E-17
    0.1355999970E+02  0 0 0 0 0 0 0 0    0.1572394368E-15     0.3245902063E-16  0 0 0 0 0 0 0 0   -0.7684302731E-17    -0.1575683944E-17
    0.1359999970E+02  0 0 0 0 0 0 0 0    0.1214966713E-15     0.2506500321E-16  0 0 0 0 0 0 0 0   -0.5871538426E-17    -0.1203355572E-17
    0.1363999970E+02  0 0 0 0 0 0 0 0    0.9373246573E-16     0.1932539210E-16  0 0 0 0 0 0 0 0   -0.4479581771E-17    -0.9176156509E-18
    0.1367999969E+02  0 0 0 0 0 0 0 0    0.7219992790E-16     0.1487699445E-16  0 0 0 0 0 0 0 0   -0.3412395082E-17    -0.6986628242E-18
    0.1371999969E+02  0 0 0 0 0 0 0 0    0.5552682857E-16     0.1143474783E-16  0 0 0 0 0 0 0 0   -0.2595467274E-17    -0.5311441744E-18
    0.1375999969E+02  0 0 0 0 0 0 0 0    0.4263700633E-16     0.8775273782E-17  0 0 0 0 0 0 0 0   -0.1971080304E-17    -0.4031745567E-18
    0.1379999969E+02  0 0 0 0 0 0 0 0    0.3268787078E-16     0.6723813512E-17  0 0 0 0 0 0 0 0   -0.1494595414E-17    -0.3055678162E-18
    0.1383999969E+02  0 0 0 0 0 0 0 0    0.2502079091E-16     0.5143867428E-17  0 0 0 0 0 0 0 0   -0.1131544229E-17    -0.2312350845E-18
    0.1387999969E+02  0 0 0 0 0 0 0 0    0.1912177908E-16     0.3928992755E-17  0 0 0 0 0 0 0 0   -0.8553540289E-18    -0.1747146071E-18
    0.1391999969E+02  0 0 0 0 0 0 0 0    0.1459038706E-16     0.2996320562E-17  0 0 0 0 0 0 0 0   -0.6455718534E-18    -0.1318049478E-18
    0.1395999969E+02  0 0 0 0 0 0 0 0    0.1111514097E-16     0.2281440437E-17  0 0 0 0 0 0 0 0   -0.4864803380E-18    -0.9927930741E-19
    0.1399999969E+02  0 0 0 0 0 0 0 0    0.8454173615E-17     0.1734371081E-17  0 0 0 0 0 0 0 0   -0.3660206541E-18    -0.7466338165E-19
    0.1403999969E+02  0 0 0 0 0 0 0 0    0.6419980935E-17     0.1316391693E-17  0 0 0 0 0 0 0 0   -0.2749558035E-18    -0.5606291128E-19
    0.1407999969E+02  0 0 0 0 0 0 0 0    0.4867444840E-17     0.9975544783E-18  0 0 0 0 0 0 0 0   -0.2062217092E-18    -0.4203002708E-19
    0.1411999968E+02  0 0 0 0 0 0 0 0    0.3684438901E-17     0.7547352009E-18  0 0 0 0 0 0 0 0   -0.1544247885E-18    -0.3145983366E-19
    0.1415999968E+02  0 0 0 0 0 0 0 0    0.2784472565E-17     0.5701080010E-18  0 0 0 0 0 0 0 0   -0.1154535900E-18    -0.2351052260E-19
    0.1419999968E+02  0 0 0 0 0 0 0 0    0.2100941531E-17     0.4299541922E-18  0 0 0 0 0 0 0 0   -0.8617910073E-19    -0.1754176367E-19
    0.1423999968E+02  0 0 0 0 0 0 0 0    0.1582641380E-17     0.3237334973E-18  0 0 0 0 0 0 0 0   -0.6422386483E-19    -0.1306727097E-19
    0.1427999968E+02  0 0 0 0 0 0 0 0    0.1190272978E-17     0.2433611477E-18  0 0 0 0 0 0 0 0   -0.4778441184E-19    -0.9718343162E-20
    0.1431999968E+02  0 0 0 0 0 0 0 0    0.8937251597E-18     0.1826461878E-18  0 0 0 0 0 0 0 0   -0.3549491550E-19    -0.7215885750E-20
    0.1435999968E+02  0 0 0 0 0 0 0 0    0.6699654815E-18     0.1368557863E-18  0 0 0 0 0 0 0 0   -0.2632268512E-19    -0.5348977787E-20
    0.1439999968E+02  0 0 0 0 0 0 0 0    0.5014058338E-18     0.1023778734E-18  0 0 0 0 0 0 0 0   -0.1948819261E-19    -0.3958479703E-20
    0.1443999968E+02  0 0 0 0 0 0 0 0    0.3746382240E-18     0.7646036513E-19  0 0 0 0 0 0 0 0   -0.1440397788E-19    -0.2924517549E-20
    0.1447999968E+02  0 0 0 0 0 0 0 0    0.2794585994E-18     0.5700993810E-19  0 0 0 0 0 0 0 0   -0.1062805518E-19    -0.2156943009E-20
    0.1451999968E+02  0 0 0 0 0 0 0 0    0.2081144059E-18     0.4243702571E-19  0 0 0 0 0 0 0 0   -0.7828438612E-20    -0.1588073870E-20
    0.1455999967E+02  0 0 0 0 0 0 0 0    0.1547256223E-18     0.3153662679E-19  0 0 0 0 0 0 0 0   -0.5756179113E-20    -0.1167179145E-20
    0.1459999967E+02  0 0 0 0 0 0 0 0    0.1148400576E-18     0.2339681185E-19  0 0 0 0 0 0 0 0   -0.4224905550E-20    -0.8562966175E-21
    0.1463999967E+02  0 0 0 0 0 0 0 0    0.8509237685E-19     0.1732861362E-19  0 0 0 0 0 0 0 0   -0.3095327323E-20    -0.6270662656E-21
    0.1467999967E+02  0 0 0 0 0 0 0 0    0.6294312057E-19     0.1281239727E-19  0 0 0 0 0 0 0 0   -0.2263515275E-20    -0.4583368629E-21
    0.1471999967E+02  0 0 0 0 0 0 0 0    0.4647930561E-19     0.9456909273E-20  0 0 0 0 0 0 0 0   -0.1652054872E-20    -0.3343600541E-21
    0.1475999967E+02  0 0 0 0 0 0 0 0    0.3426234168E-19     0.6968061295E-20  0 0 0 0 0 0 0 0   -0.1203379063E-20    -0.2434300150E-21
    0.1479999967E+02  0 0 0 0 0 0 0 0    0.2521224467E-19     0.5125177584E-20  0 0 0 0 0 0 0 0   -0.8747524126E-21    -0.1768605057E-21
    0.1483999967E+02  0 0 0 0 0 0 0 0    0.1851963794E-19     0.3762952629E-20  0 0 0 0 0 0 0 0   -0.6345039915E-21    -0.1282169480E-21
    0.1487999967E+02  0 0 0 0 0 0 0 0    0.1357899302E-19     0.2757770845E-20  0 0 0 0 0 0 0 0   -0.4592029891E-21    -0.9274093537E-22
    0.1491999967E+02  0 0 0 0 0 0 0 0    0.9938069759E-20     0.2017351306E-20  0 0 0 0 0 0 0 0   -0.3315447852E-21    -0.6691969496E-22
    0.1495999967E+02  0 0 0 0 0 0 0 0    0.7259696845E-20     0.1472923932E-20  0 0 0 0 0 0 0 0   -0.2387714932E-21    -0.4816454496E-22
    0.1499999966E+02  0 0 0 0 0 0 0 0    0.5292929661E-20     0.1073328265E-20  0 0 0 0 0 0 0 0   -0.1714938853E-21    -0.3457116856E-22
    0.1503999966E+02  0 0 0 0 0 0 0 0    0.3851325019E-20     0.7805705827E-21  0 0 0 0 0 0 0 0   -0.1228142238E-21    -0.2474119579E-22
    0.1507999966E+02  0 0 0 0 0 0 0 0    0.2796603352E-20     0.5664843954E-21  0 0 0 0 0 0 0 0   -0.8767427482E-22    -0.1764964488E-22
    0.1511999966E+02  0 0 0 0 0 0 0 0    0.2026387308E-20     0.4102253570E-21  0 0 0 0 0 0 0 0   -0.6237154440E-22    -0.1254660740E-22
    0.1515999966E+02  0 0 0 0 0 0 0 0    0.1465013613E-20     0.2963949576E-21  0 0 0 0 0 0 0 0   -0.4420096173E-22    -0.8884458974E-23
    0.1519999966E+02  0 0 0 0 0 0 0 0    0.1056661961E-20     0.2136380143E-21  0 0 0 0 0 0 0 0   -0.3118994663E-22    -0.6264063041E-23
    0.1523999966E+02  0 0 0 0 0 0 0 0    0.7602240520E-21     0.1535958452E-21  0 0 0 0 0 0 0 0   -0.2190287087E-22    -0.4395082545E-23
    0.1527999966E+02  0 0 0 0 0 0 0 0    0.5454810602E-21     0.1101267302E-21  0 0 0 0 0 0 0 0   -0.1529699403E-22    -0.3066751880E-23
    0.1531999966E+02  0 0 0 0 0 0 0 0    0.3902597347E-21     0.7872620924E-22  0 0 0 0 0 0 0 0   -0.1061651342E-22    -0.2126390893E-23
    0.1535999966E+02  0 0 0 0 0 0 0 0    0.2783191104E-21     0.5609650822E-22  0 0 0 0 0 0 0 0   -0.7314786394E-23    -0.1463639042E-23
    0.1539999966E+02  0 0 0 0 0 0 0 0    0.1977862577E-21     0.3982795527E-22  0 0 0 0 0 0 0 0   -0.4997337726E-23    -0.9989079939E-24
    0.1543999965E+02  0 0 0 0 0 0 0 0    0.1399975755E-21     0.2816310373E-22  0 0 0 0 0 0 0 0   -0.3380174938E-23    -0.6749397098E-24
    0.1547999965E+02  0 0 0 0 0 0 0 0    0.9864341187E-22     0.1982267707E-22  0 0 0 0 0 0 0 0   -0.2259357020E-23    -0.4506465039E-24
    0.1551999965E+02  0 0 0 0 0 0 0 0    0.6913753704E-22     0.1387732322E-22  0 0 0 0 0 0 0 0   -0.1488820749E-23    -0.2966248421E-24
    0.1555999965E+02  0 0 0 0 0 0 0 0    0.4815335664E-22     0.9653323134E-23  0 0 0 0 0 0 0 0   -0.9642557475E-24    -0.1918946152E-24
    0.1559999965E+02  0 0 0 0 0 0 0 0    0.3328269285E-22     0.6663252727E-23  0 0 0 0 0 0 0 0   -0.6114009665E-24    -0.1215337833E-24
    0.1563999965E+02  0 0 0 0 0 0 0 0    0.2278589661E-22     0.4555225216E-23  0 0 0 0 0 0 0 0   -0.3775684731E-24    -0.7496625687E-25
    0.1567999965E+02  0 0 0 0 0 0 0 0    0.1540968925E-22     0.3075903471E-23  0 0 0 0 0 0 0 0   -0.2255173391E-24    -0.4472522868E-25
    0.1571999965E+02  0 0 0 0 0 0 0 0    0.1025300612E-22     0.2043278758E-23  0 0 0 0 0 0 0 0   -0.1290366411E-24    -0.2556209292E-25
    0.1575999965E+02  0 0 0 0 0 0 0 0    0.6670551481E-23     0.1327102911E-23  0 0 0 0 0 0 0 0   -0.6976831369E-25    -0.1380593108E-25
    0.1579999965E+02  0 0 0 0 0 0 0 0    0.4201612231E-23     0.8344584460E-24  0 0 0 0 0 0 0 0   -0.3492875765E-25    -0.6904519447E-26
    0.1583999965E+02  0 0 0 0 0 0 0 0    0.2519573090E-23     0.4995235562E-24  0 0 0 0 0 0 0 0   -0.1568070354E-25    -0.3096583055E-26
    0.1587999965E+02  0 0 0 0 0 0 0 0    0.1394121566E-23     0.2759210443E-24  0 0 0 0 0 0 0 0   -0.5976100092E-26    -0.1179046441E-26
    0.1591999964E+02  0 0 0 0 0 0 0 0    0.6663730930E-24     0.1316727442E-24  0 0 0 0 0 0 0 0   -0.1739758100E-26    -0.3429501195E-27
    0.1595999964E+02  0 0 0 0 0 0 0 0    0.2293276281E-24     0.4524744831E-25  0 0 0 0 0 0 0 0   -0.3018683968E-27    -0.5946004772E-28
    0.1599999964E+02  0 0 0 0 0 0 0 0    0.1590708910E-25     0.3133745328E-26  0 0 0 0 0 0 0 0   -0.1332371677E-28    -0.2623004158E-29
